87.08043675017812 99.98039514670965 93.13647328181855
87.08043675017812 99.98039514670965 93.13647328181855
87.08043675017812 99.98039514670965 93.13647328181855
87.05276158863715 99.98033173801875 93.11825532656262
87.08963553092406 99.8996356337137 93.09604392682952
87.08963553092406 99.8996356337137 93.09604392682952
87.08963553092406 99.8996356337137 93.09604392682952
87.05276158863715 99.89955454624858 93.08295941155981
87.06199980715456 99.89955454624858 93.0855802807959
87.06199980715456 99.89955454624858 93.0855802807959
87.03850083865122 99.86902423051735 93.05889699935503
87.03850083865122 99.86902423051735 93.05889699935503
87.05696628997171 99.8693408244594 93.07201831112565
87.05696628997171 99.8693408244594 93.07201831112565
87.05696628997171 99.8693408244594 93.07201831112565
87.03850083865122 99.86902423051735 93.05889699935503
87.05696628997171 99.78910751168605 93.03947395290898
87.05696628997171 99.78910751168605 93.03947395290898
87.05696628997171 99.78910751168605 93.03947395290898
87.02924834079333 99.78842672366785 93.02101782368779
87.06617929973066 99.78859733240346 93.0342107414371
87.06617929973066 99.78859733240346 93.0342107414371
87.06617929973066 99.78859733240346 93.0342107414371
87.02924834079333 99.78842672366785 93.02101782368779
87.03850083865122 99.78842672366785 93.02366040361865
87.03850083865122 99.78842672366785 93.02366040361865
87.03850083865122 99.78842672366785 93.02366040361865
87.03850083865122 99.78842672366785 93.02366040361865
87.05696628997171 99.78893772574959 93.0368433417432
87.05696628997171 99.78893772574959 93.0368433417432
87.03850083865122 99.78842672366785 93.02366040361865
87.03850083865122 99.78842672366785 93.02366040361865
87.05696628997171 99.8694460159276 93.0746366227107
87.05696628997171 99.8694460159276 93.0746366227107
87.03850083865122 99.86912993216568 93.06152523639936
87.02924834079333 99.86902423051735 93.05626677044714
87.06617929973066 99.86912993216568 93.06939801895182
87.06617929973066 99.86912993216568 93.06939801895182
87.02924834079333 99.86902423051735 93.05626677044714
87.02924834079333 99.86902423051735 93.05626677044714
87.03850083865122 99.86902423051735 93.05889699935503
87.03850083865122 99.86902423051735 93.05889699935503
87.03850083865122 99.86902423051735 93.05889699935503
87.03850083865122 99.86902423051735 93.05889699935503
87.05696628997171 99.8693408244594 93.07201831112565
87.05696628997171 99.8693408244594 93.07201831112565
87.03850083865122 99.86902423051735 93.05889699935503
87.03850083865122 99.86902423051735 93.05889699935503
87.05696628997171 99.8694460159276 93.0746366227107
87.05696628997171 99.8694460159276 93.0746366227107
87.02924834079333 99.71064053663028 93.2396100564392
86.84995860528697 99.87306311827015 93.06675133922627
86.88732313245147 99.87316582475016 93.07986423489
86.88732313245147 99.87316582475016 93.07986423489
86.85931968600893 99.87306311827015 93.06937789245198
86.86866744852249 99.87306311827015 93.07200245637378
86.86866744852249 99.87306311827015 93.07200245637378
86.86866744852249 99.87306311827015 93.07200245637378
86.85931968600893 99.87306311827015 93.06937789245198
86.86866744852249 99.87337073990787 93.07986423489
86.87800192122958 99.87337073990787 93.08248086415337
86.87800192122958 99.87337073990787 93.08248086415337
86.85931968600893 99.95407728137505 93.03413336062638
86.87800192122958 99.95422542886413 93.04992494409102
86.87800192122958 99.95422542886413 93.04992494409102
87.03853408784694 98.89640284600304 93.60047662581792
87.08215188164266 98.89369783155942 93.62394341545779
87.11892442922814 98.89460097522229 93.63606469778244
87.11892442922814 98.89460097522229 93.63606469778244
86.95835813158754 99.32110293309898 93.35976721788488
86.68087475759845 99.59619014177238 93.08748681502115
86.6903300076746 99.59619014177238 93.09010503040354
86.6903300076746 99.59619014177238 93.09010503040354
86.6903300076746 99.59619014177238 93.09010503040354
86.68087475759845 99.59619014177238 93.08748681502115
86.69977184270567 99.59717144295817 93.1005580881902
86.69977184270567 99.59717144295817 93.1005580881902
86.69977184270567 99.59717144295817 93.1005580881902
86.68087475759845 99.67765278600092 93.05222856908871
86.54048571373892 99.77392287291856 92.73930079894153
86.54048571373892 99.77392287291856 92.73930079894153
86.54048571373892 99.77392287291856 92.73930079894153
86.52139749707737 99.77337604323287 92.72560416029367
86.5595199419038 99.77355861348197 92.73930079894153
86.5595199419038 99.77355861348197 92.73930079894153
86.5595199419038 99.77355861348197 92.73930079894153
86.52139749707737 99.77319317834868 92.7228586292371
86.68087475759845 99.59619014177238 93.08748681502115
86.68087475759845 99.59619014177238 93.08748681502115
86.68087475759845 99.59619014177238 93.08748681502115
86.67140606386658 99.59619014177238 93.08486661476047
86.56864997319856 99.59717144295817 93.02544095268249
86.56864997319856 99.59717144295817 93.02544095268249
86.56864997319856 99.59717144295817 93.02544095268249
86.55912948523918 99.59717144295817 93.02280436470636
86.57815698352877 99.51734078797938 93.07369902407684
86.57815698352877 99.51734078797938 93.07369902407684
86.4194466191831 99.23431973082563 92.4402175564401
86.39060048222282 99.23063586320488 92.41463414634147
86.42903484333854 99.23125230082938 92.42886848912106
86.42903484333854 99.23125230082938 92.42886848912106
86.42903484333854 99.23125230082938 92.42886848912106
86.39060048222282 99.23001843617828 92.41178085255635
86.39060048222282 99.23001843617828 92.41178085255635
86.39060048222282 99.23001843617828 92.41178085255635
86.39060048222282 99.23001843617828 92.41178085255635
86.2224515931724 98.20757754642052 91.8707407332511
86.25162127107653 98.36772339238986 91.95759717314488
86.25162127107653 98.36772339238986 91.95759717314488
86.25162127107653 98.36772339238986 91.95759717314488
85.76553661592195 98.08580716913337 91.56157605744284
86.11687249062851 98.37288860380586 91.89110276572396
86.11687249062851 98.37288860380586 91.89110276572396
86.11687249062851 98.37288860380586 91.89110276572396
86.08748712863735 98.36512846953683 91.86382462875038
86.12664004563605 98.36642696146828 91.8790017645576
86.12664004563605 98.36642696146828 91.8790017645576
86.12664004563605 98.36642696146828 91.8790017645576
86.08748712863735 98.36382791167681 91.86078239164047
86.08748712863735 98.36382791167681 91.86078239164047
86.08748712863735 98.36382791167681 91.86078239164047
86.08748712863735 98.36382791167681 91.86078239164047
86.07766434500525 98.36382791167681 91.85773787860407
86.10709117221418 98.36772339238986 91.87597086888984
86.26478443342236 98.57069165627821 92.05425181412083
86.26478443342236 98.57069165627821 92.05425181412083
86.25508275585591 98.57069165627821 92.05127945889656
86.27447242503384 98.57522389338818 92.06908030787544
86.27447242503384 98.57522389338818 92.06908030787544
86.27447242503384 98.57522389338818 92.06908030787544
86.40382775119618 98.5281143078479 92.11413984866442
86.63236616108486 98.85235999654846 92.37826823061872
86.63236616108486 98.85235999654846 92.37826823061872
86.63236616108486 98.85235999654846 92.37826823061872
86.5944183370097 98.7715624257864 92.3263656123672
86.5944183370097 98.7715624257864 92.3263656123672
86.5944183370097 98.7715624257864 92.3263656123672
86.5944183370097 98.7715624257864 92.3263656123672
86.5848976928097 98.7715624257864 92.32348069947265
86.6039254772675 98.6958486667958 92.30324719431462
86.6039254772675 98.6958486667958 92.30324719431462
86.6039254772675 98.6958486667958 92.30324719431462
86.5944183370097 98.6958486667958 92.30035901908683
86.62289936071662 98.77839323285671 92.35509592811462
86.62289936071662 98.77839323285671 92.35509592811462
86.62289936071662 98.77839323285671 92.35509592811462
86.5944183370097 98.77254292863923 92.32924835771796
86.63236616108486 98.77352186752312 92.3436296566541
86.63236616108486 98.77352186752312 92.3436296566541
86.63236616108486 98.77352186752312 92.3436296566541
86.6039254772675 98.85052504213301 92.36394661466268
86.6039254772675 98.85052504213301 92.36394661466268
86.6039254772675 98.85052504213301 92.36394661466268
86.6039254772675 98.85052504213301 92.36394661466268
86.5848976928097 98.85052504213301 92.35820288676561
86.6039254772675 98.85327527859806 92.37254603561101
86.6039254772675 98.85327527859806 92.37254603561101
86.6039254772675 98.85327527859806 92.37254603561101
86.5944183370097 98.85327527859806 92.36968171484247
86.62289936071662 98.77839323285671 92.35509592811462
86.62289936071662 98.77839323285671 92.35509592811462
86.61341914229348 98.85418910187379 92.37826823061872
86.5944183370097 98.8514432522291 92.36394661466268
86.63236616108486 98.85235999654846 92.37826823061872
86.63236616108486 98.85235999654846 92.37826823061872
86.61341914229348 98.8514432522291 92.36968171484247
86.6039254772675 98.85052504213301 92.36394661466268
86.6039254772675 98.85052504213301 92.36394661466268
86.6039254772675 98.85052504213301 92.36394661466268
86.5848976928097 98.85052504213301 92.35820288676561
86.73973656379195 99.0088296398892 92.51524747233056
86.7585783137157 99.09035910289097 92.5641260255589
86.7585783137157 99.09035910289097 92.5641260255589
86.74916413665885 99.09035910289097 92.56132785484724
86.74916413665885 99.09035910289097 92.56132785484724
86.77736659444328 99.09325866896404 92.58087094123734
86.77736659444328 99.09325866896404 92.58087094123734
86.74916413665885 99.00962266190939 92.5208827210109
86.74916413665885 99.00962266190939 92.5208827210109
86.78674075493389 99.01041441597165 92.53493378828499
86.78674075493389 99.01041441597165 92.53493378828499
86.7585783137157 99.0088296398892 92.5208827210109
86.7585783137157 99.0088296398892 92.5208827210109
86.7585783137157 99.0088296398892 92.5208827210109
86.7585783137157 99.0088296398892 92.5208827210109
86.73973656379195 99.0088296398892 92.51524747233056
86.7585783137157 99.01120490511454 92.52931970161995
86.7585783137157 99.01120490511454 92.52931970161995
86.7585783137157 99.01120490511454 92.52931970161995
86.74916413665885 99.01120490511454 92.52650949055011
86.7585783137157 99.0925355118229 92.57250792103339
86.77736659444328 99.09325866896404 92.58087094123734
86.77736659444328 99.09325866896404 92.58087094123734
86.74916413665885 99.08890235457064 92.5557251908397
86.77736659444328 99.01041441597165 92.53212780007112
86.78674075493389 99.01041441597165 92.53493378828499
86.78674075493389 99.01041441597165 92.53493378828499
86.76797912349375 99.0088296398892 92.52369716447663
86.76797912349375 99.0088296398892 92.52369716447663
86.76797912349375 99.0088296398892 92.52369716447663
86.76797912349375 99.0088296398892 92.52369716447663
86.73973656379195 99.0088296398892 92.51524747233056
86.7585783137157 99.09035910289097 92.5641260255589
86.7585783137157 99.09035910289097 92.5641260255589
86.7585783137157 99.09035910289097 92.5641260255589
86.74916413665885 99.16963996107687 92.59617243379084
86.77736659444328 99.25144533609456 92.65041772832939
86.77736659444328 99.25144533609456 92.65041772832939
86.77736659444328 99.25144533609456 92.65041772832939
86.74916413665885 99.16830911178012 92.59059391322941
86.78674075493389 99.16897506925207 92.60452448220492
86.78674075493389 99.16897506925207 92.60452448220492
86.78674075493389 99.16897506925207 92.60452448220492
86.76797912349375 99.16764208609702 92.59338422391858
86.76797912349375 99.16764208609702 92.59338422391858
86.76797912349375 99.16764208609702 92.59338422391858
86.76797912349375 99.16764208609702 92.59338422391858
86.73973656379195 99.16764208609702 92.58500697989587
86.7585783137157 99.24904778393352 92.6338172901808
86.7585783137157 99.24904778393352 92.6338172901808
86.7585783137157 99.24904778393352 92.6338172901808
86.58943572825962 98.83836206896551 92.36030769855284
86.6179257019273 98.84205551258916 92.3803354352865
86.6179257019273 98.84205551258916 92.3803354352865
86.6179257019273 98.84205551258916 92.3803354352865
86.59894585529469 98.83928763701358 92.36604064414067
86.62739547871323 98.84021173129062 92.37748076144187
86.62739547871323 98.84021173129062 92.37748076144187
86.62739547871323 98.84021173129062 92.37748076144187
86.59894585529469 98.83557648685432 92.35456613584661
86.60844250363901 98.83557648685432 92.35743799555335
86.60844250363901 98.83557648685432 92.35743799555335
86.60844250363901 98.83557648685432 92.35743799555335
86.57991209381778 98.83557648685432 92.34881593657892
86.59894585529469 98.91724004054959 92.39785666443403
86.59894585529469 98.91724004054959 92.39785666443403
86.59894585529469 98.91724004054959 92.39785666443403
86.58943572825962 98.91724004054959 92.39500106597902
86.60844250363901 98.91982613934674 92.40925764546137
86.60844250363901 98.91982613934674 92.40925764546137
86.60844250363901 98.91982613934674 92.40925764546137
86.58943572825962 98.83836206896551 92.36030769855284
86.62739547871323 98.7615832813743 92.3428849054121
86.62739547871323 98.7615832813743 92.3428849054121
86.62739547871323 98.7615832813743 92.3428849054121
86.59894585529469 98.67782498975475 92.28520976679047
86.44949147357957 97.86724281772092 91.84089647165716
86.44949147357957 97.86724281772092 91.84089647165716
86.44949147357957 97.86724281772092 91.84089647165716
86.42067551775006 97.86724281772092 91.83174320827942
86.19267631448318 97.45239211008393 91.51765937739115
86.19267631448318 97.45239211008393 91.51765937739115
86.19267631448318 97.45239211008393 91.51765937739115
86.18291587856555 97.45239211008393 91.51449837340235
86.11529012968711 96.70782758693228 91.1512474012474
86.11529012968711 96.70782758693228 91.1512474012474
86.11529012968711 96.70782758693228 91.1512474012474
86.09569578732574 96.62473927058971 91.10110110110111
86.1348293239517 96.62999347876391 91.12083258424721
86.1348293239517 96.62999347876391 91.12083258424721
86.1348293239517 96.62999347876391 91.12083258424721
86.1054998666006 96.54139146215367 91.06075323192773
86.11529012968711 96.54139146215367 91.06406406406407
86.11529012968711 96.54139146215367 91.06406406406407
86.11529012968711 96.54139146215367 91.06406406406407
86.08587786259541 96.61682716675114 91.08789798700778
86.09569578732574 96.61682716675114 91.09120243714237
86.09569578732574 96.61682716675114 91.09120243714237
86.09569578732574 96.61682716675114 91.09120243714237
86.08587786259541 96.61682716675114 91.08789798700778
86.11529012968711 96.78315789473683 91.18496965333813
86.11529012968711 96.78315789473683 91.18496965333813
86.11529012968711 96.78315789473683 91.18496965333813
86.09569578732574 96.7756230348815 91.16863342215456
86.1348293239517 96.70526315789473 91.15451865913973
86.1348293239517 96.70526315789473 91.15451865913973
86.1348293239517 96.70526315789473 91.15451865913973
86.1054998666006 96.69238085173835 91.12828067221838
86.11529012968711 96.69238085173835 91.13156892993808
86.11529012968711 96.69238085173835 91.13156892993808
86.11529012968711 96.69238085173835 91.13156892993808
86.08587786259541 96.69238085173835 91.12169683598255
86.09569578732574 96.69238085173835 91.12498997513833
86.09569578732574 96.69238085173835 91.12498997513833
86.09569578732574 96.69238085173835 91.12498997513833
86.08587786259541 96.69238085173835 91.12169683598255
86.11529012968711 96.70782758693228 91.1512474012474
86.11529012968711 96.70782758693228 91.1512474012474
86.11529012968711 96.70782758693228 91.1512474012474
86.09569578732574 96.70012229578711 91.13485475100889
85.96154941071529 96.52846365604051 90.97907816270767
85.96154941071529 96.52846365604051 90.97907816270767
85.96154941071529 96.52846365604051 90.97907816270767
85.94180588022881 96.44241300867807 90.92543934141248
85.95168458236792 96.44241300867807 90.92879256965945
85.95168458236792 96.44241300867807 90.92879256965945
85.9319132750095 96.43963827230759 90.918725442166
85.91208623776329 96.51491498249018 90.94567001641511
85.92200673733895 96.51491498249018 90.94902196207914
85.92200673733895 96.51491498249018 90.94902196207914
85.91208623776329 96.51491498249018 90.94567001641511
85.91208623776329 96.51491498249018 90.94567001641511
85.94180588022881 96.53116075928104 90.97574844624455
85.94180588022881 96.53116075928104 90.97574844624455
85.92200673733895 96.5230568475996 90.95906292476214
85.92200673733895 96.5230568475996 90.95906292476214
85.95168458236792 96.52846365604051 90.97574844624455
85.95168458236792 96.52846365604051 90.97574844624455
85.9319132750095 96.5929707607274 90.98937808805584
85.9319132750095 96.5929707607274 90.98937808805584
86.0464674119705 97.04747774480713 91.2514031430404
85.51157298063296 96.4139818909244 90.67071652641538
85.47094378232943 96.41118580490169 90.65349695699891
85.47094378232943 96.41118580490169 90.65349695699891
85.4811224296588 96.41118580490169 90.65694595430202
85.4811224296588 96.41118580490169 90.65694595430202
85.47094378232943 96.41118580490169 90.65349695699891
85.4811224296588 96.41956101253048 90.66727769033055
85.50143699894116 96.4278972207656 90.68444656583435
85.50143699894116 96.4278972207656 90.68444656583435
85.4811224296588 96.41956101253048 90.66727769033055
85.49128682522563 96.42234406840193 90.67415282921196
85.51157298063296 96.42512280112516 90.68444656583435
85.51157298063296 96.42512280112516 90.68444656583435
85.49128682522563 96.4139818909244 90.66383631815509
85.50143699894116 96.4139818909244 90.66727769033055
85.51157298063296 96.4139818909244 90.67071652641538
85.51157298063296 96.4139818909244 90.67071652641538
85.47094378232943 96.41118580490169 90.65349695699891
85.4811224296588 96.41118580490169 90.65694595430202
85.4811224296588 96.41118580490169 90.65694595430202
85.4811224296588 96.41118580490169 90.65694595430202
85.47094378232943 96.41118580490169 90.65349695699891
85.50143699894116 96.4278972207656 90.68444656583435
85.50143699894116 96.4278972207656 90.68444656583435
85.50143699894116 96.4278972207656 90.68444656583435
85.4811224296588 96.41956101253048 90.66727769033055
85.51157298063296 96.42512280112516 90.68444656583435
85.51157298063296 96.42512280112516 90.68444656583435
85.51157298063296 96.42512280112516 90.68444656583435
85.49128682522563 96.4139818909244 90.66383631815509
85.51157298063296 96.33892313842658 90.63731931668858
85.51157298063296 96.33892313842658 90.63731931668858
85.51157298063296 96.33892313842658 90.63731931668858
85.47094378232943 96.33607075173721 90.62004448123511
85.4811224296588 96.33607075173721 90.62350454617962
85.4811224296588 96.33607075173721 90.62350454617962
85.4811224296588 96.33607075173721 90.62350454617962
85.47094378232943 96.33607075173721 90.62004448123511
85.50143699894116 96.35311871227364 90.65109343936382
85.50143699894116 96.35311871227364 90.65109343936382
85.67476932987249 96.53116075928104 90.82715004232857
85.6546568766957 96.5230568475996 90.81021752145281
85.67476932987249 96.45346883924071 90.79029928788407
85.67476932987249 96.45346883924071 90.79029928788407
85.67476932987249 96.45346883924071 90.79029928788407
85.6546568766957 96.36730999936859 90.73637996407903
85.68480442273467 96.36730999936859 90.74662865913825
85.68480442273467 96.36730999936859 90.74662865913825
85.68480442273467 96.36730999936859 90.74662865913825
85.6445794569964 96.36447889459939 90.72953487907654
85.6546568766957 96.36447889459939 90.73295868560534
85.6546568766957 96.36447889459939 90.73295868560534
85.6546568766957 96.36447889459939 90.73295868560534
85.6445794569964 96.36447889459939 90.72953487907654
85.67476932987249 96.38139963939788 90.76025836244389
85.67476932987249 96.38139963939788 90.76025836244389
85.67476932987249 96.38139963939788 90.76025836244389
85.6546568766957 96.37295900140795 90.74321494805272
85.67476932987249 96.45346883924071 90.79029928788407
85.67476932987249 96.45346883924071 90.79029928788407
85.67476932987249 96.45346883924071 90.79029928788407
85.6546568766957 96.44241300867807 90.7698910992883
85.68480442273467 96.44241300867807 90.78010648692842
85.68480442273467 96.44241300867807 90.78010648692842
85.68480442273467 96.44241300867807 90.78010648692842
85.6445794569964 96.43963827230759 90.7630682556014
85.6546568766957 96.43963827230759 90.76648093783076
85.6546568766957 96.43963827230759 90.76648093783076
85.6546568766957 96.43963827230759 90.76648093783076
85.6445794569964 96.43963827230759 90.7630682556014
85.66472015774306 96.37295900140795 90.74662865913825
85.66472015774306 96.37295900140795 90.74662865913825
85.66472015774306 96.37295900140795 90.74662865913825
85.6445794569964 96.36447889459939 90.72953487907654
85.67476932987249 96.37859046180314 90.7568547022162
85.67476932987249 96.37859046180314 90.7568547022162
85.67476932987249 96.37859046180314 90.7568547022162
85.6546568766957 96.36730999936859 90.73637996407903
85.68480442273467 96.36730999936859 90.74662865913825
85.82780201024084 96.36730999936859 90.82629211017228
85.82780201024084 96.36730999936859 90.82629211017228
85.78791221330493 96.36447889459939 90.8093305882588
85.79790569946218 96.36447889459939 90.81272790848693
85.79790569946218 96.36447889459939 90.81272790848693
85.79790569946218 96.36447889459939 90.81272790848693
85.78791221330493 96.36447889459939 90.8093305882588
85.80788514129443 96.37295900140795 90.82629211017228
85.80788514129443 96.37295900140795 90.82629211017228
85.80788514129443 96.37295900140795 90.82629211017228
85.78791221330493 96.36447889459939 90.8093305882588
85.81785056838669 96.45346883924071 90.86994228296301
85.81785056838669 96.45346883924071 90.86994228296301
85.81785056838669 96.45346883924071 90.86994228296301
85.79790569946218 96.44241300867807 90.84969279184774
85.82780201024084 96.44241300867807 90.8598287527693
85.82780201024084 96.44241300867807 90.8598287527693
85.82780201024084 96.44241300867807 90.8598287527693
85.78791221330493 96.43963827230759 90.84292298617291
85.79790569946218 96.43963827230759 90.8463091406984
85.45199878861295 95.89988680669099 90.41258031788976
85.75227458354702 96.27322657351488 90.74654580305086
85.74225432427295 96.27322657351488 90.74312650427939
85.76228076835471 96.35676016388275 90.79368561712822
85.76228076835471 96.35676016388275 90.79368561712822
85.76228076835471 96.35676016388275 90.79368561712822
85.74225432427295 96.34824361890321 90.77666993026556
85.77227290832874 96.4372690628149 90.83734417506203
85.77227290832874 96.4372690628149 90.83734417506203
85.77227290832874 96.4372690628149 90.83734417506203
85.75227458354702 96.42616460281359 90.81702969110465
85.78225103301868 96.42616460281359 90.82719818040343
85.78225103301868 96.42616460281359 90.82719818040343
85.77227290832874 96.42337766349823 90.82042169155818
85.74225432427295 96.42337766349823 90.81023816424639
85.75227458354702 96.42337766349823 90.81363518292804
85.75227458354702 96.42337766349823 90.81363518292804
85.74225432427295 96.42337766349823 90.81023816424639
85.74225432427295 96.42337766349823 90.81023816424639
85.76228076835471 96.50680751667684 90.8607354922409
86.24026568941822 97.02335618177203 91.35761589403974
86.1911494955671 96.87460297293865 91.26172636146322
86.1911494955671 96.87460297293865 91.26172636146322
86.22037485461513 96.88679842230707 91.28762843237396
86.22037485461513 96.88679842230707 91.28762843237396
86.20090504649343 96.72560576293385 91.20048139604854
86.20090504649343 96.72560576293385 91.20048139604854
86.23008917003277 96.72560576293385 91.2102663768145
86.23008917003277 96.72560576293385 91.2102663768145
86.1911494955671 96.723044397463 91.19394596330643
86.1911494955671 96.723044397463 91.19394596330643
86.20090504649343 96.723044397463 91.19721489269914
86.20090504649343 96.723044397463 91.19721489269914
86.1911494955671 96.723044397463 91.19394596330643
86.1911494955671 96.723044397463 91.19394596330643
86.21064682312536 96.7307165003902 91.2102663768145
86.21064682312536 96.7307165003902 91.2102663768145
86.1911494955671 96.723044397463 91.19394596330643
86.1911494955671 96.723044397463 91.19394596330643
86.21064682312536 96.73326589108076 91.21352320294818
86.21064682312536 96.73326589108076 91.21352320294818
86.0300568333524 96.56176787184195 91.03223027060604
86.04974480079225 96.56445081828919 91.04219206597014
86.06937735346698 96.56445081828919 91.04882097641953
86.06937735346698 96.56445081828919 91.04882097641953
86.0300568333524 96.56176787184195 91.03223027060604
86.0399077585714 96.56176787184195 91.03555332999498
86.0399077585714 96.56176787184195 91.03555332999498
86.0399077585714 96.56176787184195 91.03555332999498
86.0399077585714 96.56176787184195 91.03555332999498
86.05956798934247 96.5698041692988 91.05213175388613
86.05956798934247 96.5698041692988 91.05213175388613
86.05956798934247 96.5698041692988 91.05213175388613
86.0300568333524 96.56176787184195 91.03223027060604
86.04974480079225 96.647715308486 91.08582171643434
86.04974480079225 96.647715308486 91.08582171643434
86.04974480079225 96.647715308486 91.08582171643434
86.0300568333524 96.63723543576528 91.06598781270046
86.06937735346698 96.63986154203339 91.08252218365163
86.06937735346698 96.63986154203339 91.08252218365163
86.2136625138111 96.63986154203339 91.16277672644259
86.17468383448592 96.63723543576528 91.1463766952893
86.18444915335128 96.63723543576528 91.14966156931563
86.18444915335128 96.63723543576528 91.14966156931563
86.18444915335128 96.63723543576528 91.14966156931563
86.18444915335128 96.63723543576528 91.14966156931563
86.2039384638847 96.64510146882178 91.16604944450005
86.2039384638847 96.64510146882178 91.16604944450005
86.2039384638847 96.64510146882178 91.16604944450005
86.17468383448592 96.63723543576528 91.1463766952893
86.19420068676078 96.647715308486 91.16604944450005
86.19420068676078 96.647715308486 91.16604944450005
86.19420068676078 96.647715308486 91.16604944450005
86.17468383448592 96.56176787184195 91.1125595387315
86.2136625138111 96.56445081828919 91.12901611450306
86.2136625138111 96.56445081828919 91.12901611450306
86.2136625138111 96.56445081828919 91.12901611450306
86.17468383448592 96.63723543576528 91.1463766952893
86.18444915335128 96.63723543576528 91.14966156931563
86.18444915335128 96.63723543576528 91.14966156931563
86.59109653413122 97.31143914578637 91.67734062187975
86.04974745068141 96.63723543576528 91.07477431442685
86.06939606768306 96.64510146882178 91.09128730298424
86.06939606768306 96.64510146882178 91.09128730298424
86.06939606768306 96.64510146882178 91.09128730298424
86.03990234225986 96.63723543576528 91.0714643680465
86.05957868271685 96.57247459338902 91.0575932979436
86.05957868271685 96.57247459338902 91.0575932979436
86.05957868271685 96.57247459338902 91.0575932979436
86.03990234225986 96.56176787184195 91.03770276633904
86.07919963481436 96.63986154203339 91.0879895953179
86.07919963481436 96.63986154203339 91.0879895953179
86.07919963481436 96.63986154203339 91.0879895953179
86.03990234225986 96.63723543576528 91.0714643680465
86.04974745068141 96.63723543576528 91.07477431442685
86.04974745068141 96.63723543576528 91.07477431442685
86.04974745068141 96.63723543576528 91.07477431442685
86.04974745068141 96.63723543576528 91.07477431442685
86.06939606768306 96.79604888241626 91.15875017514362
86.06939606768306 96.79604888241626 91.15875017514362
86.42801169702415 97.41285923660232 91.63380281690141
85.10566101758818 96.2307012746624 90.36673990197735
85.12640951789311 96.31712588924097 90.42114037350903
85.12640951789311 96.31712588924097 90.42114037350903
85.12640951789311 96.31712588924097 90.42114037350903
85.09526504433126 96.30565203662772 90.39645824006367
85.13676210542157 96.30852719700475 90.41410129096326
85.13676210542157 96.30852719700475 90.41410129096326
85.13676210542157 96.30852719700475 90.41410129096326
85.09526504433126 96.30565203662772 90.39645824006367
85.10566101758818 96.2307012746624 90.36673990197735
85.10566101758818 96.2307012746624 90.36673990197735
85.10566101758818 96.2307012746624 90.36673990197735
85.10566101758818 96.2307012746624 90.36673990197735
85.12640951789311 96.23948124986885 90.38442455395241
85.12640951789311 96.23948124986885 90.38442455395241
85.12640951789311 96.23948124986885 90.38442455395241
85.10566101758818 96.08114919354838 90.30030895165055
85.12640951789311 96.09329201909388 90.32165336769589
85.12640951789311 96.09329201909388 90.32165336769589
85.12640951789311 96.09329201909388 90.32165336769589
85.09526504433126 96.00654733175246 90.2635526459573
85.13676210542157 95.93521486789449 90.24830252267432
85.13676210542157 95.93521486789449 90.24830252267432
85.13676210542157 95.93521486789449 90.24830252267432
85.09526504433126 96.00654733175246 90.2635526459573
85.10566101758818 96.00654733175246 90.26713008937438
85.10566101758818 96.00654733175246 90.26713008937438
85.10566101758818 96.00654733175246 90.26713008937438
85.10566101758818 96.00654733175246 90.26713008937438
85.12640951789311 96.1648144265045 90.35125135153902
85.12640951789311 96.1648144265045 90.35125135153902
85.12640951789311 96.1648144265045 90.35125135153902
85.10566101758818 96.15586708421783 90.33351221354322
85.12640951789311 96.16778762545309 90.35479136918927
85.12640951789311 96.16778762545309 90.35479136918927
85.12640951789311 96.16778762545309 90.35479136918927
85.09526504433126 96.00654733175246 90.2635526459573
85.13676210542157 96.00964562801425 90.28141361256544
85.89736265828812 96.08518502961314 90.74493902865304
85.89736265828812 96.08518502961314 90.74493902865304
86.53506752608962 96.62498943989186 91.34062487434154
86.63263739637704 96.73326990168094 91.44124659229229
86.63263739637704 96.73326990168094 91.44124659229229
86.63263739637704 96.73326990168094 91.44124659229229
86.63263739637704 96.73326990168094 91.44124659229229
86.06120584652862 96.01582782011558 90.80432268612672
86.06120584652862 96.01582782011558 90.80432268612672
86.0415475509815 95.85769061537495 90.72028104633871
86.0415475509815 95.85769061537495 90.72028104633871
86.06120584652862 95.87049608355092 90.74079606448979
86.06120584652862 95.87049608355092 90.74079606448979
86.05138362504047 95.86089942215895 90.72712947911161
86.03169759502603 95.85769061537495 90.71685303514377
86.07101424468915 95.86089942215895 90.73396781105187
86.07101424468915 95.86089942215895 90.73396781105187
86.32640563401846 96.21855808866829 91.04226368209054
86.32640563401846 96.21855808866829 91.04226368209054
86.3360807787191 96.21855808866829 91.0455833892567
86.3360807787191 96.21855808866829 91.0455833892567
86.3360807787191 96.21855808866829 91.0455833892567
86.3360807787191 96.21855808866829 91.0455833892567
86.35539005060632 96.37700956183672 91.1295647823912
86.35539005060632 96.37700956183672 91.1295647823912
86.3360807787191 96.3685385684796 91.11311582218214
86.92789063252143 97.09665096141602 91.76804337072073
86.94649003057164 97.10574197097279 91.78645177537145
86.94649003057164 97.10574197097279 91.78645177537145
86.91857104320012 97.17295724389882 91.79927055233938
86.91857104320012 97.17295724389882 91.79927055233938
87.96649043694605 98.26590835926602 92.86435543588017
87.96649043694605 98.26590835926602 92.86435543588017
87.8683990104603 98.26453026332746 92.81577200061291
87.87713629462374 98.26453026332746 92.81848629661398
87.87713629462374 98.26453026332746 92.81848629661398
87.87713629462374 98.26453026332746 92.81848629661398
87.94047178448292 98.26453026332746 92.85356759793657
87.94915716120994 98.42472368279859 92.93449968867704
87.95783003637354 98.42472368279859 92.93716711221762
87.95783003637354 98.42472368279859 92.93716711221762
87.94047178448292 98.38074962905618 92.90576451349142
88.20316766794102 98.62054146970348 93.16313593980043
87.84164416558208 98.37745150573357 92.8536490920578
87.84164416558208 98.37745150573357 92.8536490920578
87.88740071639931 98.45184595867289 92.91034482758621
87.92219892848824 98.45307665864557 92.92372017132368
87.92219892848824 98.45307665864557 92.92372017132368
87.92219892848824 98.45307665864557 92.92372017132368
87.82414162046493 98.37228804266024 92.8374458697606
87.83289918743439 98.37228804266024 92.84015150741712
87.83289918743439 98.37228804266024 92.84015150741712
87.83289918743439 98.37228804266024 92.84015150741712
87.82414162046493 98.37228804266024 92.8374458697606
87.84164416558208 98.53257133035407 92.92104914152802
87.84164416558208 98.53257133035407 92.92104914152802
88.2582559138106 99.00906735751296 93.36586165894461
88.24127281967084 99.08602616304253 93.38874391271293
88.2582559138106 99.16816109586674 93.43922722751465
88.2582559138106 99.16816109586674 93.43922722751465
88.2582559138106 99.16816109586674 93.43922722751465
88.68328520635669 99.32535034057877 93.7436214628112
88.71609049064733 99.24629645672702 93.71985148158434
88.71609049064733 99.24629645672702 93.71985148158434
88.71609049064733 99.24629645672702 93.71985148158434
88.35352369023622 98.83771171793985 93.33983673050264
88.35352369023622 98.83771171793985 93.33983673050264
88.51983294445208 99.45652173913044 93.7093432026474
88.51983294445208 99.45652173913044 93.7093432026474
88.51149831253434 99.45652173913044 93.70694278288849
88.5364659813999 99.45783001886751 93.72131788529212
88.5364659813999 99.45783001886751 93.72131788529212
88.5364659813999 99.45783001886751 93.72131788529212
88.93766116174243 99.73251565762004 94.06945147592135
89.39477738711335 99.65560561427829 94.29200157034528
89.48846222292528 99.770139867722 94.39537481383418
89.48846222292528 99.770139867722 94.39537481383418
88.41062196459345 98.47725561888375 93.21128752857246
88.26142873845434 98.25464213731291 93.02237739393196
88.26142873845434 98.25464213731291 93.02237739393196
88.26142873845434 98.25464213731291 93.02237739393196
88.22747703732657 98.2518683961859 93.00652792272905
88.22747703732657 98.2518683961859 93.00652792272905
88.22747703732657 98.2518683961859 93.00652792272905
88.22747703732657 98.2518683961859 93.00652792272905
88.21895840259715 98.2518683961859 93.0038793412285
88.24447740223246 98.2560257096947 93.01974080617653
88.24447740223246 98.2560257096947 93.01974080617653
88.24447740223246 98.2560257096947 93.01974080617653
88.23598336164977 98.2560257096947 93.01710222512821
88.2529591856633 98.33924678322575 93.0680045275169
88.2529591856633 98.33924678322575 93.0680045275169
88.2529591856633 98.33924678322575 93.0680045275169
88.22747703732657 98.2532563678891 93.00917449959599
88.26142873845434 98.25464213731291 93.02237739393196
88.26142873845434 98.25464213731291 93.02237739393196
88.26142873845434 98.25464213731291 93.02237739393196
88.22747703732657 98.2518683961859 93.00652792272905
88.22747703732657 98.2518683961859 93.00652792272905
88.22747703732657 98.2518683961859 93.00652792272905
88.22747703732657 98.2518683961859 93.00652792272905
88.63149621770312 98.95957258116847 93.55064555319895
87.96296296296296 98.2560257096947 92.86420684522292
87.96296296296296 98.2560257096947 92.86420684522292
87.96296296296296 98.2560257096947 92.86420684522292
87.95429327830877 98.2560257096947 92.86151398323236
87.97162017688794 98.33924678322575 92.91262432429681
87.97162017688794 98.33924678322575 92.91262432429681
87.97162017688794 98.33924678322575 92.91262432429681
87.94561109595979 98.33132892363199 92.88851661933849
87.98026494697176 98.33265380571233 92.90192999806285
87.98026494697176 98.33265380571233 92.90192999806285
87.98026494697176 98.33265380571233 92.90192999806285
87.94561109595979 98.3300019343607 92.88582785788006
87.94561109595979 98.3300019343607 92.88582785788006
87.94561109595979 98.3300019343607 92.88582785788006
87.94561109595979 98.3300019343607 92.88582785788006
87.93691638887265 98.3300019343607 92.88313706247956
87.89098972922503 98.33397658561688 92.86151398323236
87.89098972922503 98.33397658561688 92.86151398323236
88.38269238292712 98.71284358251361 93.30402434900236
88.21368556801751 98.55586358068467 93.14202085742649
87.6869720220104 97.84568925183956 92.53300079080236
87.59701925868576 97.73552841210834 92.43366416852339
87.59701925868576 97.73552841210834 92.43366416852339
87.57031462156186 97.80203349282297 92.44281793229644
87.60589532319834 97.80376923569462 92.45700370351581
87.60589532319834 97.80376923569462 92.45700370351581
87.60589532319834 97.80376923569462 92.45700370351581
87.18715628195974 97.39637664190066 92.04421231628811
87.09808003701134 97.28660740866755 91.94556227376594
87.09808003701134 97.28660740866755 91.94556227376594
87.09808003701134 97.28660740866755 91.94556227376594
87.07964943438478 97.28660740866755 91.93953130691706
87.09808003701134 97.29299700871927 91.95459182127598
87.09808003701134 97.29299700871927 91.95459182127598
87.09808003701134 97.29299700871927 91.95459182127598
87.08887131310404 97.29299700871927 91.95158422243776
87.11645813282001 97.37766677954622 92.00689530030847
87.11645813282001 97.37766677954622 92.00689530030847
87.1072756342342 97.3714916095636 91.994952044422
87.08887131310404 97.36528728788329 91.97997269003186
86.94667332130379 97.26196035148789 91.84843964196436
86.94667332130379 97.26196035148789 91.84843964196436
86.93739554718866 97.25980839900589 91.84235479250307
86.91880037704635 97.25765306122449 91.83321046625531
86.91880037704635 97.25765306122449 91.83321046625531
86.91880037704635 97.25765306122449 91.83321046625531
86.90948292457551 97.25765306122449 91.83015780009293
86.90015218940839 97.25765306122449 91.82710285096363
86.91880037704635 97.26410892663995 91.84235479250307
86.91880037704635 97.26410892663995 91.84235479250307
86.90948292457551 97.26410892663995 91.83930895990797
86.90948292457551 97.26410892663995 91.83930895990797
86.93739554718866 97.27266961246538 91.86058214903981
86.93739554718866 97.27266961246538 91.86058214903981
86.90948292457551 97.18342743133675 91.79890975166566
86.90948292457551 97.18342743133675 91.79890975166566
86.94667332130379 97.18563763228775 91.81419718877525
86.94667332130379 97.18563763228775 91.81419718877525
86.91880037704635 97.18121375618666 91.79890975166566
86.93050638756348 96.77624063967508 91.62317380352644
87.1115138428318 96.67603490902944 91.677672369469
87.90637950154672 97.3507819980849 92.42026952862979
89.06725111558661 98.01611106350158 93.3622408088613
90.50015034579533 98.42683607331416 94.33140890763794
93.1685087429891 98.85536588593358 97.02572518595878
94.36519705102234 97.70020075842069 98.2051752219262
94.36083939469944 97.70020075842069 98.20445863996375
94.36519705102234 97.62159273115981 98.24648380664979
94.37389219059536 97.62355087781758 98.24857905614881
94.37389219059536 97.62355087781758 98.24857905614881
94.36083939469944 97.52696835414709 98.28156410090136
94.37389219059536 97.52901451284689 98.28430843602305
93.59231325550161 98.59927861742382 97.36605902592268
93.59231325550161 98.59927861742382 97.36605902592268
93.58250036216138 98.59698118225946 97.36188702669149
93.58250036216138 98.59698118225946 97.36188702669149
93.58250036216138 98.59698118225946 97.36188702669149
93.58250036216138 98.59698118225946 97.36188702669149
93.56772453847749 98.59698118225946 97.35874934370547
93.57758263606992 98.60042451578667 97.3639746770468
93.57758263606992 98.60042451578667 97.3639746770468
93.57758263606992 98.60042451578667 97.3639746770468
93.57265736729745 98.60042451578667 97.36293126504412
93.11373549502099 98.987880916835 96.93793015549325
92.51226492232216 99.60942614008292 96.32612137203166
92.51226492232216 99.60942614008292 96.32612137203166
92.49523653424573 99.77015016855655 96.23773692732641
92.51792389239537 99.77033618408102 96.24508851240019
92.51792389239537 99.77033618408102 96.24508851240019
92.51792389239537 99.77033618408102 96.24508851240019
92.50659738559418 99.76996385146238 96.2392095463778
92.50659738559418 99.76996385146238 96.2392095463778
92.50659738559418 99.76996385146238 96.2392095463778
92.50659738559418 99.76996385146238 96.2392095463778
92.48954318051341 99.76996385146238 96.23478822669647
92.50092126274414 99.85150568864238 96.20452456175572
92.50092126274414 99.85150568864238 96.20452456175572
92.50092126274414 99.85150568864238 96.20452456175572
92.49523653424573 99.85150568864238 96.20304010486036
92.34614756774404 99.8519840665201 96.1242351156937
92.34614756774404 99.8519840665201 96.1242351156937
92.34614756774404 99.8519840665201 96.1242351156937
92.33457309845915 99.85162557276894 96.11666877717276
92.35192170455704 99.77089242854026 96.16021080368907
92.35192170455704 99.77089242854026 96.16021080368907
92.35192170455704 99.77089242854026 96.16021080368907
92.33457309845915 99.76996385146238 96.14819357362629
92.34036470564212 99.76996385146238 96.14969983935065
92.34036470564212 99.76996385146238 96.14969983935065
92.34036470564212 99.76996385146238 96.14969983935065
92.32296356938191 99.76996385146238 96.14517750383578
92.33457309845915 99.68940702990004 96.19029507781053
92.33457309845915 99.68940702990004 96.19029507781053
92.33457309845915 99.68940702990004 96.19029507781053
92.32877272634313 99.68940702990004 96.18880527606325
92.34036470564212 99.77107724507816 96.15871275227231
92.34036470564212 99.77107724507816 96.15871275227231
92.34036470564212 99.77107724507816 96.15871275227231
92.32877272634313 99.68940702990004 96.18880527606325
92.35192170455704 99.6899089380473 96.19772664965521
92.15087890625 99.88230422179114 96.00033672513759
92.15087890625 99.88230422179114 96.00033672513759
92.13311310943904 99.88182773109243 95.98784002026663
92.13904397082196 99.88182773109243 95.98940637727647
92.13904397082196 99.88182773109243 95.98940637727647
92.13904397082196 99.88182773109243 95.98940637727647
92.1212244981314 99.88182773109243 95.98470363288719
92.13311310943904 99.88211408736656 95.99253542510121
92.13311310943904 99.88211408736656 95.99253542510121
92.13311310943904 99.88211408736656 95.99253542510121
92.12717329197616 99.88211408736656 95.99097151174442
92.13904397082196 99.88239905919247 95.99877889595352
92.13904397082196 99.88239905919247 95.99877889595352
92.13904397082196 99.88239905919247 95.99877889595352
92.12717329197616 99.96291772096676 95.95352564102564
92.15087890625 99.88230422179114 96.00033672513759
92.15087890625 99.88230422179114 96.00033672513759
92.15087890625 99.88230422179114 96.00033672513759
92.13311310943904 99.80069646729012 96.02534318901796
92.13904397082196 99.80069646729012 96.0268955107297
92.13904397082196 99.80069646729012 96.0268955107297
92.13904397082196 99.80069646729012 96.0268955107297
92.1212244981314 99.80069646729012 96.02223490372624
92.12717329197616 99.80069646729012 96.02378965382462
92.12717329197616 99.80069646729012 96.02378965382462
92.12717329197616 99.80069646729012 96.02378965382462
92.1212244981314 99.80069646729012 96.02223490372624
92.13904397082196 99.63979304473115 96.11108183590662
92.13904397082196 99.63979304473115 96.11108183590662
92.13904397082196 99.63979304473115 96.11108183590662
92.12717329197616 99.63891806722688 96.10348468848997
92.15087890625 99.72056672560963 96.07514822186417
92.15087890625 99.72056672560963 96.07514822186417
92.15087890625 99.72056672560963 96.07514822186417
92.13311310943904 99.5079734657119 96.16039421785612
92.13904397082196 99.5079734657119 96.16189590292166
92.13904397082196 99.5079734657119 96.16189590292166
92.13904397082196 99.5079734657119 96.16189590292166
92.1212244981314 99.5079734657119 96.15738731969564
91.90773803464913 99.86648865153538 95.87490771015716
92.06517527581214 99.68205240653437 96.04509625747554
92.06517527581214 99.68205240653437 96.04509625747554
92.05918367346939 99.60059691011236 96.08112680822265
92.07713139622487 99.60253330421489 96.09487782004405
92.07713139622487 99.60253330421489 96.09487782004405
92.07713139622487 99.60253330421489 96.09487782004405
92.06517527581214 99.6015674598831 96.08725030617848
92.0890515401037 99.60221187681681 96.09639975562999
92.0890515401037 99.60221187681681 96.09639975562999
92.0890515401037 99.60221187681681 96.09639975562999
92.07713139622487 99.60092095165004 96.08725030617848
92.08309595507447 99.60092095165004 96.08877819171953
92.08309595507447 99.60092095165004 96.08877819171953
92.07115784325713 99.60059691011236 96.08419095116332
92.05918367346939 99.60059691011236 96.08112680822265
92.06517527581214 99.60059691011236 96.08265947888589
92.06517527581214 99.60059691011236 96.08265947888589
92.05918367346939 99.60059691011236 96.08112680822265
92.05918367346939 99.60059691011236 96.08112680822265
91.86762285923247 99.9934738628206 95.80111774098664
92.59562617741011 99.70110177811716 96.32833708316168
92.58438948361429 99.70037617006386 96.3211481065978
92.58438948361429 99.70037617006386 96.3211481065978
92.60123176395965 99.7008602995764 96.32833708316168
92.60123176395965 99.7008602995764 96.32833708316168
92.59001209041169 99.69989047097481 96.31970693178329
92.59001209041169 99.69989047097481 96.31970693178329
92.60123176395965 99.69989047097481 96.32258815314792
92.60123176395965 99.69989047097481 96.32258815314792
92.57875833760903 99.69964703045184 96.31537662447795
92.57875833760903 99.69964703045184 96.31537662447795
92.40247247124319 99.67103113221934 95.92650830000316
92.40247247124319 99.67103113221934 95.92650830000316
92.39671452858401 99.67103113221934 95.92491712590528
92.40247247124319 99.75203915171289 95.96870287769026
92.41396223330337 99.75263637547195 95.97655181123577
92.41396223330337 99.75263637547195 95.97655181123577
92.40247247124319 99.67182474137182 95.93127437546116
92.40822169956027 99.67208842754457 95.93444556791371
92.41969409218078 99.59239425015718 95.9018634585454
92.41969409218078 99.59239425015718 95.9018634585454
92.40822169956027 99.5910821098423 95.89227363760936
92.41396223330337 99.5910821098423 95.89387505663439
92.41969409218078 99.5910821098423 95.89547522750253
92.41969409218078 99.5910821098423 95.89547522750253
92.39671452858401 99.59075275371151 95.88746187697211
92.40247247124319 99.510603588907 95.85165501460462
92.40247247124319 99.510603588907 95.85165501460462
92.40247247124319 99.510603588907 95.85165501460462
92.39671452858401 99.510603588907 95.85003586649225
92.41396223330337 99.59272097053726 95.9018634585454
92.41396223330337 99.59272097053726 95.9018634585454
92.41396223330337 99.59272097053726 95.9018634585454
92.40247247124319 99.59173923429391 95.89387505663439
92.41969409218078 99.59239425015718 95.9018634585454
92.41969409218078 99.59239425015718 95.9018634585454
92.41969409218078 99.59239425015718 95.9018634585454
92.40822169956027 99.51099713118316 95.8548895234282
92.41969409218078 99.51099713118316 95.8581189922195
92.46501174788028 99.74077462641048 95.98949931998608
92.09996133417448 99.51099713118316 95.68685562947316
92.07609560939764 99.59075275371151 95.71574545186402
92.08207554866607 99.59075275371151 95.71741465366553
92.08207554866607 99.59075275371151 95.71741465366553
92.08207554866607 99.59075275371151 95.71741465366553
92.07609560939764 99.59075275371151 95.71574545186402
92.09400839069691 99.67261453071136 95.7679180887372
92.09400839069691 99.67261453071136 95.7679180887372
92.09400839069691 99.67261453071136 95.7679180887372
92.08207554866607 99.67182474137182 95.75968013468014
92.09400839069691 99.67235169031811 95.76627305962937
92.09400839069691 99.67235169031811 95.76627305962937
92.09400839069691 99.67235169031811 95.76627305962937
92.08207554866607 99.67129609473638 95.75637596613524
92.09996133417448 99.67129609473638 95.76133029018585
92.09996133417448 99.67129609473638 95.76133029018585
92.09996133417448 99.67129609473638 95.76133029018585
92.07609560939764 99.67103113221934 95.75306664418497
92.08207554866607 99.67103113221934 95.75472195008902
92.45735116426714 99.93657181601452 96.13855103120042
92.29291029519993 99.95845269073494 96.04002239901952
92.28707624951412 99.95845269073494 96.03847373427756
92.30455194937743 99.87803815663385 96.08981518555201
92.30455194937743 99.87803815663385 96.08981518555201
92.30455194937743 99.87803815663385 96.08981518555201
92.29291029519993 99.9585532917412 96.04466113679057
92.30455194937743 99.95862008885791 96.05082924156534
92.30455194937743 99.95862008885791 96.05082924156534
92.30455194937743 99.95862008885791 96.05082924156534
92.29291029519993 99.95848627862262 96.04156985340713
92.31035959777265 99.95848627862262 96.0462049686165
92.31035959777265 99.95848627862262 96.0462049686165
92.31035959777265 99.95848627862262 96.0462049686165
92.28707624951412 99.87744561649232 96.0760470747465
92.29291029519993 99.87744561649232 96.07758165098826
92.29291029519993 99.87744561649232 96.07758165098826
92.29291029519993 99.87744561649232 96.07758165098826
92.28707624951412 99.87744561649232 96.0760470747465
92.29873552182706 99.79680125852124 96.12124027406806
92.50092126274414 99.603765323993 96.3195311342911
92.50092126274414 99.603765323993 96.3195311342911
92.48954318051341 99.60280014922425 96.31231384021794
92.50659738559418 99.44176882661996 96.39922591288348
92.50659738559418 99.44176882661996 96.39922591288348
92.50659738559418 99.44176882661996 96.39922591288348
92.49523653424573 99.35817122760743 96.42857142857143
92.51226492232216 99.43995431784239 96.39499428281032
92.51226492232216 99.43995431784239 96.39499428281032
92.51226492232216 99.43995431784239 96.39499428281032
92.48954318051341 99.43949884602704 96.38791942036981
92.49523653424573 99.43949884602704 96.38933661350526
92.49523653424573 99.43949884602704 96.38933661350526
92.49523653424573 99.43949884602704 96.38933661350526
92.48954318051341 99.43949884602704 96.38791942036981
92.50092126274414 99.44086304433627 96.39499428281032
92.50092126274414 99.44086304433627 96.39499428281032
92.50092126274414 99.44086304433627 96.39499428281032
92.48954318051341 99.43949884602704 96.38791942036981
92.50659738559418 99.44176882661996 96.39922591288348
92.34036470564212 99.44176882661996 96.30960053248249
92.34036470564212 99.44176882661996 96.30960053248249
92.32877272634313 99.52160459961816 96.26320580949759
92.34614756774404 99.52160459961816 96.26759148630217
92.34614756774404 99.52160459961816 96.26759148630217
92.34614756774404 99.52160459961816 96.26759148630217
92.32296356938191 99.52121584819467 96.26027629460123
92.32877272634313 99.52121584819467 96.26174162598355
92.32877272634313 99.52121584819467 96.26174162598355
92.32877272634313 99.52121584819467 96.26174162598355
92.32296356938191 99.52121584819467 96.26027629460123
92.33457309845915 99.44086304433627 96.30526761159297
92.33457309845915 99.44086304433627 96.30526761159297
92.33457309845915 99.44086304433627 96.30526761159297
92.32296356938191 99.43949884602704 96.29802342218218
92.34036470564212 99.44176882661996 96.30960053248249
92.34036470564212 99.44176882661996 96.30960053248249
92.34036470564212 99.44176882661996 96.30960053248249
92.32877272634313 99.43995431784239 96.3009245041248
92.34614756774404 99.52160459961816 96.26759148630217
92.17311608961303 99.68231015292932 96.09993455911845
91.82153871124818 99.89286807468626 95.8127249384379
91.7969067969068 99.89278133957681 95.80455710083193
91.80307867499033 99.89278133957681 95.80619321655178
91.80307867499033 99.89278133957681 95.80619321655178
91.7969067969068 99.89278133957681 95.80455710083193
91.7969067969068 99.89278133957681 95.80455710083193
91.80924127280855 99.89304112459617 95.8127249384379
91.80924127280855 99.89304112459617 95.8127249384379
91.80307867499033 99.89278133957681 95.80619321655178
91.7969067969068 99.89278133957681 95.80455710083193
91.81539461127693 99.89321361635358 95.81761039343263
91.81539461127693 99.89321361635358 95.81761039343263
91.80307867499033 99.89286807468626 95.8078280566823
91.80307867499033 99.89286807468626 95.8078280566823
91.82153871124818 99.89286807468626 95.8127249384379
91.82153871124818 99.89286807468626 95.8127249384379
91.7969067969068 99.89278133957681 95.80455710083193
91.7969067969068 99.89278133957681 95.80455710083193
91.98264094048614 99.47043441956535 96.09789618352892
92.18360762853759 99.27566544109553 96.29641400497908
92.17769785642766 99.27566544109553 96.29496174145277
92.17769785642766 99.27566544109553 96.29496174145277
92.18950847768869 99.27743125713783 96.3022116920343
92.18950847768869 99.27743125713783 96.3022116920343
92.17769785642766 99.27566544109553 96.29496174145277
92.17769785642766 99.27566544109553 96.29496174145277
92.18950847768869 99.19616972678556 96.34134732344013
92.18950847768869 99.19616972678556 96.34134732344013
92.35887881083515 98.63292934216649 96.68844574031115
92.36466303858587 98.63404914766438 96.69105137801974
92.3819632978832 98.63404914766438 96.69495215539672
92.3819632978832 98.63404914766438 96.69495215539672
92.35887881083515 98.63292934216649 96.68844574031115
92.36466303858587 98.63292934216649 96.68974907191712
92.36466303858587 98.63292934216649 96.68974907191712
92.36466303858587 98.63292934216649 96.68974907191712
92.36466303858587 98.63292934216649 96.68974907191712
92.37620526229776 98.71910956030123 96.65828319166322
92.37620526229776 98.71910956030123 96.65828319166322
92.19164118246687 98.93783468124022 96.45765601668978
92.50851072556499 98.7159619216294 96.73167823531917
92.33834709392626 99.19616972678556 96.42191734417345
92.33834709392626 99.19616972678556 96.42191734417345
92.33834709392626 99.19616972678556 96.42191734417345
92.32674280568177 99.27566544109553 96.3756509933283
92.34991633677508 99.27625500461966 96.38274898373984
92.53117971784911 97.98360144378593 97.07331115660183
92.53117971784911 97.98360144378593 97.07331115660183
92.50851072556499 97.98193778570632 97.06752700118581
92.5141908645669 97.98193778570632 97.06868566058691
92.5141908645669 97.98193778570632 97.06868566058691
92.5141908645669 97.98193778570632 97.06868566058691
92.5141908645669 97.98193778570632 97.06868566058691
92.52552534119043 97.98692054453242 97.07446525061549
92.52552534119043 97.98692054453242 97.07446525061549
92.70762859544458 96.88596096771292 97.67406946693404
92.6909957670653 97.0498886113549 97.59089200365179
92.7020927369717 97.05968107295848 97.59662262796404
92.7020927369717 97.05968107295848 97.59662262796404
92.69258385475433 97.2302456281767 97.51407832473289
92.68147356742207 97.2210365511199 97.5081559065934
92.70366046006677 97.22334455667789 97.51309321080872
92.70366046006677 97.22334455667789 97.51309321080872
92.70366046006677 97.22334455667789 97.51309321080872
92.68147356742207 97.2210365511199 97.5081559065934
92.68703293093536 97.2210365511199 97.5091449351541
92.68703293093536 97.2210365511199 97.5091449351541
92.68703293093536 97.2210365511199 97.5091449351541
92.68703293093536 97.2210365511199 97.5091449351541
92.6981263580829 97.14266490232579 97.55272092450386
92.6981263580829 97.14266490232579 97.55272092450386
92.6981263580829 97.14266490232579 97.55272092450386
92.68147356742207 97.13553377102258 97.54688825190291
92.69258385475433 97.14503406238795 97.55272092450386
92.69258385475433 97.14503406238795 97.55272092450386
92.69258385475433 97.14503406238795 97.55272092450386
92.68147356742207 97.13553377102258 97.54688825190291
92.70366046006677 97.1379147664727 97.55175073929627
92.70366046006677 97.1379147664727 97.55175073929627
92.55767342931938 97.5544815858952 97.28282936211133
92.33241224030294 97.88174371107787 97.01674212009908
92.33821484087376 97.88174371107787 97.01792022883247
92.33821484087376 97.88174371107787 97.01792022883247
92.33821484087376 97.88174371107787 97.01792022883247
92.33821484087376 97.88174371107787 97.01792022883247
92.34979373442798 97.88697898111863 97.02379684271075
92.34979373442798 97.88697898111863 97.02379684271075
92.34979373442798 97.88697898111863 97.02379684271075
92.33821484087376 97.79733714592082 97.05624839839412
92.34979373442798 97.80459565372284 97.06320969769276
92.34979373442798 97.80459565372284 97.06320969769276
92.34979373442798 97.80459565372284 97.06320969769276
92.33241224030294 97.88174371107787 97.01674212009908
92.35557006713874 97.8834916811633 97.02262337357871
92.35557006713874 97.8834916811633 97.02262337357871
92.35557006713874 97.8834916811633 97.02262337357871
92.33241224030294 97.88174371107787 97.01674212009908
92.33821484087376 97.88174371107787 97.01792022883247
92.33821484087376 97.88174371107787 97.01792022883247
92.13845463080126 98.1227870933262 96.79889249773707
92.33821484087376 97.88174371107787 97.01792022883247
92.34979373442798 97.88697898111863 97.02379684271075
92.34979373442798 97.88697898111863 97.02379684271075
92.34979373442798 97.88697898111863 97.02379684271075
92.33821484087376 97.88174371107787 97.01792022883247
92.34979373442798 97.88871832521302 97.02496938721184
92.34979373442798 97.88871832521302 97.02496938721184
92.34979373442798 97.88871832521302 97.02496938721184
92.33241224030294 97.79733714592082 97.05508497206765
92.35557006713874 97.79915626883329 97.0608929256748
92.35557006713874 97.79915626883329 97.0608929256748
92.35557006713874 97.79915626883329 97.0608929256748
92.33241224030294 97.79733714592082 97.05508497206765
92.33821484087376 97.79733714592082 97.05624839839412
92.33821484087376 97.79733714592082 97.05624839839412
92.33821484087376 97.79733714592082 97.05624839839412
92.33821484087376 97.79733714592082 97.05624839839412
92.34979373442798 97.80278551532034 97.0620517684168
92.34979373442798 97.80278551532034 97.0620517684168
92.34979373442798 97.80278551532034 97.0620517684168
92.33821484087376 97.88174371107787 97.01792022883247
92.34979373442798 97.80459565372284 97.06320969769276
92.34979373442798 97.80459565372284 97.06320969769276
92.34979373442798 97.80459565372284 97.06320969769276
92.33241224030294 97.79733714592082 97.05508497206765
92.35557006713874 97.79915626883329 97.0608929256748
92.35557006713874 97.79915626883329 97.0608929256748
92.35557006713874 97.79915626883329 97.0608929256748
92.33241224030294 97.79733714592082 97.05508497206765
92.33821484087376 97.79733714592082 97.05624839839412
92.33821484087376 97.79733714592082 97.05624839839412
92.33821484087376 97.79733714592082 97.05624839839412
92.33821484087376 97.79733714592082 97.05624839839412
92.34979373442798 97.88697898111863 97.02379684271075
92.34979373442798 97.88697898111863 97.02379684271075
92.33821484087376 97.88174371107787 97.01792022883247
92.15726300318445 98.31751605805349 96.72061374107533
92.16909216909217 98.3230322766443 96.72834198486248
92.16909216909217 98.3230322766443 96.72834198486248
92.1631820499745 98.40237868063106 96.68515920588361
92.15133500847786 98.40106595602931 96.68124408125045
92.17499338072058 98.40237868063106 96.6877641611622
92.17499338072058 98.40237868063106 96.6877641611622
91.97701898785755 99.17799766401481 96.22913159928436
91.97096662385059 99.17799766401481 96.22765398627467
91.97701898785755 99.17799766401481 96.22913159928436
91.97701898785755 99.17799766401481 96.22913159928436
91.97701898785755 99.17799766401481 96.22913159928436
91.97701898785755 99.17799766401481 96.22913159928436
91.98909638309125 99.01572202404544 96.31180476250898
91.98909638309125 99.01572202404544 96.31180476250898
91.97701898785755 99.09572121746803 96.26683893925274
91.97701898785755 99.09572121746803 96.26683893925274
91.98909638309125 99.18066996155959 96.23797302578076
91.98909638309125 99.18066996155959 96.23797302578076
91.97096662385059 99.26014004492006 96.18996199489736
91.97096662385059 99.26014004492006 96.18996199489736
91.99512145543245 99.26074233790236 96.19740929357818
91.99512145543245 99.26074233790236 96.19740929357818
92.20784530160871 98.78542510121457 96.53641019102866
91.44704832954915 99.45275928001583 95.81668055130814
91.45345892839056 99.45275928001583 95.81831214555268
91.45345892839056 99.45275928001583 95.81831214555268
91.45345892839056 99.45275928001583 95.81831214555268
91.4598599246994 99.45409102867666 95.82482581514303
91.4662513400352 99.45409102867666 95.82645106311348
91.4662513400352 99.45409102867666 95.82645106311348
91.45345892839056 99.53445474109535 95.78095529119206
91.4598599246994 99.5355867598414 95.7875245920611
91.4662513400352 99.53596287703016 95.79080157687254
91.64420485175202 99.11197080933749 96.08169807142781
91.6253656158596 99.10907246504654 96.07096787836494
91.65046577561766 99.10979882334794 96.07863828709517
91.65046577561766 99.10979882334794 96.07863828709517
91.65046577561766 99.10979882334794 96.07863828709517
91.63165479307476 99.10907246504654 96.07250435977383
91.63793453129436 99.19132714893242 96.03649843170801
91.63793453129436 99.19132714893242 96.03649843170801
91.63793453129436 99.19132714893242 96.03649843170801
91.63165479307476 99.19132714893242 96.03494907661751
91.42926464344204 98.65644266678453 96.16943998648534
90.66121336059987 99.37467087941022 95.42187860121105
90.66121336059987 99.37467087941022 95.42187860121105
90.64733756324793 99.4549690123511 95.37594694982478
90.66121336059987 99.45673603504929 95.38669290679172
90.66121336059987 99.45673603504929 95.38669290679172
90.66121336059987 99.45673603504929 95.38669290679172
90.64733756324793 99.45541184479238 95.37774141782826
90.67504804612427 99.45585395822363 95.38669290679172
90.67504804612427 99.45585395822363 95.38669290679172
90.67504804612427 99.45585395822363 95.38669290679172
90.64733756324793 99.37314417683932 95.41298848523654
90.58004454164242 99.37314417683932 95.37594694982478
90.58004454164242 99.37314417683932 95.37594694982478
90.58004454164242 99.37314417683932 95.37594694982478
90.74796813390199 98.516004525188 95.85711422211438
90.83604515688401 98.51964949548592 95.90414218628256
90.83604515688401 98.51964949548592 95.90414218628256
90.83604515688401 98.51964949548592 95.90414218628256
90.9211745277319 98.0319611295607 96.16804731223749
90.57223546377712 98.48719423187508 95.77469229879863
90.57223546377712 98.48719423187508 95.77469229879863
90.57223546377712 98.48719423187508 95.77469229879863
90.73296219627389 97.39147973018399 96.35092180546727
90.7604448452059 97.3936408419167 96.35806059324274
90.7604448452059 97.3936408419167 96.35806059324274
90.7604448452059 97.3936408419167 96.35806059324274
90.73296219627389 97.38931503162428 96.34949068823336
90.73296219627389 97.38931503162428 96.34949068823336
90.73296219627389 97.38931503162428 96.34949068823336
90.73296219627389 97.38931503162428 96.34949068823336
90.7260659694288 97.38931503162428 96.34805844803088
90.74672392687283 97.39579837572991 96.35663507109004
90.57223546377712 98.2697810607573 95.86982148871674
90.57223546377712 98.2697810607573 95.86982148871674
90.56524353577872 98.2697810607573 95.86821240168051
90.57921703626612 98.27544274691017 95.87784816110428
90.57921703626612 98.27544274691017 95.87784816110428
90.57921703626612 98.27544274691017 95.87784816110428
90.73660938599136 98.212658115288 95.9868268276721
90.58618827623448 98.43521432687619 95.79684395336369
90.58618827623448 98.43521432687619 95.79684395336369
90.58618827623448 98.43521432687619 95.79684395336369
90.55824122921389 98.34914568844846 95.82437275985663
90.55824122921389 98.34914568844846 95.82437275985663
90.55824122921389 98.34914568844846 95.82437275985663
90.55824122921389 98.34914568844846 95.82437275985663
90.55122852095711 98.34914568844846 95.82274342722758
90.57223546377712 98.35320714570682 95.83250039454995
90.57223546377712 98.35320714570682 95.83250039454995
90.57223546377712 98.35320714570682 95.83250039454995
90.56524353577872 98.35320714570682 95.83087739979791
90.57921703626612 98.27544274691017 95.87784816110428
90.57921703626612 98.27544274691017 95.87784816110428
90.57921703626612 98.27544274691017 95.87784816110428
90.55824122921389 98.26693625436043 95.86337760910816
90.58618827623448 98.35185554890087 95.83412212616479
90.58618827623448 98.35185554890087 95.83412212616479
90.58618827623448 98.35185554890087 95.83412212616479
90.60185835557607 98.15227070347284 95.93663257659712
90.60185835557607 98.15227070347284 95.93663257659712
90.60185835557607 98.15227070347284 95.93663257659712
90.60185835557607 98.15227070347284 95.93663257659712
90.59487467866325 98.15227070347284 95.9350451896275
90.54165080255696 98.15682529812796 95.90557650578296
90.54165080255696 98.15682529812796 95.90557650578296
90.54165080255696 98.15682529812796 95.90557650578296
90.53463281594674 98.15682529812796 95.90398010474514
90.62274729675612 98.07939391254264 95.98977724490439
90.62274729675612 98.07939391254264 95.98977724490439
90.62274729675612 98.07939391254264 95.98977724490439
90.60185835557607 98.0699020480855 95.97568312066618
90.62968965724232 98.0714905354005 95.98352539659132
90.62968965724232 98.0714905354005 95.98352539659132
90.62968965724232 98.0714905354005 95.98352539659132
90.60883166887258 98.06831094178196 95.97568312066618
90.43473039510029 98.93299754788256 95.49191947831018
90.2612968956011 99.99344219293069 94.91780178487554
90.2612968956011 99.99344219293069 94.91780178487554
90.14228048439311 99.56474428726877 94.65580465038754
90.55798292379845 99.99345806620437 95.08626451666807
90.55798292379845 99.99345806620437 95.08626451666807
90.55798292379845 99.99345806620437 95.08626451666807
90.55097579076158 99.99345806620437 95.08436504205193
90.5719660582773 99.67071770542233 94.94429360546765
90.5719660582773 99.67071770542233 94.94429360546765
90.56497967194728 99.6699239956569 94.93649784853253
90.55097579076158 99.66912645029278 94.92671927846675
90.57894210578942 99.58924651728859 94.89991459934596
90.57894210578942 99.58924651728859 94.89991459934596
90.5719660582773 99.58891595615104 94.8959809889102
90.55798292379845 99.5885848625351 94.89006918284933
90.55798292379845 99.5885848625351 94.89006918284933
90.55798292379845 99.5885848625351 94.89006918284933
90.55097579076158 99.5885848625351 94.88809553634808
90.54395824969892 99.5885848625351 94.88612036466546
90.55798292379845 99.58957654723127 94.8959809889102
90.55798292379845 99.58957654723127 94.8959809889102
90.55097579076158 99.58957654723127 94.8940119073686
90.55097579076158 99.58957654723127 94.8940119073686
90.5719660582773 99.51119281929275 94.87126181096224
90.5719660582773 99.51119281929275 94.87126181096224
90.55097579076158 99.50883445982657 94.85344737665588
90.55097579076158 99.50883445982657 94.85344737665588
90.40538113011716 98.68630744712927 94.39167141451287
90.40538113011716 98.68630744712927 94.39167141451287
90.38407681536307 98.68421052631578 94.38090295796574
90.38407681536307 98.68421052631578 94.38090295796574
90.38407681536307 98.68421052631578 94.38090295796574
90.38407681536307 98.68421052631578 94.38090295796574
90.36982129978364 98.76303348228743 94.41286796413097
90.37695433707685 98.7659904380411 94.42144687561601
90.38407681536307 98.7659904380411 94.42358748859205
90.38407681536307 98.7659904380411 94.42358748859205
90.37695433707685 98.7659904380411 94.42144687561601
90.37695433707685 98.7659904380411 94.42144687561601
90.39829018855865 98.76991112446868 94.43639674689072
90.39829018855865 98.76991112446868 94.43639674689072
90.37695433707685 98.76402070750648 94.41716071558358
90.39829018855865 98.80546810987968 94.4443292341511
90.05129428605511 98.59076141913552 94.15563615321823
90.05129428605511 98.59076141913552 94.15563615321823
90.03663587129658 98.66718426501035 94.18274805366904
90.03663587129658 98.66718426501035 94.18274805366904
90.03663587129658 98.66718426501035 94.18274805366904
90.03663587129658 98.66718426501035 94.18274805366904
90.0145670784028 98.66718426501035 94.17605538914398
90.02929045370315 98.59188236305786 94.15116387288916
90.02929045370315 98.59188236305786 94.15116387288916
90.02929045370315 98.59188236305786 94.15116387288916
90.02193419740779 98.59188236305786 94.14892516500115
90.04397047412508 98.59634836276359 94.16456022697962
90.04397047412508 98.59634836276359 94.16456022697962
90.04397047412508 98.59634836276359 94.16456022697962
90.02193419740779 98.5896386891176 94.14444260394235
90.05129428605511 98.59076141913552 94.15563615321823
90.05129428605511 98.59076141913552 94.15563615321823
90.05129428605511 98.59076141913552 94.15563615321823
90.03663587129658 98.50996942422807 94.1106490389589
90.03663587129658 98.50996942422807 94.1106490389589
90.03663587129658 98.50996942422807 94.1106490389589
90.03663587129658 98.50996942422807 94.1106490389589
90.0145670784028 98.50996942422807 94.10387861840401
90.02929045370315 98.59188236305786 94.15116387288916
90.02929045370315 98.59188236305786 94.15116387288916
90.02929045370315 98.59188236305786 94.15116387288916
90.02193419740779 98.59188236305786 94.14892516500115
90.04397047412508 98.59634836276359 94.16456022697962
90.04397047412508 98.59634836276359 94.16456022697962
90.04397047412508 98.59634836276359 94.16456022697962
90.02929045370315 98.6714248860607 94.1894253539187
90.05129428605511 98.67248082830322 94.19830461223941
90.05129428605511 98.67248082830322 94.19830461223941
90.05129428605511 98.67248082830322 94.19830461223941
90.02929045370315 98.66718426501035 94.18051887525245
90.03663587129658 98.66718426501035 94.18274805366904
90.03663587129658 98.66718426501035 94.18274805366904
90.03663587129658 98.66718426501035 94.18274805366904
90.0145670784028 98.66718426501035 94.17605538914398
89.74318231473573 98.7511035507418 94.06847956358226
89.26094944586025 98.32975986277873 93.61293042289145
89.26094944586025 98.32975986277873 93.61293042289145
89.25309398600292 98.32975986277873 93.61049968114213
89.26879343019583 98.4116110801901 93.65821094793057
89.26879343019583 98.4116110801901 93.65821094793057
89.26879343019583 98.4116110801901 93.65821094793057
89.25309398600292 98.4078278222432 93.64613880742914
89.28444707273803 98.33240570278717 93.62505644267478
89.28444707273803 98.33240570278717 93.62505644267478
89.28444707273803 98.33240570278717 93.62505644267478
89.26094944586025 98.24764849890478 93.56999536965581
89.26879343019583 98.24764849890478 93.57244245129704
89.26879343019583 98.24764849890478 93.57244245129704
89.26879343019583 98.24764849890478 93.57244245129704
89.24522702542289 98.24764849890478 93.56509561223754
89.26094944586025 98.32975986277873 93.61293042289145
89.26094944586025 98.32975986277873 93.61293042289145
89.26094944586025 98.32975986277873 93.61293042289145
89.25309398600292 98.32975986277873 93.61049968114213
89.7756601151479 98.89854573616729 94.15718504140253
89.42944724611885 99.24441949829455 94.12511482448626
88.67709926658038 98.33372548180787 93.29888996879636
88.66064414768265 98.25181566938748 93.2508171357726
88.69350669695308 98.25458278967295 93.26613439106922
88.69350669695308 98.25458278967295 93.26613439106922
88.69350669695308 98.25458278967295 93.26613439106922
88.66887768118217 98.16964573096153 93.21033210332104
88.67709926658038 98.16964573096153 93.21290613440986
88.67709926658038 98.16964573096153 93.21290613440986
88.67709926658038 98.16964573096153 93.21290613440986
88.6523986400173 98.16964573096153 93.20517817943089
88.66064414768265 98.16964573096153 93.20775611906936
88.66064414768265 98.16964573096153 93.20775611906936
88.66064414768265 98.16964573096153 93.20775611906936
88.6523986400173 98.16964573096153 93.20517817943089
88.67709926658038 98.1783235451148 93.22830942863861
88.67709926658038 98.1783235451148 93.22830942863861
88.67709926658038 98.1783235451148 93.22830942863861
88.66064414768265 98.09629740540309 93.18016606771712
88.4752119388991 97.65508737616395 92.87401254173793
88.8448637727781 98.0993059263214 93.27853096947017
88.8448637727781 98.0993059263214 93.27853096947017
88.82052290151367 98.0917667238422 93.25812737155164
88.82864831948454 98.0917667238422 93.26068459306795
88.82864831948454 98.0917667238422 93.26068459306795
88.82864831948454 98.0917667238422 93.26068459306795
88.80423655405937 98.0917667238422 93.25300710209778
88.8123856549879 98.0917667238422 93.25556820863213
88.8123856549879 98.0917667238422 93.25556820863213
88.8123856549879 98.0917667238422 93.25556820863213
88.80423655405937 98.0917667238422 93.25300710209778
88.82864831948454 98.1783235451148 93.3113002905906
88.82864831948454 98.1783235451148 93.3113002905906
88.82864831948454 98.1783235451148 93.3113002905906
88.8123856549879 98.17399494798134 93.29861502660256
88.8448637727781 98.1768829614431 93.31383158260799
88.8448637727781 98.1768829614431 93.31383158260799
88.8448637727781 98.1768829614431 93.31383158260799
88.82864831948454 98.17109777015438 93.29861502660256
88.83676193467338 98.13112154139608 93.28299335061422
89.17986915740522 98.5047975560432 93.64085158901574
89.16406835852706 98.50360641619119 93.63358354184042
89.14822134387353 98.50360641619119 93.6287289401824
89.15615064083575 98.50360641619119 93.631157166107
89.15615064083575 98.50360641619119 93.631157166107
89.14822134387353 98.50360641619119 93.6287289401824
89.14822134387353 98.50360641619119 93.6287289401824
89.171974522293 98.74559670074748 93.75738945377158
89.171974522293 98.74559670074748 93.75738945377158
89.15615064083575 98.74259877274196 93.74549350033992
89.15615064083575 98.74259877274196 93.74549350033992
89.17986915740522 98.7445989810615 93.75738945377158
89.17986915740522 98.7445989810615 93.75738945377158
89.16406835852706 98.66186864333736 93.70738138892895
89.16406835852706 98.66186864333736 93.70738138892895
89.17986915740522 98.66186864333736 93.71217423525053
89.17986915740522 98.66186864333736 93.71217423525053
89.14822134387353 98.66080093161675 93.7001784038527
89.14822134387353 98.66080093161675 93.7001784038527
89.5487454130715 99.1740911751317 94.15097466492657
89.00323318350287 98.66080093161675 93.61862093825634
88.99520587132795 98.66080093161675 93.61618825856705
88.99520587132795 98.66080093161675 93.61618825856705
89.01925272648529 98.66718176550125 93.63801583308519
89.01925272648529 98.66718176550125 93.63801583308519
89.00323318350287 98.6639989673422 93.6259078657696
89.01124879336498 98.66506158773835 93.63075657894737
89.02724500836038 98.66612251911675 93.63801583308519
89.02724500836038 98.66612251911675 93.63801583308519
89.01124879336498 98.66186864333736 93.62348073974209
89.01925272648529 98.66186864333736 93.6259078657696
89.02724500836038 98.66186864333736 93.6283331448022
89.02724500836038 98.66186864333736 93.6283331448022
88.99520587132795 98.66080093161675 93.61618825856705
89.00323318350287 98.66080093161675 93.61862093825634
89.00323318350287 98.66080093161675 93.61862093825634
89.00323318350287 98.66080093161675 93.61862093825634
88.99520587132795 98.66080093161675 93.61618825856705
89.01925272648529 98.82413637438466 93.70921832773308
88.59023587493144 98.13221764467308 93.15973889325882
89.16318321634198 98.82413637438466 93.78824497351776
89.14734805102485 98.82132390967074 93.77640391550747
89.1710834827498 98.82320037864119 93.78824497351776
89.1710834827498 98.82320037864119 93.78824497351776
89.1710834827498 98.82320037864119 93.78824497351776
89.15527141419523 98.89841674406549 93.8098086124402
89.1710834827498 98.89841674406549 93.8145285935085
89.1710834827498 98.89841674406549 93.8145285935085
89.1710834827498 98.89841674406549 93.8145285935085
89.13941310147219 98.81849795883103 93.7668985160265
89.14734805102485 98.81849795883103 93.76927758693611
89.14734805102485 98.81849795883103 93.76927758693611
89.14734805102485 98.81849795883103 93.76927758693611
89.13941310147219 98.81849795883103 93.7668985160265
89.16318321634198 98.82413637438466 93.78824497351776
89.16318321634198 98.82413637438466 93.78824497351776
89.16318321634198 98.82413637438466 93.78824497351776
89.14734805102485 98.6639989673422 93.70495449116594
89.16318321634198 98.5877706951688 93.678899176849
88.9667112615094 98.17898134097078 93.38523792449931
90.19826864004467 99.17096655799996 94.51027961805232
90.18377946464243 99.08890235457064 94.46129554992314
90.20549719957745 99.08890235457064 94.46767449340624
90.20549719957745 99.08890235457064 94.46767449340624
90.20549719957745 99.08890235457064 94.46767449340624
90.17651880135138 99.08817222932143 94.45703474229163
90.18377946464243 99.08817222932143 94.4591659652295
90.18377946464243 99.08817222932143 94.4591659652295
90.18377946464243 99.08817222932143 94.4591659652295
90.17651880135138 99.16764208609702 94.49338061711576
90.19826864004467 99.25084738444266 94.54864027039076
90.19826864004467 99.25084738444266 94.54864027039076
90.19826864004467 99.25084738444266 94.54864027039076
90.18377946464243 99.24904778393352 94.53816429135331
90.19826864004467 99.25024847672962 94.54654829074013
90.19826864004467 99.25024847672962 94.54654829074013
90.19826864004467 99.25024847672962 94.54654829074013
90.18377946464243 99.24784323925955 94.53396261721106
90.20549719957745 99.24784323925955 94.54026270702455
90.20549719957745 99.24784323925955 94.54026270702455
90.20549719957745 99.24784323925955 94.54026270702455
90.17651880135138 99.32696482848459 94.56615634399425
90.18377946464243 99.32696482848459 94.5682480233042
90.18377946464243 99.32696482848459 94.5682480233042
90.18377946464243 99.32696482848459 94.5682480233042
90.17651880135138 99.32696482848459 94.56615634399425
90.19102940295826 99.3285828766975 94.57659866206839
90.19102940295826 99.3285828766975 94.57659866206839
90.19102940295826 99.3285828766975 94.57659866206839
90.17651880135138 99.16764208609702 94.49338061711576
90.19826864004467 99.09181120027613 94.47403876049331
90.19826864004467 99.09181120027613 94.47403876049331
90.19826864004467 99.09181120027613 94.47403876049331
90.18377946464243 99.08890235457064 94.46129554992314
90.20549719957745 99.08890235457064 94.46767449340624
90.20549719957745 99.08890235457064 94.46767449340624
90.20549719957745 99.08890235457064 94.46767449340624
90.17651880135138 99.08817222932143 94.45703474229163
90.18377946464243 99.08817222932143 94.4591659652295
90.18377946464243 99.08817222932143 94.4591659652295
90.18377946464243 99.08817222932143 94.4591659652295
90.17651880135138 99.08817222932143 94.45703474229163
90.19102940295826 99.09035910289097 94.46767449340624
90.19102940295826 99.09035910289097 94.46767449340624
90.19102940295826 99.09035910289097 94.46767449340624
90.826537803282 99.86248444764585 95.16537841178072
90.84699453551912 99.86303752337058 95.18032033746111
90.84699453551912 99.86303752337058 95.18032033746111
90.84699453551912 99.86303752337058 95.18032033746111
90.83336686652449 99.86259541984734 95.16912257200268
90.85379318651758 99.86259541984734 95.17472795124552
90.85379318651758 99.86259541984734 95.17472795124552
90.85379318651758 99.86259541984734 95.17472795124552
90.826537803282 99.86248444764585 95.16537841178072
90.83336686652449 99.78189749182116 95.1304002009377
90.83336686652449 99.78189749182116 95.1304002009377
90.83336686652449 99.78189749182116 95.1304002009377
90.826537803282 99.78189749182116 95.12851384599279
90.84018576971793 99.86281682780246 95.17472795124552
90.41663331465621 99.90414987474131 94.96229544103383
90.25047938638544 99.70432854316586 94.78039995419577
89.31060426071117 98.70124266482568 93.80755729919471
89.33404452873427 98.86361190624798 93.8979419459838
89.33404452873427 98.86361190624798 93.8979419459838
89.33404452873427 98.86361190624798 93.8979419459838
89.31842912256404 98.85998056785058 93.88395622548006
89.34183512318383 98.85998056785058 93.89095709026411
89.34183512318383 98.85998056785058 93.89095709026411
89.34183512318383 98.85998056785058 93.89095709026411
89.31060426071117 98.93817175234099 93.91518258586652
89.31842912256404 98.93817175234099 93.91750873060153
89.31842912256404 98.93817175234099 93.91750873060153
89.31060426071117 98.93817175234099 93.91518258586652
89.31060426071117 98.93817175234099 93.91518258586652
89.32624253687082 99.0197560185685 93.96266138270535
89.32624253687082 99.0197560185685 93.96266138270535
89.31842912256404 98.85906910410995 93.88161903679911
89.31060426071117 98.85906910410995 93.87928006116587
89.33404452873427 99.10036244390749 94.00542430211094
89.13681969604383 98.72762052141766 93.72802237348084
89.15615064083575 98.92192023506028 93.82293160550127
89.35024838205317 98.95184993084371 93.94311924709966
89.37359295390813 98.95184993084371 93.950056753689
89.37359295390813 98.95184993084371 93.950056753689
89.3424440483264 98.9510111387477 93.93848539674335
89.3424440483264 98.9510111387477 93.93848539674335
89.35024838205317 98.9510111387477 93.94080320787086
89.35024838205317 98.9510111387477 93.94080320787086
89.3424440483264 98.9510111387477 93.93848539674335
89.3424440483264 98.9510111387477 93.93848539674335
89.35804129420141 98.95352349717344 93.950056753689
89.35804129420141 98.95352349717344 93.950056753689
89.3424440483264 98.7928912306463 93.86667217636546
89.3424440483264 98.7928912306463 93.86667217636546
89.35804129420141 98.79673676733324 93.88070623885551
89.35804129420141 98.79673676733324 93.88070623885551
89.3424440483264 98.71402062745437 93.83080672477178
89.35024838205317 98.71504646098786 93.83551749045506
89.37359295390813 98.71504646098786 93.84257016522196
89.37359295390813 98.71504646098786 93.84257016522196
89.3424440483264 98.7928912306463 93.86667217636546
89.35024838205317 98.7928912306463 93.86901565533479
89.35024838205317 98.7928912306463 93.86901565533479
89.68750620815702 99.19989592142068 94.23882391971469
89.68750620815702 99.19989592142068 94.23882391971469
89.7026442641487 99.36086315971922 94.32207689997618
89.7026442641487 99.36086315971922 94.32207689997618
89.7026442641487 99.36086315971922 94.32207689997618
89.67992047713717 99.35932240199804 94.30899372048368
89.69508079564855 99.3613751001234 94.32207689997618
89.69508079564855 99.3613751001234 94.32207689997618
89.69508079564855 99.3613751001234 94.32207689997618
90.00019951716845 99.82762006589714 94.69723814486713
90.02964053392746 99.74729320523713 94.67100611404567
90.02964053392746 99.74729320523713 94.67100611404567
91.12086496063785 98.9271760005298 95.87124083901945
91.28974156598466 98.68904734487799 96.07807890368083
91.29625884732052 98.68904734487799 96.07961271774057
91.29625884732052 98.68904734487799 96.07961271774057
91.29625884732052 98.68904734487799 96.07961271774057
91.29625884732052 98.68904734487799 96.07961271774057
91.3092641951377 98.69226181271952 96.08726382749782
91.3092641951377 98.69226181271952 96.08726382749782
91.3092641951377 98.69226181271952 96.08726382749782
91.28974156598466 98.68904734487799 96.07807890368083
91.3027663830905 98.61052817601448 96.1247836548609
91.3027663830905 98.61052817601448 96.1247836548609
91.3027663830905 98.61052817601448 96.1247836548609
91.28974156598466 98.68904734487799 96.07807890368083
91.31575230524001 98.69012058856069 96.08573599560978
91.31575230524001 98.69012058856069 96.08573599560978
91.31575230524001 98.69012058856069 96.08573599560978
91.28974156598466 98.68904734487799 96.07807890368083
91.29625884732052 98.68904734487799 96.07961271774057
90.64369754648034 99.48147822647977 95.3619387326899
90.64369754648034 99.48147822647977 95.3619387326899
90.64369754648034 99.48147822647977 95.3619387326899
90.65757818765036 99.4827397260274 95.37092298832522
90.65757818765036 99.4827397260274 95.37092298832522
90.42553191489363 99.9193864656412 94.97216024023523
90.76622801722404 99.64464332719136 95.35713536091346
90.7799566021056 99.6457932482071 95.36792729404867
90.7799566021056 99.6457932482071 95.36792729404867
90.7799566021056 99.6457932482071 95.36792729404867
90.76622801722404 99.72602739726028 95.32012211113792
90.46876561719141 99.80164784864205 94.93655047287363
90.46876561719141 99.80164784864205 94.93655047287363
90.0314315270152 99.31673246279988 94.47649683511466
90.00199521149241 99.31618365353305 94.46587305712949
90.00937057639014 99.31618365353305 94.46800108083391
90.00937057639014 99.31618365353305 94.46800108083391
90.00937057639014 99.31618365353305 94.46800108083391
90.00937057639014 99.31618365353305 94.46800108083391
90.02408871015906 99.31782744282745 94.47861669795762
90.02408871015906 99.31782744282745 94.47861669795762
90.02408871015906 99.31782744282745 94.47861669795762
90.0758180367119 99.31618365353305 94.50434059364767
90.0904490576563 99.31837361781317 94.51699565384256
90.0904490576563 99.31837361781317 94.51699565384256
90.25767948743538 99.47766531567655 94.68100581878637
90.82288038335314 99.78094194961665 95.32612230766809
90.94690727864636 99.6647236709471 95.44110864187178
90.94690727864636 99.6647236709471 95.44110864187178
90.94690727864636 99.6647236709471 95.44110864187178
90.91990164066594 99.66445160865847 95.43225047526022
90.92666814364263 99.66445160865847 95.43402486141441
90.51285135731185 99.93438320209974 95.08462520136405
90.51829573934837 99.98907223254288 95.0528076963296
90.61458793304162 99.89497177366418 95.15828482894351
90.62850729517396 99.89522624582541 95.1676435862876
90.62850729517396 99.89522624582541 95.1676435862876
90.62850729517396 99.89522624582541 95.1676435862876
90.61458793304162 99.89497177366418 95.15828482894351
90.62850729517396 99.89531079607416 95.16951099784848
90.62850729517396 99.89531079607416 95.16951099784848
90.62850729517396 99.89531079607416 95.16951099784848
90.60761273475947 99.97595050176 95.11955110757506
90.63545150501673 99.97596994058021 95.1289847349779
90.63545150501673 99.97596994058021 95.1289847349779
90.82826579966685 99.74381432012261 95.34016775396086
90.43323108999418 99.92573824917001 94.97935504102858
90.44032212829039 99.92573824917001 94.98129610666443
90.44032212829039 99.92573824917001 94.98129610666443
90.44032212829039 99.92573824917001 94.98129610666443
90.44032212829039 99.92573824917001 94.98129610666443
90.45447271563451 99.9259178559756 94.99097896482319
90.45447271563451 99.9259178559756 94.99097896482319
90.45447271563451 99.9259178559756 94.99097896482319
90.44032212829039 99.92573824917001 94.98129610666443
90.45447271563451 99.99346334023315 95.0295660517067
90.45447271563451 99.99346334023315 95.0295660517067
90.45447271563451 99.99346334023315 95.0295660517067
90.43323108999418 99.99344219293069 95.01610406993768
90.46153231125948 99.99344749257382 95.02572719777066
90.46153231125948 99.99344749257382 95.02572719777066
90.46153231125948 99.99344749257382 95.02572719777066
90.43323108999418 99.99344219293069 95.01610406993768
90.44032212829039 99.99344219293069 95.01803167302566
89.69819792970534 99.15259747296331 94.22319429471764
89.58606183275786 99.42194019471489 94.28378798879784
88.76872861693343 98.97669991129958 93.63212163039111
88.78504672897196 98.97915137911684 93.64423333950198
88.25653336456077 98.41205124353554 93.0967517733396
88.0314070841289 98.1422687489274 92.84678687386412
88.02277291427012 98.1422687489274 92.84408355038047
88.04002881451629 98.14814814814815 92.86027291163492
88.04002881451629 98.14814814814815 92.86027291163492
88.0314070841289 98.06596701649175 92.81443845902709
88.01412627799891 98.0644331554241 92.80629181349266
88.04863813229572 98.14374209589951 92.85488460322479
88.04863813229572 98.14374209589951 92.85488460322479
88.02277291427012 98.1422687489274 92.84408355038047
88.7116757458357 99.14615117891817 93.67892528326787
88.71988366151791 99.14615117891817 93.6813356693806
88.71988366151791 99.14615117891817 93.6813356693806
88.71988366151791 99.14615117891817 93.6813356693806
88.71988366151791 99.14615117891817 93.6813356693806
88.73626373626374 99.14820019457355 93.69336007817724
88.73626373626374 99.14820019457355 93.69336007817724
88.71988366151791 99.14615117891817 93.6813356693806
88.71988366151791 99.14615117891817 93.6813356693806
88.73626373626374 99.1488810161583 93.69575947024225
88.73626373626374 99.1488810161583 93.69575947024225
89.14293618955398 99.51709736361263 94.08439037017861
89.70310418199534 99.86868023637557 94.6705981641435
89.7333201149995 99.86878649375642 94.68085106382979
89.7333201149995 99.86878649375642 94.68085106382979
89.70310418199534 99.86868023637557 94.6705981641435
89.70310418199534 99.86868023637557 94.6705981641435
89.71067482712026 99.86868023637557 94.67265190493053
89.71067482712026 99.86868023637557 94.67265190493053
89.71067482712026 99.86868023637557 94.67265190493053
89.71823434800739 99.86899849348268 94.68085106382979
89.7257827691575 99.86899849348268 94.6828969116103
89.7257827691575 99.86899849348268 94.6828969116103
88.77920239125305 99.06671574890107 93.67843929384848
88.78736072628662 99.14820019457355 93.7237503088199
88.79550720653498 99.1488810161583 93.7285276389146
88.79550720653498 99.1488810161583 93.7285276389146
88.92503006288564 99.14615117891817 93.79690516253575
88.95724815724816 99.14683527857777 93.80872898120673
88.95724815724816 99.14683527857777 93.80872898120673
88.95724815724816 99.14683527857777 93.80872898120673
88.93310219840832 99.06671574890107 93.76347413481871
88.94116257553986 99.06671574890107 93.7658534573426
88.94116257553986 99.06671574890107 93.7658534573426
88.94116257553986 99.06671574890107 93.7658534573426
88.93310219840832 99.06671574890107 93.76347413481871
88.94921121995358 99.14820019457355 93.81108833798523
88.94921121995358 99.14820019457355 93.81108833798523
88.94921121995358 99.14820019457355 93.81108833798523
88.93310219840832 99.06671574890107 93.76347413481871
88.94921121995358 99.069697165922 93.77772288945836
88.94921121995358 99.069697165922 93.77772288945836
88.94921121995358 99.069697165922 93.77772288945836
88.93310219840832 99.14683527857777 93.8016401052143
88.96527341294784 99.14751828292007 93.8134458972511
88.96527341294784 99.14751828292007 93.8134458972511
88.96527341294784 99.14751828292007 93.8134458972511
88.78967863745427 99.14615117891817 93.71997113104443
88.91208444934615 99.33559145388223 93.87289325842697
88.91208444934615 99.33559145388223 93.87289325842697
88.91208444934615 99.33559145388223 93.87289325842697
88.9039988963125 99.33559145388223 93.87055116483289
88.99297423887587 99.33718890116316 93.92039595792947
88.99297423887587 99.33718890116316 93.92039595792947
88.99297423887587 99.33718890116316 93.92039595792947
88.97692110605254 99.33559145388223 93.90877627976651
88.99297423887587 99.33771967794996 93.922714575796
88.99297423887587 99.33771967794996 93.922714575796
88.4429580081754 98.4851085743713 93.2346290403446
88.27578115834343 98.32921722323633 93.0700973318186
88.30961201013842 98.33054375348698 93.0831937236955
88.30961201013842 98.33054375348698 93.0831937236955
88.30961201013842 98.33054375348698 93.0831937236955
88.27578115834343 98.24975840223344 93.03222901122744
88.27578115834343 98.24975840223344 93.03222901122744
88.27578115834343 98.24975840223344 93.03222901122744
88.27578115834343 98.24975840223344 93.03222901122744
88.14138887803354 98.24975840223344 92.96010967537318
88.16705336426914 98.25392064444254 92.97606287959985
88.16705336426914 98.25392064444254 92.97606287959985
88.16705336426914 98.25392064444254 92.97606287959985
88.15851088738 98.25392064444254 92.97340903520954
88.17558352491915 98.25943960362208 92.98930208863983
88.17558352491915 98.25943960362208 92.98930208863983
88.17558352491915 98.25943960362208 92.98930208863983
88.14995606755834 98.09538092381523 92.89515890122686
88.1841013959465 98.09688951683685 92.90856070802235
88.1841013959465 98.09688951683685 92.90856070802235
88.1841013959465 98.09688951683685 92.90856070802235
88.14995606755834 98.17175228530964 92.92760972019178
88.14995606755834 98.17175228530964 92.92760972019178
88.14995606755834 98.17175228530964 92.92760972019178
88.14995606755834 98.17175228530964 92.92760972019178
88.14138887803354 98.17175228530964 92.92493352423809
88.16705336426914 98.17609658981439 92.9409603885635
88.16705336426914 98.17609658981439 92.9409603885635
88.16705336426914 98.17609658981439 92.9409603885635
88.15851088738 98.13618077548576 92.92027269758327
88.34426485515733 98.26993314679937 93.0869888930819
88.34426485515733 98.26993314679937 93.0869888930819
88.34426485515733 98.26993314679937 93.0869888930819
88.31895455523603 98.26169066678112 93.06343001002926
88.35267726519066 98.26306986318994 93.07653806474019
88.35267726519066 98.26306986318994 93.07653806474019
88.35267726519066 98.26306986318994 93.07653806474019
88.31895455523603 98.2603092783505 93.0608024406974
88.31895455523603 98.2603092783505 93.0608024406974
88.31895455523603 98.2603092783505 93.0608024406974
88.31895455523603 98.2603092783505 93.0608024406974
88.31049334377448 98.2603092783505 93.05817287996723
88.26356195424977 98.26444687279037 93.03611207618891
88.26356195424977 98.26444687279037 93.03611207618891
88.26356195424977 98.26444687279037 93.03611207618891
88.25507291707393 98.26444687279037 93.03347814975722
88.34426485515733 98.26993314679937 93.0869888930819
88.34426485515733 98.26993314679937 93.0869888930819
88.34426485515733 98.26993314679937 93.0869888930819
88.49380586482673 98.35667640488056 93.20268940636274
88.52708935970604 98.35798149777844 93.21555348684952
88.52708935970604 98.35798149777844 93.21555348684952
88.52708935970604 98.35798149777844 93.21555348684952
88.50214482988267 98.35536923573041 93.20268940636274
88.50214482988267 98.35536923573041 93.20268940636274
88.50214482988267 98.35536923573041 93.20268940636274
88.50214482988267 98.35536923573041 93.20268940636274
88.48545479511172 98.35536923573041 93.19753010441669
88.50214482988267 98.35928451936688 93.21041370202397
88.50214482988267 98.35928451936688 93.21041370202397
88.50214482988267 98.35928451936688 93.21041370202397
88.66064414768265 98.97060727696491 93.57584980155875
88.68530892986615 98.97388461042034 93.59291200508629
88.68530892986615 98.97388461042034 93.59291200508629
88.67709926658038 98.8925277945359 93.54762540295259
88.66064414768265 98.88987278892465 93.53534730150893
88.69350669695308 98.81185983827493 93.5121045123816
88.69350669695308 98.81185983827493 93.5121045123816
88.68530892986615 98.81091113125296 93.50717374112911
88.5073457394711 98.731063058397 93.37495379307512
88.5073457394711 98.731063058397 93.37495379307512
88.5073457394711 98.731063058397 93.37495379307512
88.49901005626018 98.731063058397 93.37243582500436
88.49066227244194 98.731063058397 93.3699159422077
88.5073457394711 98.81280703266397 93.41794750774662
88.5073457394711 98.81280703266397 93.41794750774662
88.49901005626018 98.89164420485174 93.45093851398529
88.49901005626018 98.89164420485174 93.45093851398529
88.52398090916203 98.895170130903 93.46830931825862
88.52398090916203 98.895170130903 93.46830931825862
88.49901005626018 98.81091113125296 93.41044262513995
88.49901005626018 98.81091113125296 93.41044262513995
88.53228044799751 98.81185983827493 93.42294127296587
88.53228044799751 98.81185983827493 93.42294127296587
88.5073457394711 98.80996090797176 93.41044262513995
88.5073457394711 98.80996090797176 93.41044262513995
88.5073457394711 98.80996090797176 93.41044262513995
88.5073457394711 98.80996090797176 93.41044262513995
88.49066227244194 98.80996090797176 93.4054298549503
88.44901960784314 98.58426530480315 93.28077037584568
88.80306603773585 98.81280703266397 93.5811783085968
88.80306603773585 98.81280703266397 93.5811783085968
88.79491768778396 98.81280703266397 93.57873631175775
88.79491768778396 98.81280703266397 93.57873631175775
88.81932723633082 98.81658075601375 93.59579137354636
88.81932723633082 98.81658075601375 93.59579137354636
88.79491768778396 98.73207547169811 93.53823366043326
88.81120254531886 98.73308627079204 93.54560305767038
88.82744013649467 98.73308627079204 93.55050665790581
88.82744013649467 98.73308627079204 93.55050665790581
88.81120254531886 98.731063058397 93.54069199527017
88.81120254531886 98.731063058397 93.54069199527017
88.81120254531886 98.731063058397 93.54069199527017
88.81120254531886 98.731063058397 93.54069199527017
88.7867574695902 98.731063058397 93.53331137280738
88.80306603773585 98.73409545953626 93.54560305767038
88.80306603773585 98.73409545953626 93.54560305767038
88.80306603773585 98.73409545953626 93.54560305767038
88.79491768778396 98.73409545953626 93.54314846030506
88.85245901639345 98.93557543437123 93.66783320846889
88.33047076274494 98.33294150334481 93.10788064269319
88.33047076274494 98.33294150334481 93.10788064269319
88.30513447432763 98.2469315938546 93.0491461081153
88.33889181440524 98.17044432066498 93.02712580780185
88.33889181440524 98.17044432066498 93.02712580780185
88.33889181440524 98.17044432066498 93.02712580780185
88.3220375397957 98.1675392670157 93.01657413371778
88.3220375397957 98.1675392670157 93.01657413371778
88.3220375397957 98.1675392670157 93.01657413371778
88.3220375397957 98.1675392670157 93.01657413371778
88.29666457876606 98.1675392670157 93.00863939728944
88.31359211915093 98.09419917864476 92.9867026165819
88.31359211915093 98.09419917864476 92.9867026165819
88.31359211915093 98.09419917864476 92.9867026165819
88.30513447432763 98.09419917864476 92.9840514114654
88.33047076274494 98.10021321961621 93.00256786500367
88.33047076274494 98.10021321961621 93.00256786500367
88.33047076274494 98.10021321961621 93.00256786500367
88.31359211915093 98.01819501986077 92.9542392946075
88.5807599788786 98.50743067916193 93.31860398510699
87.87443737389415 97.68623864917168 92.5583613176824
87.87443737389415 97.68623864917168 92.5583613176824
87.84826862131317 97.52302182810368 92.46631755554425
87.85700408004664 97.52302182810368 92.46915086092984
87.85700408004664 97.52302182810368 92.46915086092984
87.85700408004664 97.52302182810368 92.46915086092984
87.83075994470298 97.6 92.4954700002036
87.84826862131317 97.60566977397522 92.50957640293032
87.84826862131317 97.60566977397522 92.50957640293032
87.84826862131317 97.60566977397522 92.50957640293032
87.83952058525955 97.60566977397522 92.5067593665508
87.85700408004664 97.76492354805096 92.59033636908207
87.85700408004664 97.76492354805096 92.59033636908207
87.85700408004664 97.76492354805096 92.59033636908207
87.83952058525955 97.75963506139153 92.5763925621516
87.87443737389415 97.68623864917168 92.5583613176824
87.87443737389415 97.68623864917168 92.5583613176824
87.87443737389415 97.68623864917168 92.5583613176824
87.84826862131317 97.67709979076818 92.53594651524864
87.6747387401361 97.49392660785065 92.35556277473782
87.6747387401361 97.49392660785065 92.35556277473782
87.6747387401361 97.49392660785065 92.35556277473782
87.64815606419772 97.49392660785065 92.3469387755102
87.66589057043073 97.49984055105556 92.36130131775161
87.66589057043073 97.49984055105556 92.36130131775161
87.66589057043073 97.49984055105556 92.36130131775161
87.65702968759102 97.49984055105556 92.35843312360463
87.6747387401361 97.50572664800204 92.37275259559382
87.6747387401361 97.50572664800204 92.37275259559382
87.6747387401361 97.50572664800204 92.37275259559382
87.65702968759102 97.42320601605982 92.32376720736075
87.6923970494279 97.42725036056673 92.34101559732386
87.6923970494279 97.42725036056673 92.34101559732386
87.52971186735464 96.64015820920643 91.89455977598485
87.50290495003486 96.62703022366782 91.87032116626087
87.511853385714 96.62703022366782 91.87335891739042
87.511853385714 96.62703022366782 91.87335891739042
87.511853385714 96.62703022366782 91.87335891739042
87.48496955121989 96.70259987317692 91.89861639291205
87.49394368107909 96.66377907836633 91.88399644185671
88.29649911989048 97.20186117662057 92.5680010590955
88.29649911989048 97.20186117662057 92.5680010590955
88.28802379973773 97.20186117662057 92.56519967400163
88.31341301460823 97.21499714521347 92.59033636908207
88.31341301460823 97.21499714521347 92.59033636908207
88.31341301460823 97.21499714521347 92.59033636908207
88.29649911989048 97.20844461401501 92.5763925621516
88.33027809196926 97.21281638872429 92.59311884705166
88.33027809196926 97.21281638872429 92.59311884705166
88.33027809196926 97.21281638872429 92.59311884705166
88.3049621826568 97.20186117662057 92.57080033389661
88.31341301460823 97.20186117662057 92.57359750078864
88.31341301460823 97.20186117662057 92.57359750078864
88.31341301460823 97.20186117662057 92.57359750078864
88.28802379973773 97.20186117662057 92.56519967400163
88.29649911989048 97.20186117662057 92.5680010590955
88.29649911989048 97.20186117662057 92.5680010590955
88.29649911989048 97.20186117662057 92.5680010590955
88.28802379973773 97.20186117662057 92.56519967400163
88.31341301460823 97.2911199525946 92.62513203867717
88.31341301460823 97.2911199525946 92.62513203867717
88.31341301460823 97.2911199525946 92.62513203867717
88.29649911989048 97.28474152012049 92.61124848632862
88.33027809196926 97.28899714073917 92.62790249053232
88.33027809196926 97.28899714073917 92.62790249053232
88.33027809196926 97.28899714073917 92.62790249053232
88.31341301460823 97.20405910326086 92.5763925621516
88.32185164223961 97.20405910326086 92.57918552036199
88.32185164223961 97.20405910326086 92.57918552036199
88.31341301460823 97.20186117662057 92.57359750078864
88.28802379973773 97.20186117662057 92.56519967400163
88.29649911989048 97.20186117662057 92.5680010590955
88.29649911989048 97.20186117662057 92.5680010590955
88.28802379973773 97.20186117662057 92.56519967400163
88.28802379973773 97.20186117662057 92.56519967400163
88.31341301460823 97.2911199525946 92.62513203867717
88.31341301460823 97.2911199525946 92.62513203867717
88.29649911989048 97.36115828804348 92.64613066758963
88.29649911989048 97.36115828804348 92.64613066758963
88.25812239166895 97.36529738437407 92.62513203867717
88.25812239166895 97.36529738437407 92.62513203867717
88.40690302888001 97.80203349282297 92.90163800498345
88.40690302888001 97.80203349282297 92.90163800498345
88.48763319972626 97.80203349282297 92.94208919876277
88.48763319972626 97.80203349282297 92.94208919876277
88.45422279741946 97.80029500416853 92.92873506791032
88.45422279741946 97.80029500416853 92.92873506791032
88.46259356507427 97.80029500416853 92.93140993528468
88.46259356507427 97.80029500416853 92.93140993528468
88.45422279741946 97.80029500416853 92.92873506791032
88.45422279741946 97.80029500416853 92.92873506791032
88.4792987399233 97.88774380376458 92.98780487804879
88.4792987399233 97.88774380376458 92.98780487804879
88.46259356507427 97.8827396324675 92.97455228988527
88.47095220379472 97.88441032203028 92.97985933177489
88.48763319972626 97.88607837705372 92.98780487804879
88.48763319972626 97.88607837705372 92.98780487804879
88.47095220379472 97.87939032471836 92.97189575881451
88.4792987399233 97.87939032471836 92.97455228988527
88.85943727788576 98.31654892529686 93.37962298209268
88.14295452332263 97.83337962864042 92.76689829437777
88.10867824286579 97.83166538362843 92.75323853370219
88.11726587812781 97.83166538362843 92.75597461172677
88.11726587812781 97.83166538362843 92.75597461172677
88.11726587812781 97.83166538362843 92.75597461172677
88.10867824286579 97.83166538362843 92.75323853370219
88.13440399158026 97.91901850944642 92.8127258108837
88.13440399158026 97.91901850944642 92.8127258108837
88.13440399158026 97.91901850944642 92.8127258108837
88.11726587812781 97.8368 92.7641704634641
88.14295452332263 97.84020958912862 92.77778908173438
88.14295452332263 97.84020958912862 92.77778908173438
88.14295452332263 97.84020958912862 92.77778908173438
88.12584111876109 97.83337962864042 92.76144057427196
88.14295452332263 97.83337962864042 92.76689829437777
88.14295452332263 97.83337962864042 92.76689829437777
88.14295452332263 97.83337962864042 92.76689829437777
88.10867824286579 97.83166538362843 92.75323853370219
88.11726587812781 97.83166538362843 92.75597461172677
88.33105067501468 98.50784833021122 93.17909239080295
88.13274768179599 98.26453026332746 92.95992145874027
88.12416972727983 98.26453026332746 92.95725656292841
88.14986646913195 98.19510007048721 92.94610461086876
88.14986646913195 98.19510007048721 92.94610461086876
88.14986646913195 98.19510007048721 92.94610461086876
88.13274768179599 98.19081060249218 92.93277920168282
88.14986646913195 98.1936725096195 92.94344355060716
88.14986646913195 98.1936725096195 92.94344355060716
88.14986646913195 98.1936725096195 92.94344355060716
88.13274768179599 98.18793961228342 92.92743493056194
88.15840735546206 98.18793961228342 92.93544830965213
88.15840735546206 98.18793961228342 92.93544830965213
88.15840735546206 98.18793961228342 92.93544830965213
88.12416972727983 98.18650069749974 92.92208257058998
88.13274768179599 98.18650069749974 92.9247597628297
88.13274768179599 98.18650069749974 92.9247597628297
88.13274768179599 98.18650069749974 92.9247597628297
88.12416972727983 98.18650069749974 92.92208257058998
88.14986646913195 98.19510007048721 92.94610461086876
88.35137352975654 98.6142691664164 93.24642126789367
88.00918627508223 98.19510007048721 92.86849019328297
87.99189194456896 98.19081060249218 92.85502943487089
88.00918627508223 98.1936725096195 92.8658021006306
88.00918627508223 98.1936725096195 92.8658021006306
88.00918627508223 98.1936725096195 92.8658021006306
87.99189194456896 98.18793961228342 92.84963089269851
88.01781477303669 98.18793961228342 92.85772565017848
88.01781477303669 98.18793961228342 92.85772565017848
88.01781477303669 98.18793961228342 92.85772565017848
87.98322605812365 98.18650069749974 92.8442241863792
87.82755870279945 97.38393750399115 92.39393384968795
87.82755870279945 97.38393750399115 92.39393384968795
87.82755870279945 97.38393750399115 92.39393384968795
87.81879063972278 97.38393750399115 92.39107224566577
87.83631415241058 97.39010405606285 92.40535877397747
87.83631415241058 97.39010405606285 92.40535877397747
87.83631415241058 97.39010405606285 92.40535877397747
87.81879063972278 97.38393750399115 92.39107224566577
87.84505701575462 97.39419896531253 92.41390496852222
87.88603191261927 97.61358323770666 92.5358589396108
87.70534727205725 97.39419896531253 92.3371453460693
87.68767602214237 97.30941704035875 92.28520976679047
87.71416388867354 97.30941704035875 92.29389046011617
87.71416388867354 97.30941704035875 92.29389046011617
87.71416388867354 97.30941704035875 92.29389046011617
87.67882133416265 97.30729964267483 92.27941176470588
87.68767602214237 97.30729964267483 92.28231185470199
87.68767602214237 97.30729964267483 92.28231185470199
87.68767602214237 97.30729964267483 92.28231185470199
87.67882133416265 97.30729964267483 92.27941176470588
87.69651799231396 97.39010405606285 92.32851985559567
87.69651799231396 97.39010405606285 92.32851985559567
87.69651799231396 97.39010405606285 92.32851985559567
87.67882133416265 97.46069617826254 92.34881593657892
87.70534727205725 97.47066437498674 92.37176499199481
87.70534727205725 97.47066437498674 92.37176499199481
87.86895439441929 97.8693938425482 92.64212687249741
87.85148572651735 97.862654156069 92.6254889178618
87.87766990291263 97.862654156069 92.6338172901808
87.47004252029377 97.74983454665784 92.35755368681592
87.34511907978538 97.74983454665784 92.28827733008971
87.15199289012538 97.55421455530204 92.09982160233538
87.16117074677581 97.55421455530204 92.1027833787604
87.32301740812379 98.35959839184744 92.55292069277998
87.32301740812379 98.35959839184744 92.55292069277998
87.31393840853222 98.35959839184744 92.55011408083442
87.33208342192242 98.36350377487989 92.5641260255589
87.33208342192242 98.36350377487989 92.5641260255589
87.33208342192242 98.36350377487989 92.5641260255589
87.31393840853222 98.20336145276579 92.48040712468193
87.34113647776877 98.28822081951428 92.53773766863942
87.34113647776877 98.28822081951428 92.53773766863942
87.34113647776877 98.28822081951428 92.53773766863942
87.32301740812379 98.36090225563909 92.5557251908397
87.35017660342399 98.36090225563909 92.5641260255589
87.35017660342399 98.36090225563909 92.5641260255589
87.35017660342399 98.36090225563909 92.5641260255589
87.31393840853222 98.35959839184744 92.55011408083442
87.32301740812379 98.35959839184744 92.55292069277998
86.8994456421312 98.17596566523605 92.23455637632925
87.06871612890782 98.24342896409551 92.35919893516495
87.05948199328367 98.24342896409551 92.356325344067
87.07793709528214 98.24760598984554 92.37067172583116
86.83360879424991 98.24760598984554 92.23405225248953
86.54959549097043 98.04972138876983 91.98255449191475
86.54004796163069 98.04972138876983 91.97955155134889
86.56864997319856 97.98003498144277 91.96916806230956
86.56864997319856 97.98003498144277 91.96916806230956
86.55912948523918 97.97524106818327 91.95715873497019
86.54959549097043 97.97363803654727 91.9511405921372
86.57815698352877 97.97363803654727 91.96016443281788
86.57815698352877 97.97363803654727 91.96016443281788
86.54004796163069 97.9720324646123 91.94511343627937
86.54004796163069 97.9720324646123 91.94511343627937
86.54959549097043 97.9720324646123 91.94812814210138
86.54959549097043 97.9720324646123 91.94812814210138
86.54004796163069 98.04972138876983 91.97955155134889
86.54004796163069 98.04972138876983 91.97955155134889
86.55912948523918 97.97684156554435 91.96016443281788
86.55912948523918 97.97684156554435 91.96016443281788
86.57326552154304 97.46900166176658 91.73995133426895
87.27508416205549 98.14437412849941 92.4324269336019
87.29327666151468 98.15024699014178 92.44947880190412
87.29327666151468 98.15024699014178 92.44947880190412
87.27508416205549 98.14437412849941 92.4324269336019
87.27508416205549 98.14437412849941 92.4324269336019
87.31141721649882 98.14584583726314 92.4466421623378
87.31141721649882 98.14584583726314 92.4466421623378
87.27508416205549 98.14437412849941 92.4324269336019
87.28418691877889 98.14437412849941 92.4352742581708
87.28418691877889 98.14437412849941 92.4352742581708
87.28418691877889 98.14437412849941 92.4352742581708
87.34667027821847 98.14437412849941 92.47006642862229
87.35572182588017 98.1487822625519 92.48138630153684
87.36476043276662 97.94754602537269 92.39414903329208
87.36476043276662 97.94754602537269 92.39414903329208
87.27508416205549 97.94266875040141 92.34224620669329
87.131672323357 97.274499830451 91.96688206785137
87.131672323357 97.274499830451 91.96688206785137
87.07290281551714 97.05440781544057 91.83521203444174
87.20927984533591 97.2349153046694 91.98793229124483
87.24577333101999 97.23708800543663 92.00291023736624
87.24577333101999 97.23708800543663 92.00291023736624
87.24577333101999 97.23708800543663 92.00291023736624
87.20927984533591 97.2349153046694 91.98793229124483
87.21842278119082 97.2349153046694 91.99093236719865
87.21842278119082 97.2349153046694 91.99093236719865
87.21842278119082 97.2349153046694 91.99093236719865
87.21842278119082 97.2349153046694 91.99093236719865
87.23666949610309 97.24142317967855 92.00589910907291
87.23666949610309 97.24142317967855 92.00589910907291
87.23666949610309 97.24142317967855 92.00589910907291
87.20927984533591 97.2349153046694 91.98793229124483
87.22755265545668 96.6538210457599 91.73901657836956
87.22755265545668 96.6538210457599 91.73901657836956
87.22755265545668 96.6538210457599 91.73901657836956
87.20927984533591 96.64335959779463 91.72050391665994
87.24577333101999 96.7215192547371 91.77014877232594
87.24577333101999 96.7215192547371 91.77014877232594
87.0812568547844 96.52170246853721 91.58920811202319
87.20927984533591 96.7189548010655 91.75477395053873
87.21842278119082 96.7189548010655 91.75785350884277
87.21842278119082 96.7189548010655 91.75785350884277
87.21842278119082 96.7189548010655 91.75785350884277
87.21842278119082 96.7189548010655 91.75785350884277
87.23666949610309 96.72663615464113 91.77321685860815
87.23666949610309 96.72663615464113 91.77321685860815
87.23666949610309 96.72663615464113 91.77321685860815
87.20927984533591 96.7189548010655 91.75477395053873
87.22755265545668 96.72918861959958 91.77321685860815
87.22755265545668 96.72918861959958 91.77321685860815
87.22755265545668 96.72918861959958 91.77321685860815
87.20927984533591 96.64335959779463 91.72050391665994
87.24577333101999 96.57056081665367 91.70175049855972
87.24577333101999 96.57056081665367 91.70175049855972
87.24577333101999 96.57056081665367 91.70175049855972
87.20927984533591 96.64335959779463 91.72050391665994
87.21842278119082 96.64335959779463 91.72359512012996
87.21842278119082 96.64335959779463 91.72359512012996
87.39909011712322 96.9176993962504 91.94719805785961
87.05696324578656 96.64335959779463 91.63482766615925
87.07540630054686 96.65121180189674 91.65039946871667
87.07540630054686 96.65121180189674 91.65039946871667
87.07540630054686 96.65121180189674 91.65039946871667
87.11912159163273 96.64335959779463 91.6690197660347
87.13748916080547 96.72918861959958 91.72177764356535
87.13748916080547 96.72918861959958 91.72177764356535
87.13748916080547 96.72918861959958 91.72177764356535
87.04772196599833 96.64335959779463 91.63170633319886
87.08460813177086 96.64598108747045 91.6472897478484
87.08460813177086 96.64598108747045 91.6472897478484
87.08460813177086 96.64598108747045 91.6472897478484
87.04772196599833 96.64335959779463 91.63170633319886
87.05696324578656 96.64335959779463 91.63482766615925
87.05696324578656 96.64335959779463 91.63482766615925
87.05696324578656 96.64335959779463 91.63482766615925
87.21842278119082 97.43371312959216 92.08039142194353
87.39853111712408 98.44373846219895 92.63470496104794
87.39853111712408 98.44373846219895 92.63470496104794
87.67643865363735 99.10106532402705 93.08248086415337
87.28418691877889 98.62677043137086 92.65008663744776
87.30235341815163 98.63113785322875 92.66668022617256
87.30235341815163 98.63113785322875 92.66668022617256
87.30235341815163 98.63113785322875 92.66668022617256
87.27508416205549 98.95743208167504 92.79397046508304
87.31141721649882 98.95826579351186 92.80755940185315
87.31141721649882 98.95826579351186 92.80755940185315
87.31141721649882 98.95826579351186 92.80755940185315
87.27508416205549 99.03669228271458 92.82904751688275
87.28418691877889 99.03669228271458 92.83175718458303
87.28418691877889 99.03669228271458 92.83175718458303
87.28418691877889 99.03669228271458 92.83175718458303
87.28418691877889 99.03669228271458 92.83175718458303
87.30235341815163 99.11820009077353 92.8803051006465
87.30235341815163 99.11820009077353 92.8803051006465
87.30235341815163 99.11820009077353 92.8803051006465
87.28418691877889 99.11607955284025 92.86684852014182
87.30235341815163 99.19816723940436 92.91803479289457
87.30235341815163 99.19816723940436 92.91803479289457
87.49153526168134 99.61584373304395 93.20887888707038
86.9990356798457 99.27523652460724 92.77881021912717
87.03603984768645 99.1962390051562 92.757447328742
87.03603984768645 99.1962390051562 92.757447328742
87.03603984768645 99.1962390051562 92.757447328742
87.160412721722 99.97157662286551 93.20039798545507
87.0083065122285 98.98954930004112 92.65575307836582
87.0083065122285 98.98954930004112 92.65575307836582
87.0083065122285 98.98954930004112 92.65575307836582
86.84762326145086 98.37651865390818 92.29449273007879
86.86631961119542 98.38038441736742 92.30893962887518
86.86631961119542 98.38038441736742 92.30893962887518
86.85697808535178 98.37651865390818 92.29738645013956
86.84762326145086 98.37651865390818 92.29449273007879
86.86631961119542 98.3816689173258 92.31182251038396
86.86631961119542 98.3816689173258 92.31182251038396
86.86631961119542 98.3816689173258 92.31182251038396
86.83825511107689 98.37651865390818 92.29159683497375
86.87564786731677 98.37780929053328 92.30605458453303
86.87564786731677 98.37780929053328 92.30605458453303
87.21336810586303 98.97455867082036 92.76449397381339
86.8533030402218 98.36594280799828 92.29534673479131
86.86266210028091 98.36594280799828 92.29824133869461
86.86266210028091 98.36594280799828 92.29824133869461
86.86266210028091 98.36594280799828 92.29824133869461
86.86266210028091 98.36594280799828 92.29824133869461
86.88134030126038 98.36983333690826 92.3126817946873
86.88134030126038 98.36983333690826 92.3126817946873
86.86266210028091 98.44425795623265 92.33293040925574
86.86266210028091 98.44425795623265 92.33293040925574
86.88134030126038 98.4491967139272 92.35018090788394
86.88134030126038 98.4491967139272 92.35018090788394
86.8533030402218 98.44425795623265 92.33004775937404
86.8533030402218 98.44425795623265 92.33004775937404
86.89065949889604 98.36724171267751 92.30979803714818
86.89065949889604 98.36724171267751 92.30979803714818
86.8533030402218 98.36594280799828 92.29534673479131
86.8533030402218 98.36594280799828 92.29534673479131
86.86266210028091 98.36594280799828 92.29824133869461
86.86266210028091 98.36594280799828 92.29824133869461
86.68420345231466 98.18017940684149 92.11585038356692
86.69365670209909 98.18450405703398 92.12765742155484
86.70309653916212 98.18450405703398 92.13060365754977
86.70309653916212 98.18450405703398 92.13060365754977
86.68420345231466 98.10228369250564 92.08132420276348
86.69365670209909 98.18450405703398 92.12765742155484
86.70309653916212 98.10828719834129 92.09909236087248
86.70309653916212 98.10828719834129 92.09909236087248
86.67473676120206 98.10228369250564 92.07835507048105
86.70309653916212 98.10378813849846 92.09021826019206
86.71252299202943 98.10378813849846 92.09317850784917
86.71252299202943 98.10378813849846 92.09317850784917
86.68420345231466 98.10228369250564 92.08132420276348
86.69365670209909 98.10228369250564 92.0842911101435
86.69365670209909 98.10228369250564 92.0842911101435
86.69365670209909 98.10228369250564 92.0842911101435
86.68420345231466 98.10228369250564 92.08132420276348
86.70309653916212 98.18450405703398 92.13060365754977
86.70309653916212 98.18450405703398 92.13060365754977
86.70309653916212 98.18450405703398 92.13060365754977
86.80420696417927 98.1001801183635 92.14759997972529
87.2787631970045 98.60359199106298 92.6412427942537
87.2787631970045 98.60359199106298 92.6412427942537
87.2787631970045 98.60359199106298 92.6412427942537
87.26056787212246 98.52175409906614 92.59247945749458
87.29690662041052 98.5229300595558 92.60640676450262
87.29690662041052 98.5229300595558 92.60640676450262
87.29690662041052 98.5229300595558 92.60640676450262
87.26056787212246 98.59913793103449 92.62459622772246
87.19820759454552 98.59913793103449 92.58968769735367
87.03682282629651 97.78984268125855 92.13919354511728
87.03682282629651 97.78984268125855 92.13919354511728
87.02756930912739 97.78984268125855 92.13624425808938
87.1173444814765 97.71797494246995 92.15390685862867
87.1173444814765 97.71797494246995 92.15390685862867
87.1173444814765 97.71797494246995 92.15390685862867
87.09895240483861 97.63540910836997 92.10464986675584
87.1173444814765 97.64285410373144 92.1223701636792
87.1173444814765 97.64285410373144 92.1223701636792
87.1173444814765 97.64285410373144 92.1223701636792
87.09895240483861 97.63727476276789 92.10760878372903
86.97505616682989 96.74450027445846 91.63138682461309
87.6974907063197 97.62873639133306 92.42886848912106
87.6974907063197 97.62873639133306 92.42886848912106
87.49903093263043 96.83154485999111 91.9630120494117
87.49903093263043 96.83154485999111 91.9630120494117
87.49903093263043 96.83154485999111 91.9630120494117
87.49903093263043 96.83154485999111 91.9630120494117
87.4900599313408 96.83154485999111 91.96000242900229
87.5169343913296 96.83897124033955 91.97802641677102
87.5169343913296 96.83897124033955 91.97802641677102
87.5169343913296 96.83897124033955 91.97802641677102
87.50798907675323 96.83897124033955 91.97502803285147
87.52586690390083 96.84881909653518 91.99298479029966
87.52586690390083 96.84881909653518 91.99298479029966
87.52586690390083 96.84881909653518 91.99298479029966
87.49903093263043 96.83402419423061 91.96601941747574
87.5347866419295 96.8364996513176 91.98102256094484
87.5347866419295 96.8364996513176 91.98102256094484
87.5347866419295 96.8364996513176 91.98102256094484
87.49903093263043 96.83154485999111 91.9630120494117
87.49903093263043 96.83154485999111 91.9630120494117
87.49903093263043 96.83154485999111 91.9630120494117
87.49903093263043 96.83154485999111 91.9630120494117
87.4900599313408 96.83154485999111 91.96000242900229
87.5169343913296 96.91468903869318 92.0124051681466
87.5169343913296 96.91468903869318 92.0124051681466
87.5169343913296 96.91468903869318 92.0124051681466
87.50798907675323 96.91468903869318 92.00941851769508
87.52586690390083 96.92430849607112 92.0273049931435
87.52586690390083 96.92430849607112 92.0273049931435
87.52586690390083 96.92430849607112 92.0273049931435
87.49903093263043 96.83402419423061 91.96601941747574
87.5347866419295 96.8364996513176 91.98102256094484
87.5347866419295 96.8364996513176 91.98102256094484
87.5347866419295 96.8364996513176 91.98102256094484
87.49903093263043 96.83154485999111 91.9630120494117
87.49903093263043 96.83154485999111 91.9630120494117
87.49903093263043 96.83154485999111 91.9630120494117
87.49903093263043 96.83154485999111 91.9630120494117
87.65667204290628 97.03281087615856 92.14278470743332
87.44532610799303 96.83897124033955 91.94066324675849
87.44532610799303 96.83897124033955 91.94066324675849
87.44532610799303 96.83897124033955 91.94066324675849
87.43632947920904 96.83897124033955 91.93765089755634
87.52586690390083 96.92430849607112 92.0273049931435
87.52586690390083 96.92430849607112 92.0273049931435
87.52586690390083 96.92430849607112 92.0273049931435
87.49903093263043 96.68271464166561 91.89724518463125
87.5347866419295 96.68530435699968 91.912365466668
87.5347866419295 96.68530435699968 91.912365466668
87.5347866419295 96.68530435699968 91.912365466668
87.50798907675323 96.68012087656643 91.89724518463125
87.50798907675323 96.68012087656643 91.89724518463125
87.50798907675323 96.68012087656643 91.89724518463125
87.50798907675323 96.68012087656643 91.89724518463125
87.4900599313408 96.68012087656643 91.89118122977347
87.50798907675323 96.68789003204587 91.90632413062131
87.50798907675323 96.68789003204587 91.90632413062131
87.50798907675323 96.68789003204587 91.90632413062131
87.12416534794859 96.20112434972312 91.47653030455322
87.67338240991863 96.69819251786464 92.00504032258064
87.67338240991863 96.69819251786464 92.00504032258064
87.67338240991863 96.69819251786464 92.00504032258064
87.64681900250442 96.68271464166561 91.97811200906268
87.68221151054068 96.68530435699968 91.99309453620322
87.68221151054068 96.68530435699968 91.99309453620322
87.67338240991863 96.68271464166561 91.98710824627695
87.49273846868829 96.09527610325779 91.6222506574241
87.49273846868829 96.09527610325779 91.6222506574241
87.49273846868829 96.09527610325779 91.6222506574241
87.4837709524271 96.09527610325779 91.6191263329772
87.47479056779397 96.09527610325779 91.61599967734455
87.49273846868829 96.17893169473398 91.66574377045053
87.49273846868829 96.17893169473398 91.66574377045053
87.4837709524271 96.17893169473398 91.66263798243493
87.4837709524271 96.17893169473398 91.66263798243493
87.51063500657436 96.26522157593004 91.71842025927043
87.51063500657436 96.26522157593004 91.71842025927043
87.4837709524271 96.09830835746968 91.6222506574241
87.2892498066512 95.90507310125257 91.42788200518791
87.32551862419989 95.90824420770632 91.44379660200508
87.32551862419989 95.90824420770632 91.44379660200508
87.29833645690438 95.90189707577822 91.42788200518791
87.29833645690438 95.90189707577822 91.42788200518791
87.29833645690438 95.90189707577822 91.42788200518791
87.29833645690438 95.90189707577822 91.42788200518791
87.28015014608286 95.90189707577822 91.42149957741377
87.28015014608286 95.90189707577822 91.42149957741377
87.29833645690438 95.91141040655847 91.43743785966075
87.29833645690438 95.91141040655847 91.43743785966075
87.2892498066512 95.91141040655847 91.43425494293523
87.2892498066512 95.91141040655847 91.43425494293523
87.31647083791555 95.99808041396291 91.49040678441828
87.31647083791555 95.99808041396291 91.49040678441828
87.2892498066512 95.97945707997066 91.46190595926578
87.30741012472487 96.05701708416309 91.50544226575141
87.32551862419989 96.05701708416309 91.51175519468129
87.32551862419989 96.05701708416309 91.51175519468129
87.30741012472487 96.125562045636 91.53318308045237
87.30741012472487 96.125562045636 91.53318308045237
87.30741012472487 96.125562045636 91.53318308045237
87.30741012472487 96.125562045636 91.53318308045237
87.28015014608286 96.125562045636 91.52371647007867
87.29833645690438 96.13457708835553 91.53948241539483
87.29833645690438 96.13457708835553 91.53948241539483
87.29833645690438 96.13457708835553 91.53948241539483
87.2892498066512 96.13457708835553 91.53633392004024
87.31647083791555 96.07224890373773 91.52435294471576
87.31647083791555 96.07224890373773 91.52435294471576
87.31647083791555 96.07224890373773 91.52435294471576
87.2892498066512 95.97945707997066 91.46190595926578
87.32551862419989 95.98257299652298 91.47776327677944
87.32551862419989 95.98257299652298 91.47776327677944
87.32551862419989 95.98257299652298 91.47776327677944
87.30741012472487 95.9763363262566 91.46508214192355
87.30741012472487 95.9763363262566 91.46508214192355
87.30741012472487 95.9763363262566 91.46508214192355
87.30741012472487 95.9763363262566 91.46508214192355
87.28015014608286 95.9763363262566 91.455546496764
87.19220378232343 96.31224142638133 91.56249685730664
86.84529186768408 95.89536634325862 91.18286246507296
86.84529186768408 95.89536634325862 91.18286246507296
86.83592998653587 95.89536634325862 91.17959404492356
86.8639757394292 95.98205903828101 91.23615498420568
86.8639757394292 95.98205903828101 91.23615498420568
86.8639757394292 95.98205903828101 91.23615498420568
86.84529186768408 95.97273335563735 91.21991767733924
86.87329778664315 95.97584672280145 91.2329123291233
86.87329778664315 95.97584672280145 91.2329123291233
86.87329778664315 95.97584672280145 91.2329123291233
86.84529186768408 96.03476143495875 91.24074408524471
86.85464044253227 96.03476143495875 91.24399466415254
86.85464044253227 96.03476143495875 91.24399466415254
86.85464044253227 96.03476143495875 91.24399466415254
86.82655477065809 96.03476143495875 91.23423568158084
86.84529186768408 96.04397905759163 91.2504885895547
86.84529186768408 96.04397905759163 91.2504885895547
86.84529186768408 96.04397905759163 91.2504885895547
86.83592998653587 96.04397905759163 91.24724283136155
86.73303028559373 96.12746738039478 91.2305799261712
86.73303028559373 96.12746738039478 91.2305799261712
86.73303028559373 96.12746738039478 91.2305799261712
86.71417321322245 96.11845828180999 91.21432007697243
86.75183390473272 96.1244689978446 91.23382467649353
86.75183390473272 96.1244689978446 91.23382467649353
86.75183390473272 96.1244689978446 91.23382467649353
86.7236084452975 96.10940716776607 91.20779924174039
86.73303028559373 96.10940716776607 91.21106086886775
86.73303028559373 96.10940716776607 91.21106086886775
86.73303028559373 96.10940716776607 91.21106086886775
86.70472456079652 96.10940716776607 91.20126871963706
86.7236084452975 96.11845828180999 91.21757686874456
86.7236084452975 96.11845828180999 91.21757686874456
86.7236084452975 96.11845828180999 91.21757686874456
86.71417321322245 96.19305310848225 91.24815769157502
86.73303028559373 96.27643979057592 91.29816692862936
86.73303028559373 96.27643979057592 91.29816692862936
86.73303028559373 96.27643979057592 91.29816692862936
86.71417321322245 96.19305310848225 91.24815769157502
86.96169722568878 95.983868608563 91.2849452682556
87.11557325024522 96.16874280330786 91.45331702720584
87.99222923749393 96.96451565237582 92.29524117837488
87.96627988474418 96.8008124920655 92.2028673980492
87.9749421217486 96.8008124920655 92.20579143143833
87.9749421217486 96.8008124920655 92.20579143143833
87.9749421217486 96.8008124920655 92.20579143143833
87.94891791772275 96.8008124920655 92.19701274454096
87.95760515907807 96.8008124920655 92.19994116990739
87.95760515907807 96.8008124920655 92.19994116990739
87.95760515907807 96.8008124920655 92.19994116990739
87.94891791772275 96.8008124920655 92.19701274454096
87.9749421217486 96.81576952236543 92.22328967993123
87.9749421217486 96.81576952236543 92.22328967993123
87.9749421217486 96.81576952236543 92.22328967993123
87.95760515907807 96.73275680236237 92.17415963620527
87.99222923749393 96.73784853845507 92.19171576107277
87.99222923749393 96.73784853845507 92.19171576107277
87.99222923749393 96.73784853845507 92.19171576107277
87.96627988474418 96.49862898122758 92.06471338611375
88.46718184485964 97.0451604692107 92.58584542734434
88.43949854295829 96.62703022366782 92.37900850951482
88.61454046639233 96.83359437836008 92.56888762261386
88.58972092931911 96.83359437836008 92.56048489787602
88.59800612292959 96.83359437836008 92.56328791674304
88.59800612292959 96.83359437836008 92.56328791674304
88.59800612292959 96.83359437836008 92.56328791674304
88.58972092931911 96.83359437836008 92.56048489787602
88.61454046639233 96.8484031347434 92.58563625657374
88.61454046639233 96.8484031347434 92.58563625657374
88.61454046639233 96.8484031347434 92.58563625657374
88.59800612292959 96.84101611166248 92.57168431438365
88.63102692548527 96.77045588607062 92.55366635555737
88.63102692548527 96.77045588607062 92.55366635555737
88.63102692548527 96.77045588607062 92.55366635555737
88.61454046639233 96.7603550295858 92.53685815963397
88.62278966847474 96.7603550295858 92.5396647931129
88.62278966847474 96.7603550295858 92.5396647931129
88.61454046639233 96.7578199352833 92.53404941360756
88.58972092931911 96.7578199352833 92.52561047636505
88.4123533674089 96.50269996625043 92.31042641996122
88.4123533674089 96.50269996625043 92.31042641996122
88.4039509269784 96.50269996625043 92.3075360139789
88.4039509269784 96.50269996625043 92.3075360139789
88.42912177092907 96.59403693820519 92.36807454674366
88.42912177092907 96.59403693820519 92.36807454674366
88.4123533674089 96.43578097400959 92.2844482300571
88.4123533674089 96.43578097400959 92.2844482300571
88.37359161117729 96.44131849674575 92.26434374399288
88.37359161117729 96.44131849674575 92.26434374399288
88.35676711578701 96.43022619097763 92.24693010474655
88.35676711578701 96.43022619097763 92.24693010474655
88.43748778676672 96.43022619097763 92.28734187479728
88.43748778676672 96.43022619097763 92.28734187479728
88.4039509269784 96.50269996625043 92.3075360139789
88.4039509269784 96.50269996625043 92.3075360139789
88.4123533674089 96.50269996625043 92.31042641996122
88.4123533674089 96.50269996625043 92.31042641996122
88.4039509269784 96.50269996625043 92.3075360139789
88.4039509269784 96.50269996625043 92.3075360139789
88.42912177092907 96.59403693820519 92.36807454674366
88.42912177092907 96.59403693820519 92.36807454674366
88.4123533674089 96.58607472305295 92.35374701912832
88.19472933638086 96.33044866409007 92.11818172616577
87.73286808180673 95.80170184366396 91.62287884420243
87.73286808180673 95.80170184366396 91.62287884420243
87.71524528741433 95.71461421075736 91.57003663888553
87.72406300923411 95.71461421075736 91.57317502641243
87.73286808180673 95.71461421075736 91.57631107803101
87.73286808180673 95.71461421075736 91.57631107803101
87.69757178684604 95.7112970711297 91.56060743472698
87.7064148890702 95.7112970711297 91.56375284565948
87.7064148890702 95.7112970711297 91.56375284565948
87.7064148890702 95.7112970711297 91.56375284565948
87.69757178684604 95.7112970711297 91.56060743472698
88.33411470542272 96.44610414131665 92.24847761435595
88.33411470542272 96.44610414131665 92.24847761435595
88.33411470542272 96.44610414131665 92.24847761435595
88.31722680856059 96.43780885290715 92.23394444275537
88.34254035800035 96.44334334124169 92.24847761435595
88.15325580942364 96.32200297762587 92.09011592680858
88.5032071339174 96.59341814740826 92.40457589851152
88.48654576789001 96.58278313329255 92.38745188841158
88.5032071339174 96.58278313329255 92.39316846452817
88.5032071339174 96.58278313329255 92.39316846452817
88.5032071339174 96.58278313329255 92.39316846452817
88.78151508590997 97.02252194935743 92.75134489552178
88.78967863745427 97.02252194935743 92.75408163265307
89.21605438412742 97.48561687619859 93.19819958373063
89.21605438412742 97.48561687619859 93.19819958373063
89.20816358818178 97.48561687619859 93.19561828177567
89.23180140892319 97.65070733676026 93.28934581351338
89.23180140892319 97.65070733676026 93.28934581351338
89.23180140892319 97.65070733676026 93.28934581351338
89.21605438412742 97.64515510890625 93.2766219124731
89.23180140892319 97.64885950553773 93.28680488753352
89.23180140892319 97.64885950553773 93.28680488753352
89.23180140892319 97.64885950553773 93.28680488753352
89.21605438412742 97.64143902074936 93.27151883154181
89.23965768821233 97.56445770296186 93.24382450534596
89.25901820405105 97.78741216923306 93.35664335664336
89.07104900610116 97.56445770296186 93.15224063842848
89.03912202439699 97.5625359861813 93.13925477935523
89.04712124499497 97.5625359861813 93.14185588982704
89.04712124499497 97.5625359861813 93.14185588982704
89.04712124499497 97.5625359861813 93.14185588982704
88.61408506040664 97.09871171763906 92.69551733284365
89.03502726968438 97.51813669339442 93.12168771890413
89.4382911392405 97.99415940144523 93.55924204651545
89.4382911392405 97.99415940144523 93.55924204651545
89.42281028403913 97.98940216230075 93.54699449058465
89.4382911392405 97.99257615837529 93.55679625600393
89.4382911392405 97.99257615837529 93.55679625600393
89.4382911392405 97.99257615837529 93.55679625600393
89.42281028403913 97.98621811333675 93.5420824161129
89.446014585845 97.98621811333675 93.54944772668892
89.446014585845 97.98621811333675 93.54944772668892
89.446014585845 97.98621811333675 93.54944772668892
89.41505282562588 97.9846223040843 93.5371628577311
89.42281028403913 97.9846223040843 93.53962357347932
89.42281028403913 97.9846223040843 93.53962357347932
89.783823558658 98.18650069749974 93.8283201552468
89.77630060104286 98.18650069749974 93.82596214413317
88.95166847130623 97.24142317967855 92.9458844186735
88.7315645804285 96.9823210962612 92.70738934313556
88.02454704850963 96.15070130196868 91.94159168711563
88.00725768690495 96.14172235531458 91.92650897391796
88.03317304884459 96.15666408490506 91.95061429522484
88.03317304884459 96.15666408490506 91.95061429522484
88.03317304884459 96.15666408490506 91.95061429522484
88.01590860351315 96.07007973143097 91.89817388052914
88.04178663139055 95.99555527601316 91.87293771001302
88.04178663139055 95.99555527601316 91.87293771001302
88.04178663139055 95.99555527601316 91.87293771001302
88.00725768690495 95.99244649601343 91.85773787860407
88.01590860351315 95.99244649601343 91.86078239164047
88.01590860351315 95.99244649601343 91.86078239164047
88.01590860351315 95.99244649601343 91.86078239164047
88.00725768690495 95.99244649601343 91.85773787860407
88.7385352632716 96.80013508664543 92.6272203796773
88.7385352632716 96.80013508664543 92.6272203796773
89.18870904066326 96.80013508664543 92.8700388628783
89.17289368600008 96.79262048830026 92.8565588848465
89.73646610573107 97.27663539526905 93.38715130156844
89.96140532367804 97.5368935131118 93.62886576760715
89.96140532367804 97.5368935131118 93.62886576760715
89.94660503665924 97.5291285918163 93.61430527388588
89.96878913782479 97.5291285918163 93.62159383033419
89.96878913782479 97.5291285918163 93.62159383033419
89.96878913782479 97.5291285918163 93.62159383033419
89.93918851560163 97.45031631414149 93.57376779057074
89.94660503665924 97.45031631414149 93.57621552620472
89.94660503665924 97.45031631414149 93.57621552620472
89.94660503665924 97.45031631414149 93.57621552620472
89.93918851560163 97.45031631414149 93.57376779057074
89.9540106313086 97.45633048578351 93.58598785038083
89.9540106313086 97.45633048578351 93.58598785038083
89.9540106313086 97.45633048578351 93.58598785038083
89.30529983567935 96.92591258659775 92.98960209595546
89.08238446081714 96.87249567674723 92.84783051537991
88.95271067747265 96.91132724319078 92.79584669415178
88.76587558643975 96.69304929903592 92.59413503438329
88.74953311447051 96.68271464166561 92.57739725330103
88.77402903099254 96.68271464166561 92.58577559031097
88.77402903099254 96.68271464166561 92.58577559031097
88.77402903099254 96.68271464166561 92.58577559031097
88.74134403525338 96.68012087656643 92.57180116756493
88.74953311447051 96.68012087656643 92.57460026479275
88.74953311447051 96.68012087656643 92.57460026479275
88.74953311447051 96.68012087656643 92.57460026479275
88.74134403525338 96.68012087656643 92.57180116756493
88.75771028955329 96.61252606964545 92.55095298602288
88.75771028955329 96.61252606964545 92.55095298602288
88.74953311447051 96.60458634232864 92.53972940230283
88.74134403525338 96.60458634232864 92.53691821977799
88.76587558643975 96.61779862440318 92.55934853684788
89.69552712486363 97.70286078910986 93.56255773375757
89.6879590297352 97.6204171193626 93.5171960254421
89.68037980969787 97.61853999658878 93.51226284127718
89.70308411955918 97.61853999658878 93.51965980525083
89.70308411955918 97.61853999658878 93.51965980525083
89.67278944020356 97.61665990995797 93.50732214343786
89.67278944020356 97.61665990995797 93.50732214343786
89.68037980969787 97.61665990995797 93.50979343263928
89.68037980969787 97.61665990995797 93.50979343263928
89.67278944020356 97.61665990995797 93.50732214343786
89.67278944020356 97.61665990995797 93.50732214343786
89.6879590297352 97.69923947082508 93.55521532280439
89.6879590297352 97.69923947082508 93.55521532280439
89.67278944020356 97.61665990995797 93.50732214343786
89.67278944020356 97.61665990995797 93.50732214343786
89.6879590297352 97.62416250132937 93.52212171305946
89.37041359257867 97.2538882061279 93.17960941576045
89.35483231979082 97.24524933044253 93.16408452870428
89.35483231979082 97.24524933044253 93.16408452870428
89.38594931958681 97.24741414098507 93.17702683341179
89.38594931958681 97.24741414098507 93.17702683341179
89.35483231979082 97.24524933044253 93.16408452870428
89.36262866191608 97.24524933044253 93.16667691613883
89.36262866191608 97.24524933044253 93.16667691613883
89.19842728152845 97.03692705792521 92.98179214402619
89.4422981674096 97.24524933044253 93.20966766132422
89.45003167564143 97.25173357083784 93.21995720238766
89.45775386258877 97.25173357083784 93.22252471700817
89.45775386258877 97.25173357083784 93.22252471700817
89.36899455175829 97.24524933044253 93.17172711518545
89.38455755801303 97.33019488092967 93.22252471700817
89.38455755801303 97.33019488092967 93.22252471700817
89.38455755801303 97.33019488092967 93.22252471700817
89.36899455175829 97.32178944457445 93.20709039432113
89.40007506469392 97.32389576159504 93.21995720238766
89.96163555767586 98.15847017965099 93.90838860066218
90.11748307447233 98.31021600034354 94.06264851127136
90.08827288704266 98.30887251004577 94.0512788663582
90.09559161028957 98.30887251004577 94.05355627754899
90.09559161028957 98.30887251004577 94.05355627754899
90.09559161028957 98.30887251004577 94.05355627754899
90.09559161028957 98.30887251004577 94.05355627754899
90.11019668015065 98.39093776147261 94.10087402111701
90.11019668015065 98.39093776147261 94.10087402111701
90.24146876870884 98.39093776147261 94.17189648576834
90.21980439608792 98.38709677419355 94.15848868900196
90.2342579833443 98.39221402846853 94.17189648576834
90.2342579833443 98.39221402846853 94.17189648576834
90.2342579833443 98.39221402846853 94.17189648576834
90.21980439608792 98.38709677419355 94.15848868900196
90.24866891339462 98.38837913917958 94.16966612883208
90.24866891339462 98.38837913917958 94.16966612883208
90.24866891339462 98.38837913917958 94.16966612883208
90.21980439608792 98.38709677419355 94.15848868900196
90.22703653369574 98.38709677419355 94.16072760420982
90.22703653369574 98.38709677419355 94.16072760420982
90.22703653369574 98.38709677419355 94.16072760420982
90.22703653369574 98.38709677419355 94.16072760420982
90.24146876870884 98.39093776147261 94.17189648576834
90.24146876870884 98.39093776147261 94.17189648576834
90.24146876870884 98.39093776147261 94.17189648576834
90.21980439608792 98.38709677419355 94.15848868900196
90.2342579833443 98.39221402846853 94.17189648576834
89.29270172526235 97.29099542140072 93.15483191343567
89.29270172526235 97.29099542140072 93.15483191343567
89.27702020701803 97.35906875784724 93.1745934083964
88.60370413876815 96.39368421052632 92.360364381505
88.60370413876815 96.39368421052632 92.360364381505
88.60370413876815 96.39368421052632 92.360364381505
88.57058708030631 96.39087289046205 92.34600022359314
88.57888437616496 96.39087289046205 92.34887737478411
88.57888437616496 96.39087289046205 92.34887737478411
88.57888437616496 96.39087289046205 92.34887737478411
88.57888437616496 96.39087289046205 92.34887737478411
88.59544287925394 96.39929373187034 92.36323074582974
88.59544287925394 96.39929373187034 92.36323074582974
88.59544287925394 96.39929373187034 92.36323074582974
88.64323581386216 96.39087289046205 92.38360452471213
88.65971296368912 96.47706730567116 92.43543184077583
88.65971296368912 96.47706730567116 92.43543184077583
88.65971296368912 96.47706730567116 92.43543184077583
88.57058708030631 96.46607346181419 92.38073935499614
88.60370413876815 96.4688283505046 92.39504368739915
88.60370413876815 96.4688283505046 92.39504368739915
88.60370413876815 96.4688283505046 92.39504368739915
88.57058708030631 96.46607346181419 92.38073935499614
88.57888437616496 96.46607346181419 92.38360452471213
88.57888437616496 96.46607346181419 92.38360452471213
88.57888437616496 96.46607346181419 92.38360452471213
88.57888437616496 96.46607346181419 92.38360452471213
88.59544287925394 96.39929373187034 92.36323074582974
88.59544287925394 96.39929373187034 92.36323074582974
88.59544287925394 96.39929373187034 92.36323074582974
88.57888437616496 96.39087289046205 92.34887737478411
88.59544287925394 96.40209195354015 92.36609496006163
88.59544287925394 96.40209195354015 92.36609496006163
88.59544287925394 96.40209195354015 92.36609496006163
88.57058708030631 96.39087289046205 92.34600022359314
88.60370413876815 96.39368421052632 92.360364381505
88.60370413876815 96.39368421052632 92.360364381505
88.60370413876815 96.39368421052632 92.360364381505
88.57058708030631 96.46607346181419 92.38073935499614
88.57888437616496 96.46607346181419 92.38360452471213
88.57888437616496 96.46607346181419 92.38360452471213
88.74081063018437 96.61682716675114 92.54067151263413
88.74081063018437 96.61682716675114 92.54067151263413
88.75716416738635 96.7756230348815 92.62434282111515
88.75716416738635 96.7756230348815 92.62434282111515
88.75716416738635 96.7756230348815 92.62434282111515
88.74081063018437 96.69238085173835 92.57554308527432
88.75716416738635 96.62736842105262 92.55749228018853
88.75716416738635 96.62736842105262 92.55749228018853
88.75716416738635 96.62736842105262 92.55749228018853
88.73261600802566 96.61682716675114 92.53786065648902
88.76532313425517 96.61946865306294 92.55189379307541
88.76532313425517 96.61946865306294 92.55189379307541
88.76532313425517 96.61946865306294 92.55189379307541
88.73261600802566 96.61682716675114 92.53786065648902
88.74081063018437 96.61682716675114 92.54067151263413
88.74081063018437 96.61682716675114 92.54067151263413
88.74081063018437 96.61682716675114 92.54067151263413
88.74081063018437 96.61682716675114 92.54067151263413
88.75716416738635 96.62473927058971 92.55469408907541
88.75716416738635 96.62473927058971 92.55469408907541
88.75716416738635 96.62473927058971 92.55469408907541
88.74081063018437 96.61682716675114 92.54067151263413
88.75716416738635 96.70269473063227 92.59229151212772
88.75716416738635 96.70269473063227 92.59229151212772
88.75716416738635 96.70269473063227 92.59229151212772
88.73261600802566 96.69238085173835 92.5727443149401
88.76532313425517 96.69496536577125 92.58671710546386
88.76532313425517 96.69496536577125 92.58671710546386
88.74899334132112 96.69238085173835 92.5783397471138
88.73261600802566 96.69238085173835 92.5727443149401
88.74081063018437 96.69238085173835 92.57554308527432
88.74081063018437 96.69238085173835 92.57554308527432
88.74081063018437 96.69238085173835 92.57554308527432
88.74081063018437 96.69238085173835 92.57554308527432
88.75716416738635 96.7756230348815 92.62434282111515
88.75716416738635 96.7756230348815 92.62434282111515
88.74081063018437 96.76805279411143 92.61044094873257
88.74081063018437 96.76805279411143 92.61044094873257
88.75716416738635 96.7781385737781 92.6271169211377
88.75716416738635 96.7781385737781 92.6271169211377
88.71865473497887 96.76805279411143 92.60010395116333
89.0883596002686 97.01017811704835 92.91163057038264
89.12016068685756 97.01252198232937 92.92501454393289
89.12016068685756 97.01252198232937 92.92501454393289
89.0883596002686 97.0863484922437 92.94679664883333
89.0883596002686 97.0863484922437 92.94679664883333
89.09632728779775 97.0863484922437 92.94946520236415
89.09632728779775 97.0863484922437 92.94946520236415
89.09632728779775 97.0863484922437 92.94946520236415
89.10428334779522 97.09319557945548 92.96011925425252
89.11222780569514 97.09319557945548 92.96277773808673
89.11222780569514 97.09319557945548 92.96277773808673
89.09632728779775 97.16263857622222 92.98464560082654
89.10428334779522 97.1693116087887 92.99525049793166
89.11222780569514 97.17152898335945 93.00054093224058
89.11222780569514 97.17152898335945 93.00054093224058
89.0883596002686 97.16263857622222 92.98198935734753
89.11222780569514 97.16486641342868 92.99260228062288
89.12016068685756 97.16486641342868 92.99525049793166
88.71465346145533 96.56584418599743 92.50300205564488
88.85083938517249 96.68625047550616 92.63214747933843
89.58304419374666 97.49392660785065 93.39892977825251
89.58304419374666 97.49392660785065 93.39892977825251
89.58304419374666 97.49392660785065 93.39892977825251
89.57539682539682 97.49392660785065 93.39642027824014
89.59068035027936 97.49984055105556 93.40894873398898
89.59068035027936 97.49984055105556 93.40894873398898
89.59068035027936 97.49984055105556 93.40894873398898
89.57539682539682 97.49392660785065 93.39642027824014
89.59068035027936 97.50180566767217 93.4114487226801
89.59068035027936 97.50180566767217 93.4114487226801
89.59068035027936 97.50180566767217 93.4114487226801
89.57539682539682 97.34251759253354 93.32799655161796
89.60591912637493 97.34460636444746 93.34064042941141
89.60591912637493 97.34460636444746 93.34064042941141
89.60591912637493 97.34460636444746 93.34064042941141
89.57539682539682 97.41711560164384 93.36092766245905
89.50968535004064 97.41711560164384 93.32546201232033
89.50968535004064 97.41711560164384 93.32546201232033
89.50968535004064 97.41711560164384 93.32546201232033
89.71916146226978 97.6395765750384 93.54294067988552
89.61908914344603 97.50191342801259 93.42523642480562
89.61908914344603 97.50191342801259 93.42523642480562
89.61908914344603 97.50191342801259 93.42523642480562
89.60384248967927 97.49600426212041 93.41273674583029
89.61908914344603 97.50387695706668 93.42773067024844
89.61908914344603 97.50387695706668 93.42773067024844
89.61908914344603 97.50387695706668 93.42773067024844
89.60384248967927 97.49797708785827 93.41524048240298
89.6342911422465 97.42325027638404 93.3923007543457
89.6342911422465 97.42325027638404 93.3923007543457
89.6342911422465 97.42325027638404 93.3923007543457
89.60384248967927 97.41918998339084 93.37723173011732
89.60384248967927 97.41918998339084 93.37723173011732
89.77489659560929 98.22233672549272 93.83994383994384
89.77489659560929 98.22233672549272 93.83994383994384
89.76736781357585 98.22233672549272 93.83758997820901
89.78992097216155 98.2265630019919 93.85168622682919
89.78992097216155 98.2265630019919 93.85168622682919
89.78992097216155 98.2265630019919 93.85168622682919
89.60258596755641 98.01453301987604 93.65433673469387
89.43894389438944 98.08975588956402 93.60347055565812
89.25197704458951 97.8685839484376 93.40039706093043
89.25197704458951 97.8685839484376 93.40039706093043
89.2283975017788 97.85847100814294 93.37783026133388
89.25981396815386 97.86016315722034 93.39038638925899
89.25981396815386 97.86016315722034 93.39038638925899
89.25981396815386 97.86016315722034 93.39038638925899
89.2283975017788 97.85677618069816 93.37531330895345
89.2283975017788 97.85677618069816 93.37531330895345
89.2283975017788 97.85677618069816 93.37531330895345
89.2283975017788 97.85677618069816 93.37531330895345
89.22051464625487 97.85677618069816 93.37279444256045
89.24412867574502 97.86185263427437 93.38787897429587
89.24412867574502 97.86185263427437 93.38787897429587
89.24412867574502 97.86185263427437 93.38787897429587
89.23626883652953 97.86185263427437 93.38536965619102
89.25197704458951 97.8685839484376 93.40039706093043
89.25197704458951 97.8685839484376 93.40039706093043
89.25197704458951 97.8685839484376 93.40039706093043
89.34671178926953 98.22796215647995 93.61141421836075
89.00373354293575 97.70575692963752 93.18028428264648
89.00373354293575 97.70575692963752 93.18028428264648
89.00373354293575 97.70575692963752 93.18028428264648
88.97166055732923 97.70213129457993 93.16476713676616
88.97166055732923 97.70213129457993 93.16476713676616
88.97166055732923 97.70213129457993 93.16476713676616
88.97166055732923 97.70213129457993 93.16476713676616
88.96361305591165 97.70213129457993 93.16217407798545
88.91490869017632 97.7075654600848 93.13985248534571
88.91490869017632 97.7075654600848 93.13985248534571
88.91490869017632 97.7075654600848 93.13985248534571
88.90683156422931 97.7075654600848 93.13725490196079
88.9957327984583 97.6380459233479 93.15539678489411
88.9957327984583 97.6380459233479 93.15539678489411
88.9957327984583 97.6380459233479 93.15539678489411
88.97166055732923 97.54990732258133 93.09677617502227
89.00373354293575 97.62873639133306 93.14504175738804
89.00373354293575 97.62873639133306 93.14504175738804
89.00373354293575 97.62873639133306 93.14504175738804
89.04457845571716 97.62499199795147 93.16735822959889
89.04457845571716 97.62499199795147 93.16735822959889
89.04457845571716 97.62499199795147 93.16735822959889
89.04457845571716 97.62499199795147 93.16735822959889
88.96361305591165 97.62499199795147 93.12684486716957
88.97969633116051 97.63060416400562 93.13985248534571
88.97969633116051 97.63060416400562 93.13985248534571
88.97969633116051 97.63060416400562 93.13985248534571
88.97166055732923 97.63060416400562 93.13725490196079
88.9957327984583 97.6380459233479 93.15539678489411
88.9957327984583 97.6380459233479 93.15539678489411
88.9957327984583 97.6380459233479 93.15539678489411
88.97166055732923 97.54990732258133 93.09677617502227
89.00373354293575 97.55183718652873 93.10982588081418
89.00373354293575 97.55183718652873 93.10982588081418
88.9957327984583 97.54990732258133 93.10461192350957
88.97969633116051 97.54797441364606 93.09677617502227
88.97969633116051 97.54797441364606 93.09677617502227
88.97969633116051 97.54797441364606 93.09677617502227
88.97166055732923 97.54797441364606 93.09416029987095
88.57580458303062 97.10077256133798 92.67566271941902
89.31741356474984 97.50605944635795 93.26579322072095
89.31741356474984 97.50605944635795 93.26579322072095
89.30959446092977 97.50605944635795 93.2632398753894
89.30959446092977 97.50605944635795 93.2632398753894
89.33301750853714 97.51388241278454 93.2810727389798
89.33301750853714 97.51388241278454 93.2810727389798
89.30959446092977 97.42536757665383 93.22275415953335
89.30959446092977 97.42536757665383 93.22275415953335
89.3408023985167 97.42739294978101 93.23558302296075
89.3408023985167 97.42739294978101 93.23558302296075
89.31741356474984 97.42333901192505 93.22275415953335
89.31741356474984 97.42333901192505 93.22275415953335
89.31741356474984 97.42333901192505 93.22275415953335
89.31741356474984 97.42333901192505 93.22275415953335
89.30176390236177 97.42333901192505 93.21760897889672
89.30176390236177 97.42333901192505 93.21760897889672
89.31741356474984 97.42941513883284 93.23045731020501
89.31741356474984 97.42941513883284 93.23045731020501
89.30959446092977 97.42941513883284 93.22789153973018
89.65366589880054 97.82010536868374 93.59413404086838
89.28543244949495 97.40859145089237 93.20676872172466
89.28543244949495 97.40859145089237 93.20676872172466
89.26191747236886 97.47307020905181 93.21893163575976
89.27760557540819 97.47505902873796 93.22663881550655
89.29324790537211 97.47505902873796 93.23176720962593
89.29324790537211 97.47505902873796 93.23176720962593
89.27760557540819 97.4710782538296 93.22150264376768
89.27760557540819 97.4710782538296 93.22150264376768
89.27760557540819 97.4710782538296 93.22150264376768
89.27760557540819 97.4710782538296 93.22150264376768
89.25405619311437 97.4710782538296 93.2137837643752
89.26976725807089 97.47704472028566 93.22663881550655
89.26976725807089 97.47704472028566 93.22663881550655
89.26976725807089 97.47704472028566 93.22663881550655
89.26191747236886 97.47704472028566 93.22407170294494
89.28543244949495 97.48495635223324 93.24200073556455
89.28543244949495 97.48495635223324 93.24200073556455
89.28543244949495 97.48495635223324 93.24200073556455
89.26191747236886 97.47307020905181 93.21893163575976
89.12106723333923 97.28260869565217 93.04992494409102
89.11580687049934 97.47505902873796 93.1355213262876
89.11580687049934 97.47505902873796 93.1355213262876
89.09993694829761 97.4710782538296 93.12512155923389
89.09993694829761 97.4710782538296 93.12512155923389
89.09993694829761 97.4710782538296 93.12512155923389
89.09993694829761 97.4710782538296 93.12512155923389
89.07604510179499 97.4710782538296 93.11730103097008
89.09198461993493 97.47704472028566 93.130325378722
89.09198461993493 97.47704472028566 93.130325378722
89.09198461993493 97.47704472028566 93.130325378722
89.25309398600292 98.27918738213613 93.58739691092693
89.27662596413705 98.2846278731949 93.6044305420235
89.27662596413705 98.2846278731949 93.6044305420235
89.27662596413705 98.2846278731949 93.6044305420235
89.26094944586025 98.28055073767158 93.59227291409782
89.28444707273803 98.28191193461423 93.60200270858128
89.28444707273803 98.28191193461423 93.60200270858128
89.28444707273803 98.28191193461423 93.60200270858128
89.26094944586025 98.27508431250402 93.58251348124973
89.61198525623242 98.68633922215751 93.95998801912808
89.51619288938159 98.74598001338197 93.93476307990954
89.12452205447595 98.27508431250402 93.50607969904718
89.1006775040986 98.27508431250402 93.49866227618851
89.11658547168695 98.43528654217644 93.58214017740593
89.11658547168695 98.43528654217644 93.58214017740593
89.11658547168695 98.43528654217644 93.58214017740593
89.10863729669983 98.43528654217644 93.57969852139757
89.12452205447595 98.43900558874542 93.59188825829493
89.12452205447595 98.43900558874542 93.59188825829493
89.12452205447595 98.43900558874542 93.59188825829493
89.10863729669983 98.35717502734467 93.54410993822655
89.14036054475321 98.3597781632085 93.55880754360956
89.14036054475321 98.3597781632085 93.55880754360956
89.14036054475321 98.3597781632085 93.55880754360956
89.11658547168695 98.35325479404936 93.53919581966117
89.12452205447595 98.35325479404936 93.54165381372489
89.12452205447595 98.35325479404936 93.54165381372489
89.12452205447595 98.35325479404936 93.54165381372489
89.1006775040986 98.35325479404936 93.53427421430263
89.54043716929905 98.47121722886652 93.82999773275347
89.67193919066426 98.47121722886652 93.90160891089108
89.83775400644211 98.66824440619621 94.08208816417633
89.8302723998647 98.66824440619621 94.07982467928507
89.84522461306153 98.67141722650298 94.09112482202183
89.84522461306153 98.67141722650298 94.09112482202183
89.84522461306153 98.67141722650298 94.09112482202183
89.8302723998647 98.66824440619621 94.07982467928507
89.8601329233211 98.74884450845927 94.1292998493634
89.8601329233211 98.74884450845927 94.1292998493634
89.8601329233211 98.74884450845927 94.1292998493634
89.83775400644211 98.66505639543661 94.07529251109526
89.84522461306153 98.66505639543661 94.0775594622544
89.84522461306153 98.66505639543661 94.0775594622544
89.84522461306153 98.66505639543661 94.0775594622544
89.82277976901632 98.66505639543661 94.07075339842011
89.8302723998647 98.66505639543661 94.07302382381553
89.8302723998647 98.66505639543661 94.07302382381553
89.8302723998647 98.66505639543661 94.07302382381553
89.82277976901632 98.66505639543661 94.07075339842011
90.07071008863659 98.48329048843188 94.12705785209269
90.62305857832823 99.05196931827976 94.68804186437686
90.62305857832823 99.05196931827976 94.68804186437686
90.60913196186652 99.04969655083043 94.67781869629445
90.9025227286411 99.05121293800539 94.83378723935053
91.20454270871089 99.24810405548473 95.08781072489447
91.02857831906427 98.43143977543018 94.61446720248898
91.00852015227507 98.50360641619119 94.63430878741205
91.0152161661702 98.50360641619119 94.6363740390517
91.0152161661702 98.50360641619119 94.6363740390517
91.0152161661702 98.50360641619119 94.6363740390517
90.99509813809938 98.50360641619119 94.63017350913371
91.00181415037291 98.50360641619119 94.63224194471917
91.00181415037291 98.50360641619119 94.63224194471917
91.00181415037291 98.50360641619119 94.63224194471917
90.99509813809938 98.50360641619119 94.63017350913371
91.0152161661702 98.43268242548818 94.61239988380296
91.0152161661702 98.43268242548818 94.61239988380296
91.0152161661702 98.43268242548818 94.61239988380296
91.00181415037291 98.50717415585531 94.63843770147453
90.8605817452357 98.31556868284747 94.47044692043242
91.05419749115471 98.50954321252414 94.66453607819535
91.05419749115471 98.50954321252414 94.66453607819535
91.04086974028588 98.5047975560432 94.6522173225726
91.04753857605569 98.5047975560432 94.65427439728036
91.04753857605569 98.5047975560432 94.65427439728036
91.04753857605569 98.5047975560432 94.65427439728036
91.02080348675317 98.50360641619119 94.64397316778468
91.0275022179208 98.50360641619119 94.64603658854031
91.0275022179208 98.50360641619119 94.64603658854031
91.02080348675317 98.50360641619119 94.64397316778468
91.02080348675317 98.50360641619119 94.64397316778468
91.04086974028588 98.5107249233934 94.66248689496247
91.04086974028588 98.5107249233934 94.66248689496247
91.03419096165858 98.50717415585531 94.65427439728036
91.0275022179208 98.71071889797676 94.746814358291
90.97981666130589 98.71276915803499 94.72049689440993
90.97981666130589 98.71276915803499 94.72049689440993
91.14253439302861 99.4051366665943 95.12521566372143
91.14253439302861 99.4051366665943 95.12521566372143
91.38582072976192 99.36414930555556 95.23445916969133
91.58369758782581 99.59541469993258 95.44811246579795
91.55841519850613 99.59508881922675 95.43926725767825
91.55841519850613 99.59508881922675 95.43926725767825
91.38681403210461 98.5651499482937 94.86729912228519
91.38681403210461 98.5651499482937 94.86729912228519
91.38035815574102 98.5651499482937 94.86531634996868
91.38035815574102 98.5651499482937 94.86531634996868
91.39969681657402 98.57197993052876 94.88310634357475
91.39969681657402 98.57197993052876 94.88310634357475
91.38681403210461 98.56857308659488 94.87323826202986
91.38681403210461 98.56857308659488 94.87323826202986
91.40612376797544 98.49264548222479 94.84659386375455
91.40612376797544 98.49264548222479 94.84659386375455
91.57107535162741 99.93234100135318 95.60004203446827
91.57107535162741 99.93234100135318 95.60004203446827
91.58369758782581 99.93234100135318 95.6034609488208
91.58369758782581 99.93234100135318 95.6034609488208
91.55841519850613 99.85158671264568 95.55770565593252
91.56475002535241 99.85158671264568 95.55943357547596
91.56475002535241 99.85158671264568 95.55943357547596
91.56475002535241 99.85158671264568 95.55943357547596
91.55841519850613 99.85158671264568 95.55770565593252
91.57739119868769 99.77212058076698 95.53616325846464
91.57739119868769 99.77212058076698 95.53616325846464
91.57739119868769 99.77212058076698 95.53616325846464
91.56475002535241 99.77157029108471 95.527495250391
91.58369758782581 99.7719374456994 95.53616325846464
91.58369758782581 99.7719374456994 95.53616325846464
91.58369758782581 99.7719374456994 95.53616325846464
91.57107535162741 99.77120195241001 95.52575760757712
91.58369758782581 99.77120195241001 95.52923154404667
91.58369758782581 99.77120195241001 95.52923154404667
91.58369758782581 99.77120195241001 95.52923154404667
91.55841519850613 99.85158671264568 95.55770565593252
91.56475002535241 99.85158671264568 95.55943357547596
91.56475002535241 99.85158671264568 95.55943357547596
91.56475002535241 99.85158671264568 95.55943357547596
91.55841519850613 99.85158671264568 95.55770565593252
91.57739119868769 99.98694687377628 95.64738580942893
91.37938002667421 99.76345999435776 95.42519907499451
91.38122663433363 99.65748970301323 95.37729435757988
91.36831879540993 99.65666355201112 95.36833280938907
91.38122663433363 99.65721476146052 95.3755048232857
91.38122663433363 99.65721476146052 95.3755048232857
91.38122663433363 99.65721476146052 95.3755048232857
91.36831879540993 99.57592101257013 95.32774941557557
91.38766608779936 99.57592101257013 95.33317976210421
91.38766608779936 99.57592101257013 95.33317976210421
91.38766608779936 99.57592101257013 95.33317976210421
91.3618503665897 99.57557949722494 95.32412215822659
91.36831879540993 99.57557949722494 95.32593649062461
91.36831879540993 99.57557949722494 95.32593649062461
91.36831879540993 99.57557949722494 95.32593649062461
91.3618503665897 99.57557949722494 95.32412215822659
91.38122663433363 99.65748970301323 95.37729435757988
91.38122663433363 99.65748970301323 95.37729435757988
91.38122663433363 99.65748970301323 95.37729435757988
91.36831879540993 99.65666355201112 95.36833280938907
91.38122663433363 99.65721476146052 95.3755048232857
91.07937722814155 98.95306003748303 94.88706151764339
91.68508343302042 99.65721476146052 95.5394386568009
91.67258919325036 99.65611056698226 95.52903605344987
91.6913165039102 99.65611056698226 95.53424341311396
91.6913165039102 99.65611056698226 95.53424341311396
91.6913165039102 99.65611056698226 95.53424341311396
91.66632798211745 99.65583340594232 95.52555772829538
91.67258919325036 99.57557949722494 95.49016724094461
91.67258919325036 99.57557949722494 95.49016724094461
91.49423423788582 99.16119383575005 95.20213657310431
91.48785137711435 99.16119383575005 95.20027660488459
91.50697128518526 99.16521063871093 95.21696458402941
91.50697128518526 99.16521063871093 95.21696458402941
91.50697128518526 99.16521063871093 95.21696458402941
91.49423423788582 99.08393648050125 95.1708704563517
91.50697128518526 99.08539873595203 95.17833277647844
91.50697128518526 99.08539873595203 95.17833277647844
91.50697128518526 99.08539873595203 95.17833277647844
91.49423423788582 99.00320013838436 95.13029469301503
91.51332551461965 99.00320013838436 95.13594282251154
91.11169270413914 98.36512846953683 94.62377884015797
91.817812943802 99.00320013838436 95.29925265339446
91.7931708111188 99.08173430935159 95.32712241386547
91.79934524898839 99.08173430935159 95.32893563915137
91.79934524898839 99.08173430935159 95.32893563915137
91.79934524898839 99.08173430935159 95.32893563915137
91.97284182196306 99.87744561649232 95.90669199915558
91.9849348534202 99.79680125852124 95.95206980861647
91.9849348534202 99.79680125852124 95.95206980861647
92.16506201044386 99.1622691292876 96.3419537797342
92.15321756894791 99.16021953316141 96.33477878264188
92.17097083222927 99.16362997760899 96.34624530994029
92.17097083222927 99.16362997760899 96.34624530994029
92.17097083222927 99.16362997760899 96.34624530994029
92.15914426276359 99.16090384530679 96.3376521564099
92.17687074829932 99.16090384530679 96.3419537797342
92.17687074829932 99.16090384530679 96.3419537797342
92.17687074829932 99.16090384530679 96.3419537797342
92.15321756894791 99.16021953316141 96.33477878264188
92.15914426276359 99.16021953316141 96.33621603289669
91.79561212663427 99.58957926387639 95.94169551633877
92.3589942922608 98.96647674572678 96.53367033760607
92.35320612562444 98.96647674572678 96.53230775768651
92.36477370293143 98.88658611870535 96.57699896047691
92.36477370293143 98.88658611870535 96.57699896047691
92.36477370293143 98.88658611870535 96.57699896047691
92.35320612562444 98.8838545695657 96.57026857549766
92.37054437748952 98.80598330139007 96.61890024165855
92.37054437748952 98.80598330139007 96.61890024165855
92.37054437748952 98.80598330139007 96.61890024165855
92.3589942922608 98.80207757763289 96.610925780337
92.37630633572829 98.80207757763289 96.61491770748219
92.37630633572829 98.80207757763289 96.61491770748219
92.37630633572829 98.80207757763289 96.61491770748219
92.35320612562444 98.7182041575347 96.64627984896028
92.3589942922608 98.7182041575347 96.64759920044231
92.3589942922608 98.7182041575347 96.64759920044231
92.3589942922608 98.7182041575347 96.64759920044231
92.35320612562444 98.7182041575347 96.64627984896028
92.36477370293143 98.72134623029018 96.65286624203821
92.40066259023702 98.52414037261583 96.76277725229295
92.39490810855061 98.52050662112104 96.75767736441536
92.38914490527394 98.52050662112104 96.75639988073434
92.40640837011607 98.52655297340284 96.76659165215914
92.40640837011607 98.52655297340284 96.76659165215914
92.40066259023702 98.60600964729831 96.7234544546353
92.39490810855061 98.52171985815603 96.75895384222511
92.41214546791089 98.60486746240893 96.72474237756295
92.41214546791089 98.60486746240893 96.72474237756295
92.39490810855061 98.60372340425532 96.71958460130664
92.38914490527394 98.60372340425532 96.71829261802118
92.39490810855061 98.60372340425532 96.71958460130664
92.39490810855061 98.60372340425532 96.71958460130664
92.38914490527394 98.60372340425532 96.71829261802118
92.38914490527394 98.60372340425532 96.71829261802118
92.40066259023702 98.60714996352058 96.72474237756295
92.40066259023702 98.60714996352058 96.72474237756295
92.38914490527394 98.68680381779126 96.68021536038816
92.38914490527394 98.68680381779126 96.68021536038816
92.40066259023702 98.6910936982673 96.68803872447029
92.36477370293143 98.16963592394559 96.90715068464002
91.61606109226801 98.89055869872702 96.16552891993439
91.30267578836579 99.31778169014085 95.7995065685427
91.1594086129799 99.52160459961816 95.6225384655779
91.1594086129799 99.52160459961816 95.6225384655779
91.13297506969978 99.52121584819467 95.61401662632852
91.13297506969978 99.52121584819467 95.61401662632852
91.13959826385384 99.52121584819467 95.61572364753279
91.13959826385384 99.52121584819467 95.61572364753279
91.20772556466929 99.52121584819467 95.65295169946333
91.39141163858491 98.58697094334616 96.18216583387034
91.39784946236558 98.58697094334616 96.18365752180617
91.39784946236558 98.58697094334616 96.18365752180617
91.31006841828267 98.50024404312909 96.17468986832634
91.31657193713465 98.5039282947881 96.18067297937098
91.32306572883823 98.50515235947105 96.18365752180617
91.32306572883823 98.50515235947105 96.18365752180617
91.31006841828267 98.50024404312909 96.17468986832634
91.33602421796165 98.58465491273147 96.1445859469049
91.33602421796165 98.58465491273147 96.1445859469049
91.33602421796165 98.58465491273147 96.1445859469049
91.50641025641025 98.38752665245202 96.33375742154368
91.51278049176008 98.38752665245202 96.3351950570705
91.51278049176008 98.38752665245202 96.3351950570705
91.69120783150882 97.51344086021506 96.8277639890495
91.69120783150882 97.51344086021506 96.8277639890495
91.70367666443593 97.5196085003687 96.83400310433544
91.70367666443593 97.5196085003687 96.83400310433544
91.70367666443593 97.5196085003687 96.83400310433544
91.6849593495935 97.51344086021506 96.82651321398124
91.69744692941511 97.60624651422198 96.7959276931742
91.69744692941511 97.60624651422198 96.7959276931742
91.69744692941511 97.60624651422198 96.7959276931742
91.6849593495935 97.59831680730578 96.78835071423245
91.70989705763152 97.60030415529812 96.79466734706895
91.70989705763152 97.60030415529812 96.79466734706895
91.70989705763152 97.60030415529812 96.79466734706895
91.6849593495935 97.59831680730578 96.78835071423245
91.69120783150882 97.59831680730578 96.78961603168857
91.69120783150882 97.59831680730578 96.78961603168857
91.69120783150882 97.59831680730578 96.78961603168857
91.69120783150882 97.59831680730578 96.78961603168857
91.70367666443593 97.5196085003687 96.83400310433544
91.70367666443593 97.5196085003687 96.83400310433544
91.70367666443593 97.5196085003687 96.83400310433544
91.6849593495935 97.59831680730578 96.78835071423245
91.69744692941511 97.60624651422198 96.7959276931742
91.69744692941511 97.60624651422198 96.7959276931742
91.69744692941511 97.60624651422198 96.7959276931742
91.6849593495935 97.59831680730578 96.78835071423245
91.70989705763152 97.60030415529812 96.79466734706895
91.70989705763152 97.60030415529812 96.79466734706895
91.70989705763152 97.60030415529812 96.79466734706895
91.6849593495935 97.59831680730578 96.78835071423245
91.69120783150882 97.59831680730578 96.78961603168857
91.69120783150882 97.59831680730578 96.78961603168857
91.69120783150882 97.59831680730578 96.78961603168857
91.69120783150882 97.59831680730578 96.78961603168857
91.70367666443593 97.6887897378695 96.75788221296847
91.70367666443593 97.6887897378695 96.75788221296847
91.70367666443593 97.6887897378695 96.75788221296847
91.76016260162602 97.68305228787403 96.78961603168857
91.77253724073547 97.60624651422198 96.83524798350673
91.77253724073547 97.60624651422198 96.83524798350673
91.77253724073547 97.60624651422198 96.83524798350673
91.6849593495935 97.68305228787403 96.75021828481376
91.70989705763152 97.68496793367746 96.7566074028417
91.70989705763152 97.68496793367746 96.7566074028417
91.70989705763152 97.68496793367746 96.7566074028417
91.6849593495935 97.68305228787403 96.75021828481376
91.69120783150882 97.68305228787403 96.75149812136114
91.69120783150882 97.68305228787403 96.75149812136114
91.69120783150882 97.68305228787403 96.75149812136114
91.69120783150882 97.68305228787403 96.75149812136114
91.70367666443593 97.6887897378695 96.75788221296847
91.70367666443593 97.6887897378695 96.75788221296847
91.70367666443593 97.6887897378695 96.75788221296847
91.69120783150882 97.68305228787403 96.75149812136114
91.70367666443593 97.60624651422198 96.79718704852553
91.70367666443593 97.60624651422198 96.79718704852553
91.52549233914222 97.60624651422198 96.69857373291451
91.50641025641025 97.59831680730578 96.68947463633171
91.53183399401344 97.60030415529812 96.69597909896132
91.53183399401344 97.60030415529812 96.69597909896132
91.53183399401344 97.60030415529812 96.69597909896132
91.50641025641025 97.59831680730578 96.68947463633171
91.51278049176008 97.59831680730578 96.69077757685352
91.51278049176008 97.59831680730578 96.69077757685352
91.69120783150882 96.93392507152673 97.08734753166856
91.69120783150882 96.93392507152673 97.08734753166856
91.70367666443593 96.94157303370787 97.09309142851052
91.70367666443593 96.94157303370787 97.09309142851052
91.70367666443593 96.94157303370787 97.09309142851052
91.69120783150882 97.01976320172872 97.0489948005082
91.70367666443593 97.02965854534034 97.05597273259839
91.70367666443593 97.02965854534034 97.05597273259839
91.70367666443593 97.02965854534034 97.05597273259839
91.6849593495935 97.10545847108833 97.00949147475524
91.70989705763152 97.10786516853933 97.01538658255903
91.70989705763152 97.10786516853933 97.01538658255903
91.92411593849654 96.88541572831276 97.23399938058674
91.89976571253948 96.88281831090676 97.22852373410949
91.90586702495827 96.88281831090676 97.2296205970756
91.90586702495827 96.88281831090676 97.2296205970756
91.90586702495827 96.88281831090676 97.2296205970756
91.90586702495827 96.88281831090676 97.2296205970756
91.9180421172453 96.8905975988129 97.23509191451203
91.9180421172453 96.8905975988129 97.23509191451203
91.9180421172453 96.8905975988129 97.23509191451203
91.90586702495827 96.88281831090676 97.2296205970756
91.9180421172453 96.89318207345838 97.23618358570498
91.9180421172453 96.89318207345838 97.23618358570498
91.9180421172453 96.89318207345838 97.23618358570498
91.89976571253948 96.96874155481488 97.19004374846239
91.92411593849654 96.97126527305866 97.1955932275765
91.92411593849654 96.97126527305866 97.1955932275765
91.91195915295266 97.05452172543372 97.15384615384616
91.89976571253948 97.05452172543372 97.15159420909694
91.90586702495827 97.05452172543372 97.15272062674349
91.90586702495827 97.05452172543372 97.15272062674349
92.1158947153642 96.60315953623974 97.47150347963156
91.61491943666545 97.05452172543372 96.99100502566182
91.62749230021073 97.06186029807866 96.99693303799624
91.62749230021073 97.06186029807866 96.99693303799624
91.61491943666545 97.05452172543372 96.99100502566182
91.61491943666545 97.05452172543372 96.99100502566182
91.62749230021073 96.97881127671036 97.03633498040553
91.62749230021073 96.97881127671036 97.03633498040553
91.60861883389857 96.88281831090676 97.06649004358601
91.60861883389857 96.88281831090676 97.06649004358601
91.63376460345421 96.88541572831276 97.07227618265756
91.63376460345421 96.88541572831276 97.07227618265756
91.60861883389857 96.88281831090676 97.06649004358601
91.60861883389857 96.88281831090676 97.06649004358601
91.61491943666545 96.88281831090676 97.06764910032571
91.61491943666545 96.88281831090676 97.06764910032571
91.61491943666545 96.88281831090676 97.06764910032571
91.6212105850147 96.8905975988129 97.07227618265756
91.62749230021073 96.8905975988129 97.0734306724928
91.62749230021073 96.8905975988129 97.0734306724928
91.76762338401497 97.01280868018819 97.09460686399129
91.95641103982075 96.77812373087858 97.3045591273537
91.96851674835771 96.78884641331234 97.31094949753842
91.96851674835771 96.78884641331234 97.31094949753842
91.95034449019528 96.86422146576794 97.2649517753728
91.96851674835771 96.86683484998649 97.26927804200288
91.97455594846157 96.86683484998649 97.27035747099421
91.97455594846157 96.86683484998649 97.27035747099421
91.95641103982075 96.86422146576794 97.26603462666125
91.96246845233249 96.86422146576794 97.2671166208512
91.96246845233249 96.86422146576794 97.2671166208512
91.96246845233249 96.86422146576794 97.2671166208512
91.95641103982075 96.86422146576794 97.26603462666125
91.96851674835771 96.95778192194486 97.23301592723857
91.96851674835771 96.95778192194486 97.23301592723857
91.96851674835771 96.95778192194486 97.23301592723857
91.95641103982075 96.95017569150373 97.2275406188831
91.96851674835771 96.96030890804597 97.23410839477981
91.96851674835771 96.96030890804597 97.23410839477981
91.75950163348958 97.38648304232154 96.92692266780129
92.09334584472278 97.03845288958848 97.26607624181747
92.11714460036607 97.04091491226099 97.27147538883611
92.11714460036607 97.04091491226099 97.27147538883611
92.11714460036607 97.04091491226099 97.27147538883611
92.09334584472278 97.0359867665924 97.26499384730619
92.09930899529138 97.0359867665924 97.26607624181747
91.91943851083309 97.91820068277663 96.76925041501724
91.91943851083309 97.91820068277663 96.76925041501724
91.91335152082739 97.91820068277663 96.7679778570288
91.925516344121 97.83921053217794 96.81238906072298
91.925516344121 97.83921053217794 96.81238906072298
91.925516344121 97.83921053217794 96.81238906072298
91.91335152082739 97.83385439928539 96.80610875631004
91.925516344121 97.92505281885911 96.77559820300137
91.925516344121 97.92505281885911 96.77559820300137
91.925516344121 97.92505281885911 96.77559820300137
91.91335152082739 98.00405426477468 96.73116403748577
91.93764462306662 98.00569800569801 96.73758413487059
91.93764462306662 98.00569800569801 96.73758413487059
91.93764462306662 98.00569800569801 96.73758413487059
92.21373422116916 97.26950195356356 97.22650066315835
91.14879870785383 98.3672109296901 96.14363530593897
91.14879870785383 98.3672109296901 96.14363530593897
91.14879870785383 98.3672109296901 96.14363530593897
91.14218172266784 98.3672109296901 96.1421255343463
91.16200306426902 98.37122723042148 96.15116647313417
91.16200306426902 98.37122723042148 96.15116647313417
91.16200306426902 98.37122723042148 96.15116647313417
91.15540581435229 98.37122723042148 96.14966259385594
91.16859047964384 98.37655166320626 96.15866828214719
91.16859047964384 98.37655166320626 96.15866828214719
91.16859047964384 98.37655166320626 96.15866828214719
91.14879870785383 98.36855189558732 96.14514389630162
91.17516808245098 98.36989066069329 96.15266917808943
91.17516808245098 98.36989066069329 96.15266917808943
91.17516808245098 98.36989066069329 96.15266917808943
91.14879870785383 98.3672109296901 96.14363530593897
91.14879870785383 98.3672109296901 96.14363530593897
91.14879870785383 98.3672109296901 96.14363530593897
91.14879870785383 98.3672109296901 96.14363530593897
91.14218172266784 98.3672109296901 96.1421255343463
90.90178104772242 98.12967858015504 96.1156545137973
90.70667763223878 98.37122723042148 95.89909348382274
90.70667763223878 98.37122723042148 95.89909348382274
90.6997751726353 98.37122723042148 95.89749531292789
90.7135698536781 98.29343236730995 95.94436910656282
90.7135698536781 98.29343236730995 95.94436910656282
90.7135698536781 98.29343236730995 95.94436910656282
90.692862452038 98.28501610574253 95.93012215963036
90.72045185971518 98.36989066069329 95.9006904100362
90.72045185971518 98.36989066069329 95.9006904100362
90.72045185971518 98.36989066069329 95.9006904100362
90.692862452038 98.28360531815554 95.92853298437055
90.692862452038 98.28360531815554 95.92853298437055
90.692862452038 98.28360531815554 95.92853298437055
90.692862452038 98.28360531815554 95.92853298437055
90.68593944754936 98.28360531815554 95.92694256756756
90.63245943072633 98.2042972565036 95.93488225067173
90.63245943072633 98.2042972565036 95.93488225067173
90.63245943072633 98.2042972565036 95.93488225067173
90.43307559793277 98.27429407980836 95.79495816009683
90.3279244755803 98.52000529357272 95.6287130268962
90.3279244755803 98.52000529357272 95.6287130268962
90.3279244755803 98.52000529357272 95.6287130268962
90.30644903184509 98.5958851017651 95.57622576068107
90.33506182688473 98.5970347421996 95.58481065771531
90.33506182688473 98.5970347421996 95.58481065771531
90.16243331475435 99.0260455687277 95.29691062352276
90.20723526593196 99.02445484241194 95.32475156191035
90.20723526593196 99.02445484241194 95.32475156191035
90.20723526593196 99.02445484241194 95.32475156191035
90.20723526593196 99.02445484241194 95.32475156191035
89.95353660238898 99.91700882327247 94.71204461354041
89.96833993747634 99.9978195455933 94.75869820884027
89.96833993747634 99.9978195455933 94.75869820884027
89.96833993747634 99.9978195455933 94.75869820884027
89.96094372708433 99.9978195455933 94.75667909126877
89.98309971170096 99.99782655944361 94.77078033331603
89.98309971170096 99.99782655944361 94.77078033331603
89.98309971170096 99.99782655944361 94.77078033331603
89.96094372708433 99.91707583196944 94.7161203637159
89.99046332353176 99.91714273254546 94.72628230450964
89.99046332353176 99.91714273254546 94.72628230450964
90.21630880771224 99.80759139408781 94.97508911634112
90.71070066251757 99.22019561194818 95.51498855114173
90.71070066251757 99.22019561194818 95.51498855114173
90.71070066251757 99.22019561194818 95.51498855114173
90.70379523034578 99.22019561194818 95.5132448591453
90.69687952388612 99.22019561194818 95.51149981078922
90.71070066251757 99.22209769925506 95.5202115047683
90.71070066251757 99.22209769925506 95.5202115047683
90.70379523034578 99.22209769925506 95.51847187237615
90.70379523034578 99.22209769925506 95.51847187237615
90.72448079544544 99.14288219562454 95.56763209147452
90.72448079544544 99.14288219562454 95.56763209147452
90.70379523034578 99.138690633536 95.55212306528387
90.70379523034578 99.138690633536 95.55212306528387
90.73135554175597 99.22146470200131 95.52368672096948
90.73135554175597 99.22146470200131 95.52368672096948
90.71070066251757 99.22019561194818 95.51498855114173
91.08190376358175 98.92183288409704 95.8542832748316
90.71070066251757 99.4151789640313 95.4267844775117
90.71070066251757 99.4151789640313 95.4267844775117
90.69687952388612 99.4151789640313 95.42323041377861
90.52215443891475 99.32696482848459 94.75451549660035
90.5362080711738 99.24904778393352 94.7281353392846
90.5362080711738 99.24904778393352 94.7281353392846
90.52918646854759 99.24904778393352 94.72610510319848
90.52918646854759 99.24904778393352 94.72610510319848
90.55022008803522 99.25144533609456 94.74028400597906
90.55022008803522 99.25144533609456 94.74028400597906
90.52918646854759 99.08890235457064 94.64908354757122
90.5362080711738 99.08963131149314 94.65320173477136
90.55721054841354 99.08963131149314 94.65936714383662
90.55721054841354 99.08963131149314 94.65936714383662
90.54321926996776 99.08817222932143 94.65114343383898
90.54321926996776 99.08817222932143 94.65114343383898
90.54321926996776 99.08817222932143 94.65114343383898
90.54321926996776 99.08817222932143 94.65114343383898
90.52215443891475 99.16764208609702 94.68144968009503
90.27031346772422 99.34364439823239 94.6267291642849
89.22040993641642 98.27497535679082 93.56579109631274
89.1271328533386 98.16348808835805 93.46397848358552
89.11919144064116 98.16348808835805 93.46149501422308
89.14298095294373 98.16928755840996 93.47883977221517
89.14298095294373 98.16928755840996 93.47883977221517
89.57170565649368 98.64073923203911 93.92810464242712
89.5487454130715 98.47725561888375 93.83551749045506
89.57933666910587 98.47846643170291 93.8472629898553
89.57933666910587 98.47846643170291 93.8472629898553
89.57933666910587 98.47846643170291 93.8472629898553
89.56406345936739 98.47604287743769 93.83787017648818
89.56406345936739 98.47604287743769 93.83787017648818
89.56406345936739 98.47604287743769 93.83787017648818
89.56406345936739 98.47604287743769 93.83787017648818
89.5410695144706 98.47604287743769 93.83080672477178
89.55641005311979 98.47967532049218 93.84257016522196
89.55641005311979 98.47967532049218 93.84257016522196
89.38632586848144 97.87438376336513 93.47261434217955
89.37855120666785 97.87438376336513 93.47013392490346
89.60007919223915 98.28672747858408 93.78140380801678
89.2572578100347 97.8810764812254 93.40900019445496
89.2572578100347 97.8810764812254 93.40900019445496
90.0867311334862 98.83715922305008 94.29668816580912
90.33506182688473 99.10677684523938 94.55171055768015
90.73135554175597 99.577281595491 94.98287368168994
90.73135554175597 99.577281595491 94.98287368168994
90.71070066251757 99.57557949722494 94.96736462847893
90.71759584328044 99.57557949722494 94.9693085017538
90.71759584328044 99.57557949722494 94.9693085017538
90.71759584328044 99.57557949722494 94.9693085017538
90.69687952388612 99.65583340594232 95.00020910877839
90.71070066251757 99.65666355201112 95.00986131546819
90.71070066251757 99.65666355201112 95.00986131546819
90.71070066251757 99.65666355201112 95.00986131546819
90.70379523034578 99.65666355201112 95.00793385668949
90.71759584328044 99.7374872540299 95.05420054200542
90.71759584328044 99.7374872540299 95.05420054200542
90.71759584328044 99.7374872540299 95.05420054200542
90.70379523034578 99.73685355138967 95.04464518824082
90.84600264751896 99.4673133972846 94.99474171950978
91.22474874624882 99.49963176363558 95.21483661563188
91.22474874624882 99.49963176363558 95.21483661563188
91.20508679854663 99.57774682221834 95.23689832851578
90.88351153629714 99.19129284738634 94.88313395008292
90.88351153629714 99.19129284738634 94.88313395008292
90.88351153629714 99.19129284738634 94.88313395008292
90.86312821029307 99.19129284738634 94.87720324116616
90.8767272069028 99.11391584361695 94.85050526096468
90.8767272069028 99.11391584361695 94.85050526096468
90.8767272069028 99.11391584361695 94.85050526096468
90.86993277243268 99.11391584361695 94.84851958771482
90.88351153629714 99.11603639342849 94.85843266970396
90.88351153629714 99.11603639342849 94.85843266970396
90.88351153629714 99.11603639342849 94.85843266970396
90.86993277243268 99.11391584361695 94.84851958771482
90.89704996989765 99.11533067213291 94.86041070964389
90.89704996989765 99.11533067213291 94.86041070964389
91.55111775882283 99.66153912911415 95.4659132527599
91.76322571480753 99.52792220506015 95.51372236104403
91.93672996381083 99.68840563920423 95.6814859222331
92.13716660893661 99.92137334556415 95.89732778158435
92.13716660893661 99.92137334556415 95.89732778158435
92.11934324456787 99.92137334556415 95.89252168773878
91.2648836598136 99.15044861514455 95.07368553169681
90.55824122921389 98.39979352174474 94.34543888237309
90.55824122921389 98.39979352174474 94.34543888237309
90.55122852095711 98.39979352174474 94.34326653514692
90.57223546377712 98.485400287067 94.39889861913339
90.57223546377712 98.485400287067 94.39889861913339
90.57223546377712 98.485400287067 94.39889861913339
90.55824122921389 98.56009971846726 94.42438579017264
90.58618827623448 98.56238601008475 94.43719851769042
90.58618827623448 98.56238601008475 94.43719851769042
90.58618827623448 98.56238601008475 94.43719851769042
90.56524353577872 98.55665661352865 94.42010175475029
90.57223546377712 98.55665661352865 94.42224459505745
90.57223546377712 98.55665661352865 94.42224459505745
90.57223546377712 98.55665661352865 94.42224459505745
90.55122852095711 98.55665661352865 94.4158111309697
90.38962079045369 98.39979352174474 94.25445873081709
90.38962079045369 98.39979352174474 94.25445873081709
90.38962079045369 98.39979352174474 94.25445873081709
90.38249614298023 98.39979352174474 94.25225356057383
90.40383846461415 98.40739789365529 94.27203936486933
90.40383846461415 98.40739789365529 94.27203936486933
90.40383846461415 98.40739789365529 94.27203936486933
90.38962079045369 98.32554350156512 94.22495548101213
90.41801413342915 98.25037965478151 94.20219521513314
90.41801413342915 98.25037965478151 94.20219521513314
90.41801413342915 98.25037965478151 94.20219521513314
90.40383846461415 98.24482351679005 94.1888745148771
90.73539436224387 98.62361607719812 94.54124439275627
90.73539436224387 98.62361607719812 94.54124439275627
90.73539436224387 98.62361607719812 94.54124439275627
90.70782224009652 98.62251826941731 94.53073793942926
90.71473064480479 98.62251826941731 94.53284246432881
90.71473064480479 98.62251826941731 94.53284246432881
90.70782224009652 98.62251826941731 94.53073793942926
90.70782224009652 98.62251826941731 94.53073793942926
90.36951178081097 98.09662000682827 94.10957349101679
90.36951178081097 98.09662000682827 94.10957349101679
90.36238550457982 98.09210104164438 94.10056327838355
90.35524867407186 98.09210104164438 94.09830641659256
90.30989962684333 98.09511606551776 94.07365380647823
90.30989962684333 98.09511606551776 94.07365380647823
90.29556945582445 98.01138796129806 94.0240814428195
89.65058830532352 97.26187441583822 93.32957168504745
89.73154096280435 97.26187441583822 93.37004676347527
89.73154096280435 97.26187441583822 93.37004676347527
89.70132039452751 97.2597206573269 93.35744449125114
89.70132039452751 97.2597206573269 93.35744449125114
89.70889220069547 97.2597206573269 93.35996877696068
89.70889220069547 97.2597206573269 93.35996877696068
89.70132039452751 97.2597206573269 93.35744449125114
89.70132039452751 97.2597206573269 93.35744449125114
89.72400246036628 97.2725926239394 93.38009420438256
89.72400246036628 97.2725926239394 93.38009420438256
89.70889220069547 97.18990399898277 93.33210271556321
89.70889220069547 97.18990399898277 93.33210271556321
89.5415784579467 97.01366449133033 93.15878723491194
89.5415784579467 97.01366449133033 93.15878723491194
89.52624383284788 97.00430075633992 93.14323743216954
89.52624383284788 97.00430075633992 93.14323743216954
89.5415784579467 97.00430075633992 93.14842854804387
89.5415784579467 97.00430075633992 93.14842854804387
89.51086417303304 97.0019506403189 93.13543599257885
89.51855964467005 97.0019506403189 93.13803844419853
89.51855964467005 97.0019506403189 93.13803844419853
89.51855964467005 97.0019506403189 93.13803844419853
89.51086417303304 97.0019506403189 93.13543599257885
89.53391676236487 97.09180764113286 93.19401154769812
89.53391676236487 97.09180764113286 93.19401154769812
89.53391676236487 97.09180764113286 93.19401154769812
89.51855964467005 97.08497396164105 93.18112009829017
89.5415784579467 97.08953331078796 93.19401154769812
89.5415784579467 97.08953331078796 93.19401154769812
89.5415784579467 97.08953331078796 93.19401154769812
89.52624383284788 97.08040030531761 93.17853594583798
90.48685394381685 98.17951796895102 94.20181891547941
90.52124169933595 98.38626498775194 94.3159922928709
90.34415299237433 98.17951796895102 94.12488369688825
91.05019881718911 99.1826912654194 94.97439113619734
91.05687777329568 99.1826912654194 94.97633401945521
91.05687777329568 99.1826912654194 94.97633401945521
91.05687777329568 99.1826912654194 94.97633401945521
91.05019881718911 99.1826912654194 94.97439113619734
91.07020582430418 99.3452188006483 95.06510023037872
91.07020582430418 99.3452188006483 95.06510023037872
91.07020582430418 99.3452188006483 95.06510023037872
91.05687777329568 99.34364439823239 95.0555648395722
91.07020582430418 99.3446948397422 95.06319609560757
91.07020582430418 99.3446948397422 95.06319609560757
91.07020582430418 99.3446948397422 95.06319609560757
91.05687777329568 99.2629045895029 95.0149936786233
91.07685496367552 99.2629045895029 95.02076854035776
91.07685496367552 99.2629045895029 95.02076854035776
91.07685496367552 99.2629045895029 95.02076854035776
91.05019881718911 99.26231286613148 95.0111363232357
91.05687777329568 99.26231286613148 95.0130657468381
90.89554642828381 99.26231286613148 94.92575032895424
90.44756982009055 98.73532458563537 94.44051948051948
89.9320161885205 98.13805826075765 93.88801058102648
89.95424706584444 98.1468830059778 93.90896921017404
89.95424706584444 98.1468830059778 93.90896921017404
89.95424706584444 98.1468830059778 93.90896921017404
89.93943740537095 98.22025186327423 93.93320122202957
89.95424706584444 98.2230680408844 93.94245434684035
89.95424706584444 98.2230680408844 93.94245434684035
89.95424706584444 98.2230680408844 93.94245434684035
89.93943740537095 98.2174267450341 93.92856405065383
89.96163555767586 98.2174267450341 93.93551715243746
89.96163555767586 98.2174267450341 93.93551715243746
89.06579025052645 97.23295816521555 92.99715024054422
89.0338497976907 97.23078230931078 92.98389242514173
89.04185239241056 97.23078230931078 92.9865480026597
89.04185239241056 97.23078230931078 92.9865480026597
89.04185239241056 97.23078230931078 92.9865480026597
89.0338497976907 97.23078230931078 92.98389242514173
88.98495352134866 97.00898995240614 92.85677861521046
88.783871411448 96.81239576956365 92.65738535751359
88.783871411448 96.81239576956365 92.65738535751359
88.76753842218156 96.65356825960197 92.57368748153355
88.85657581890707 96.8929294633817 92.73542965849093
88.85657581890707 96.8929294633817 92.73542965849093
88.85657581890707 96.8929294633817 92.73542965849093
88.84034870220596 96.95910890879445 92.75397796817626
88.86467169337104 96.95910890879445 92.76217257083474
88.86467169337104 96.95910890879445 92.76217257083474
88.86467169337104 96.95910890879445 92.76217257083474
88.83221740842852 96.95672445216802 92.74850458322274
88.84034870220596 96.95672445216802 92.75124230890891
88.84034870220596 96.95672445216802 92.75124230890891
88.84034870220596 96.95672445216802 92.75124230890891
88.83221740842852 96.95672445216802 92.74850458322274
88.84846816376293 96.96386663001881 92.76217257083474
88.84846816376293 96.96386663001881 92.76217257083474
88.84846816376293 96.96386663001881 92.76217257083474
88.83221740842852 96.95672445216802 92.74850458322274
88.85657581890707 96.96860948681683 92.77034865970568
89.0420399724328 97.22516191846928 92.98895247421733
88.2461994809047 96.80104524476852 92.3624057712572
88.22920127420899 96.71539013983354 92.31050339555989
88.25468018720748 96.71539013983354 92.31915799720144
88.25468018720748 96.71539013983354 92.31915799720144
88.25468018720748 96.71539013983354 92.31915799720144
88.22068372056637 96.71282105485678 92.3047228176397
88.22920127420899 96.71282105485678 92.30761419257875
88.22920127420899 96.71282105485678 92.30761419257875
88.22920127420899 96.71282105485678 92.30761419257875
88.22068372056637 96.71282105485678 92.3047228176397
88.23770651876734 96.64510146882178 92.28453562270042
88.23770651876734 96.64510146882178 92.28453562270042
88.23770651876734 96.64510146882178 92.28453562270042
88.22068372056637 96.56176787184195 92.23538488087625
88.2461994809047 96.57514086283744 92.2586456425152
88.2461994809047 96.57514086283744 92.2586456425152
88.2461994809047 96.57514086283744 92.2586456425152
88.22920127420899 96.56445081828919 92.2412131663032
88.25468018720748 96.56445081828919 92.24993920726271
88.05377745782828 96.16087367426232 91.95552054296449
88.55689267194991 96.71539013983354 92.48326510711348
88.52365720116961 96.71282105485678 92.46911318719341
88.53198415499864 96.71282105485678 92.47194783263308
88.53198415499864 96.71282105485678 92.47194783263308
88.53198415499864 96.71282105485678 92.47194783263308
88.52365720116961 96.71282105485678 92.46911318719341
88.54029903392056 96.720516281424 92.48326510711348
88.54029903392056 96.720516281424 92.48326510711348
88.53198415499864 96.71282105485678 92.47194783263308
88.52365720116961 96.71282105485678 92.46911318719341
88.5486018641811 96.72562644767319 92.49173075752348
88.5486018641811 96.72562644767319 92.49173075752348
88.54029903392056 96.71795521222482 92.48043897977848
88.53198415499864 96.71539013983354 92.4747803449398
88.55689267194991 96.71539013983354 92.48326510711348
88.55689267194991 96.71539013983354 92.48326510711348
88.53198415499864 96.71282105485678 92.47194783263308
88.52365720116961 96.71282105485678 92.46911318719341
88.53198415499864 96.71282105485678 92.47194783263308
88.4123533674089 96.93207339294038 92.50770906056319
88.21895840259715 96.71282105485678 92.30378512363112
88.21895840259715 96.71282105485678 92.30378512363112
88.23598336164977 96.720516281424 92.3182219157803
88.23598336164977 96.720516281424 92.3182219157803
88.21895840259715 96.71282105485678 92.30378512363112
88.21895840259715 96.71282105485678 92.30378512363112
88.17227382717977 96.647715308486 92.25190917009338
88.17227382717977 96.647715308486 92.25190917009338
88.15516904436194 96.63723543576528 92.23444859509502
88.15516904436194 96.63723543576528 92.23444859509502
88.2529591856633 96.71539013983354 92.3182219157803
88.2529591856633 96.71539013983354 92.3182219157803
88.21895840259715 96.71282105485678 92.30378512363112
88.21895840259715 96.71282105485678 92.30378512363112
88.22747703732657 96.63723543576528 92.27200747117102
88.22747703732657 96.63723543576528 92.27200747117102
88.29131871785344 96.63723543576528 92.30667682152831
88.29978503029119 96.64510146882178 92.3182219157803
88.30823910793445 96.64510146882178 92.32110277721468
88.43430985254429 96.60642062689585 92.3716609536945
88.52886917611964 96.73940624207053 92.48417238360848
88.53719283795179 96.74704132649832 92.49547736650608
88.54550442894097 96.7495784148398 92.50111711418938
88.54550442894097 96.7495784148398 92.50111711418938
88.52886917611964 96.73940624207053 92.48417238360848
88.56209150326796 96.66638517079762 92.46354145509201
88.56209150326796 96.66638517079762 92.46354145509201
88.56209150326796 96.66638517079762 92.46354145509201
88.52886917611964 96.73940624207053 92.48417238360848
88.53719283795179 96.73940624207053 92.48700182127124
88.53719283795179 96.73940624207053 92.48700182127124
88.53719283795179 96.73940624207053 92.48700182127124
88.53719283795179 96.73940624207053 92.48700182127124
88.55380397532556 96.82261537811932 92.53588808403856
88.55380397532556 96.82261537811932 92.53588808403856
88.55380397532556 96.82261537811932 92.53588808403856
88.52886917611964 96.81515183578458 92.51901556883789
88.54550442894097 96.90073048178019 92.57068520438239
88.54550442894097 96.90073048178019 92.57068520438239
88.54550442894097 96.90073048178019 92.57068520438239
88.7134203901825 97.03075291622481 92.71821873915795
88.93102770681864 97.25154520932011 92.93260250482285
88.93102770681864 97.25154520932011 92.93260250482285
88.93102770681864 97.25154520932011 92.93260250482285
88.89874265894132 97.24938355582007 92.91923179187205
88.90683156422931 97.24938355582007 92.92190998027048
88.90683156422931 97.24938355582007 92.92190998027048
88.90683156422931 97.24938355582007 92.92190998027048
88.90683156422931 97.24938355582007 92.92190998027048
88.92297406249385 97.25585833951861 92.93527059015591
88.92297406249385 97.25585833951861 92.93527059015591
88.92297406249385 97.25585833951861 92.93527059015591
88.89874265894132 97.24938355582007 92.91923179187205
88.91490869017632 97.41075597436225 93.00549349561949
88.91490869017632 97.41075597436225 93.00549349561949
88.91490869017632 97.41075597436225 93.00549349561949
88.89874265894132 97.40259740259741 92.98960209595546
88.93102770681864 97.40464186185037 93.00284993411442
88.93102770681864 97.40464186185037 93.00284993411442
88.81409816119474 96.96526895383312 92.73760656772971
89.15526919124042 97.47938550699934 93.16408452870428
89.16319396441055 97.47938550699934 93.16667691613883
89.16319396441055 97.47938550699934 93.16667691613883
89.16319396441055 97.47938550699934 93.16667691613883
89.16319396441055 97.47938550699934 93.16667691613883
89.17900881535094 97.48533287985715 93.17960941576045
89.17900881535094 97.48533287985715 93.17960941576045
89.17900881535094 97.48533287985715 93.17960941576045
89.15526919124042 97.47938550699934 93.16408452870428
89.17110716400238 97.487309105584 93.17960941576045
89.17110716400238 97.487309105584 93.17960941576045
89.17110716400238 97.487309105584 93.17960941576045
89.15526919124042 97.5562947799386 93.19944200549789
89.18689894371748 97.48137108792847 93.17702683341179
89.18689894371748 97.48137108792847 93.17702683341179
89.18689894371748 97.48137108792847 93.17702683341179
89.15526919124042 97.40259740259741 93.12875386917574
89.16319396441055 97.40259740259741 93.13135866725408
89.16319396441055 97.40259740259741 93.13135866725408
89.16319396441055 97.40259740259741 93.13135866725408
89.16319396441055 97.40259740259741 93.13135866725408
89.17900881535094 97.4087211401627 93.14435309035873
89.17900881535094 97.4087211401627 93.14435309035873
89.17900881535094 97.4087211401627 93.14435309035873
89.16319396441055 97.40259740259741 93.13135866725408
89.17900881535094 97.41075597436225 93.14694607717864
89.17900881535094 97.41075597436225 93.14694607717864
89.17900881535094 97.41075597436225 93.14694607717864
89.15526919124042 97.40259740259741 93.12875386917574
89.18689894371748 97.40464186185037 93.14175814058167
89.18689894371748 97.40464186185037 93.14175814058167
89.18689894371748 97.40464186185037 93.14175814058167
89.15526919124042 97.40259740259741 93.12875386917574
89.16319396441055 97.40259740259741 93.13135866725408
89.16319396441055 97.40259740259741 93.13135866725408
89.16319396441055 97.40259740259741 93.13135866725408
89.16319396441055 97.40259740259741 93.13135866725408
89.17900881535094 97.4087211401627 93.14435309035873
89.17900881535094 97.4087211401627 93.14435309035873
89.35699324190807 97.57867188663589 93.31898980585011
89.34140742499802 97.64999679836076 93.3417536941766
89.35699324190807 97.6573969658929 93.3568976999129
89.35699324190807 97.6573969658929 93.3568976999129
89.35699324190807 97.6573969658929 93.3568976999129
89.3335973858798 97.64999679836076 93.33922297783165
89.36476906976284 97.57485348961109 93.31645621515251
89.36476906976284 97.57485348961109 93.31645621515251
89.36476906976284 97.57485348961109 93.31645621515251
89.3335973858798 97.57293977137007 93.30375938305454
89.34140742499802 97.57293977137007 93.3063026072675
89.34140742499802 97.57293977137007 93.3063026072675
89.34140742499802 97.57293977137007 93.3063026072675
89.34140742499802 97.57293977137007 93.3063026072675
89.35699324190807 97.57867188663589 93.31898980585011
89.35699324190807 97.57867188663589 93.31898980585011
89.35699324190807 97.57867188663589 93.31898980585011
89.34140742499802 97.57293977137007 93.3063026072675
89.35699324190807 97.50387695706668 93.28617205335846
89.35699324190807 97.50387695706668 93.28617205335846
88.93346706787028 96.82918081897006 92.74590831365524
89.69240252122562 97.69587221593457 93.55449846584708
89.72264625998692 97.69769129006103 93.56675264883307
89.72264625998692 97.69769129006103 93.56675264883307
89.70754660789802 97.69587221593457 93.5594057368616
89.69240252122562 97.69587221593457 93.55449846584708
89.69998013113451 97.69587221593457 93.55695303574552
89.69998013113451 97.69587221593457 93.55695303574552
89.69998013113451 97.69587221593457 93.55695303574552
89.69998013113451 97.69587221593457 93.55695303574552
89.71510197603365 97.70132083510865 93.56919789612097
89.71510197603365 97.70132083510865 93.56919789612097
89.69998013113451 97.69587221593457 93.55695303574552
89.69998013113451 97.69587221593457 93.55695303574552
89.71510197603365 97.70313131958193 93.57164128526098
89.71510197603365 97.70313131958193 93.57164128526098
89.69240252122562 97.69587221593457 93.55449846584708
89.69240252122562 97.69587221593457 93.55449846584708
89.72264625998692 97.77488308526767 93.60234399095302
89.72264625998692 97.77488308526767 93.60234399095302
89.70132039452751 97.77312361087365 93.59497321796457
89.87288810965892 97.77312361087365 93.68761857626001
89.88034800613191 97.77312361087365 93.69002587068779
89.88034800613191 97.77312361087365 93.69002587068779
89.88034800613191 97.77312361087365 93.69002587068779
89.88034800613191 97.77312361087365 93.69002587068779
89.8952348766475 97.77839370615952 93.7020348538156
89.8952348766475 97.77839370615952 93.7020348538156
89.88034800613191 97.77312361087365 93.69002587068779
89.88034800613191 97.77312361087365 93.69002587068779
89.8952348766475 97.78014486578611 93.70443116728197
89.8952348766475 97.78014486578611 93.70443116728197
89.87288810965892 97.77312361087365 93.68761857626001
89.88779692038355 97.77488308526767 93.694834955456
89.90266189908621 97.77488308526767 93.69963671541335
89.90266189908621 97.77488308526767 93.69963671541335
89.88034800613191 97.77312361087365 93.69002587068779
89.88779692038355 97.77312361087365 93.69243132972038
89.88779692038355 97.77312361087365 93.69243132972038
89.88779692038355 97.77312361087365 93.69243132972038
89.49194203817868 97.15025906735751 93.19246660310235
89.79170389785747 97.39424057084608 93.46837833122967
90.18927381878378 97.8555882729484 93.89619091799392
90.18927381878378 97.8555882729484 93.89619091799392
90.17477279536602 97.69587221593457 93.81282638759882
90.18927381878378 97.70313131958193 93.82696980930022
90.18927381878378 97.70313131958193 93.82696980930022
90.18927381878378 97.70313131958193 93.82696980930022
90.17477279536602 97.69769129006103 93.81518812351054
90.20373210124868 97.69950749419014 93.82696980930022
90.20373210124868 97.69950749419014 93.82696980930022
90.20373210124868 97.69950749419014 93.82696980930022
90.17477279536602 97.69587221593457 93.81282638759882
90.10817931419903 97.69587221593457 93.77701664070318
90.10817931419903 97.69587221593457 93.77701664070318
90.10817931419903 97.69587221593457 93.77701664070318
90.10086887046839 97.69587221593457 93.77464032860652
90.18927381878378 97.70132083510865 93.82461706445267
90.18927381878378 97.70132083510865 93.82461706445267
90.18927381878378 97.70132083510865 93.82461706445267
90.23605364673902 97.959445860009 93.96799470713503
89.89344783715013 97.55154091392136 93.59759229204758
89.89344783715013 97.55154091392136 93.59759229204758
89.89344783715013 97.55154091392136 93.59759229204758
89.87855863030062 97.54575086814802 93.58540275190647
89.9082933026321 97.62457657811203 93.6331781703094
89.9082933026321 97.62457657811203 93.6331781703094
89.9082933026321 97.62457657811203 93.6331781703094
89.87855863030062 97.54381476269668 93.58295927191863
89.87855863030062 97.54381476269668 93.58295927191863
89.87855863030062 97.54381476269668 93.58295927191863
89.87855863030062 97.54381476269668 93.58295927191863
89.87109756340526 97.54381476269668 93.58051392965652
89.89344783715013 97.54961393657074 93.59515809159757
89.89344783715013 97.54961393657074 93.59515809159757
89.89344783715013 97.54961393657074 93.59515809159757
89.88600871347006 97.54961393657074 93.59272203947368
89.90087602550605 97.55730370433197 93.60731061926934
89.90087602550605 97.55730370433197 93.60731061926934
89.90087602550605 97.55730370433197 93.60731061926934
89.87855863030062 97.46892029972753 93.54978087772359
89.9082933026321 97.54768392370572 93.59759229204758
89.9082933026321 97.54768392370572 93.59759229204758
89.9082933026321 97.54768392370572 93.59759229204758
89.87855863030062 97.54381476269668 93.58295927191863
89.87855863030062 97.54381476269668 93.58295927191863
90.05066421989069 98.34902618341287 94.04771758473699
90.05066421989069 98.34902618341287 94.04771758473699
90.04331596702397 98.34902618341287 94.04543807897325
90.0653282345443 98.35295631473976 94.05908898458235
90.0653282345443 98.35295631473976 94.05908898458235
90.0653282345443 98.35295631473976 94.05908898458235
90.05800163441032 98.35295631473976 94.05681818181819
90.0726440441835 98.35816747546872 94.07041701882048
90.0726440441835 98.35816747546872 94.07041701882048
90.0726440441835 98.35816747546872 94.07041701882048
90.05066421989069 98.42856528655575 94.08599925505938
90.07994908714848 98.42981419826012 94.09729752057582
90.07994908714848 98.42981419826012 94.09729752057582
90.07994908714848 98.42981419826012 94.09729752057582
90.08480494861818 98.62251826941731 94.19195059272154
89.93585401808836 98.46756489173949 94.03993378853714
89.74455819501044 98.24131933260324 93.8321943968454
89.74455819501044 98.24131933260324 93.8321943968454
89.73700962839182 98.24131933260324 93.82983776862149
89.7596220647492 98.24550128534705 93.8439505867565
89.7596220647492 98.24550128534705 93.8439505867565
89.7596220647492 98.24550128534705 93.8439505867565
89.75209566564698 98.24550128534705 93.84160293541672
89.76713741669312 98.25104638250619 93.85566204598742
89.76713741669312 98.25104638250619 93.85566204598742
89.76713741669312 98.25104638250619 93.85566204598742
89.74455819501044 98.24271553018924 93.83454922557812
89.7746417457832 98.3221044500708 93.88207172956655
89.7746417457832 98.3221044500708 93.88207172956655
89.7746417457832 98.3221044500708 93.88207172956655
89.81810953185568 98.31943608699389 93.90625484060845
89.81810953185568 98.31943608699389 93.90625484060845
89.81810953185568 98.31943608699389 93.90625484060845
89.81810953185568 98.31943608699389 93.90625484060845
89.73700962839182 98.31943608699389 93.86570247933884
89.75209566564698 98.24550128534705 93.84160293541672
89.75209566564698 98.24550128534705 93.84160293541672
89.75209566564698 98.24550128534705 93.84160293541672
89.91615049094783 99.26623376623377 94.39990042423425
89.93839427662958 99.26857685337016 94.41490462200521
89.93839427662958 99.26857685337016 94.41490462200521
89.93839427662958 99.26857685337016 94.41490462200521
89.91615049094783 99.2650565841391 94.39559869206415
89.94578708024703 99.2656456469467 94.40634065478658
89.94578708024703 99.2656456469467 94.40634065478658
89.94578708024703 99.2656456469467 94.40634065478658
89.92357600605023 99.3442195778685 94.43186774387837
89.92357600605023 99.3442195778685 94.43186774387837
89.92357600605023 99.3442195778685 94.43186774387837
89.92357600605023 99.3442195778685 94.43186774387837
89.90871402375828 99.3442195778685 94.42758563352179
89.92357600605023 99.42548671031523 94.47453617233221
89.92357600605023 99.42548671031523 94.47453617233221
89.91615049094783 99.42548671031523 94.47241397207661
89.91615049094783 99.42548671031523 94.47241397207661
89.93839427662958 99.34788711105354 94.45105607931202
89.93839427662958 99.34788711105354 94.45105607931202
89.91615049094783 99.42456353687136 94.46816467728364
89.91615049094783 99.42456353687136 94.46816467728364
89.94578708024703 99.42502549415262 94.47877568794974
89.94578708024703 99.42502549415262 94.47877568794974
89.92357600605023 99.42410083668369 94.46816467728364
89.92357600605023 99.42410083668369 94.46816467728364
89.92357600605023 99.42410083668369 94.46816467728364
89.92357600605023 99.42410083668369 94.46816467728364
89.90871402375828 99.42410083668369 94.4639088442305
89.90871402375828 99.42410083668369 94.4639088442305
89.92357600605023 99.42548671031523 94.47453617233221
89.92357600605023 99.42548671031523 94.47453617233221
89.91615049094783 99.42548671031523 94.47241397207661
89.91615049094783 99.42548671031523 94.47241397207661
89.93839427662958 99.4273241993344 94.48723523200199
89.93839427662958 99.4273241993344 94.48723523200199
89.91615049094783 99.2650565841391 94.39559869206415
90.07056853520453 99.2248062015504 94.46162788283894
90.45593433586963 99.61955694689016 94.84657340328087
90.45593433586963 99.61955694689016 94.84657340328087
90.44180883617672 99.61894393032118 94.83862224260872
90.44180883617672 99.61894393032118 94.83862224260872
90.44180883617672 99.61894393032118 94.83862224260872
90.44180883617672 99.61894393032118 94.83862224260872
90.4205420141116 99.61894393032118 94.83264275202738
90.43473039510029 99.6198627161352 94.84260088751849
90.43473039510029 99.6198627161352 94.84260088751849
90.43473039510029 99.6198627161352 94.84260088751849
90.4276414621933 99.6198627161352 94.84061233209324
90.44887680869775 99.78095857731512 94.9275060844965
90.44887680869775 99.78095857731512 94.9275060844965
90.44887680869775 99.78095857731512 94.9275060844965
90.4276414621933 99.69951007076756 94.87323943661971
90.45593433586963 99.61955694689016 94.84657340328087
90.45593433586963 99.61955694689016 94.84657340328087
90.45593433586963 99.61955694689016 94.84657340328087
90.44180883617672 99.61894393032118 94.83862224260872
90.84516945577275 99.89716211189638 95.2796397151236
90.44180883617672 98.86120535039005 94.49187751880011
90.44180883617672 98.86120535039005 94.49187751880011
90.4205420141116 98.86120535039005 94.48551967971716
90.43473039510029 98.94284912946863 94.53240995504243
90.43473039510029 98.94284912946863 94.53240995504243
90.43473039510029 98.94284912946863 94.53240995504243
90.25409328082206 98.40993948757564 94.19082413090051
90.27567222532514 98.49292488172458 94.24234601683101
90.44887680869775 98.89942176651405 94.52344211191317
90.44887680869775 98.89942176651405 94.52344211191317
90.50175262894341 99.13389058079008 94.65829730628533
90.52282356703174 99.13458218232044 94.66650064334038
90.52282356703174 99.13458218232044 94.66650064334038
90.52282356703174 99.13458218232044 94.66650064334038
90.43473039510029 98.89326012710215 94.50448952444297
90.44180883617672 98.89326012710215 94.50660184290626
90.44180883617672 98.89326012710215 94.50660184290626
90.44180883617672 98.89326012710215 94.50660184290626
90.4205420141116 98.89326012710215 94.50026001040041
90.3208395802099 99.16320705760249 94.57168676575986
89.7681441598951 98.58764349284148 94.00728954786219
89.58837292302812 98.37405349750102 93.81162869772186
89.58072901164752 98.37405349750102 93.80926857425578
89.59600562699373 98.37791568585492 93.82105122375283
89.59600562699373 98.37791568585492 93.82105122375283
89.59600562699373 98.37791568585492 93.82105122375283
89.58072901164752 98.2960390946502 93.77350519819068
89.61123751112869 98.2987374277766 93.78771524029813
89.61123751112869 98.2987374277766 93.78771524029813
89.61123751112869 98.2987374277766 93.78771524029813
89.58837292302812 98.29197550757331 93.76875406015735
89.59600562699373 98.29197550757331 93.77113053516946
89.59600562699373 98.29197550757331 93.77113053516946
89.59600562699373 98.29197550757331 93.77113053516946
89.57307386814932 98.29197550757331 93.76399566585832
89.58837292302812 98.2960390946502 93.77587805129262
89.58837292302812 98.2960390946502 93.77587805129262
89.58837292302812 98.2960390946502 93.77587805129262
89.58072901164752 98.2960390946502 93.77350519819068
89.74180872809542 98.37791568585492 93.9002666831413
89.74180872809542 98.37791568585492 93.9002666831413
89.74180872809542 98.37791568585492 93.9002666831413
89.72672165358243 98.2960390946502 93.85280135298181
89.75685155460437 98.22096777642355 93.83112208166204
89.75685155460437 98.22096777642355 93.83112208166204
89.75685155460437 98.22096777642355 93.83112208166204
89.73427073403242 98.13595315214828 93.77648987841725
89.74180872809542 98.13595315214828 93.77886359887844
89.74180872809542 98.13595315214828 93.77886359887844
89.74180872809542 98.13595315214828 93.77886359887844
89.71916146226978 98.13595315214828 93.7717369990815
89.72672165358243 98.05812757201646 93.73833414113498
89.72672165358243 98.05812757201646 93.73833414113498
89.55585090555633 97.25765306122449 93.2766210711024
89.54817961646881 97.25765306122449 93.27406738251175
89.57115975042092 97.34674430915828 93.33230989663289
89.57115975042092 97.34674430915828 93.33230989663289
89.57115975042092 97.34674430915828 93.33230989663289
89.58642378211594 97.34466389760108 93.3348338056411
89.62010288880094 97.5658970710053 93.4553016256748
89.43076588939127 97.34466389760108 93.25088158634436
89.43076588939127 97.34466389760108 93.25088158634436
89.4075510527149 97.33421270982703 93.23040014763325
89.41530065449945 97.33421270982703 93.23296712306305
89.41530065449945 97.33421270982703 93.23296712306305
89.41530065449945 97.33421270982703 93.23296712306305
89.39201775593516 97.4108929864157 93.26066428542103
89.39979009485336 97.4108929864157 93.26322269532653
89.39979009485336 97.4108929864157 93.26322269532653
89.39979009485336 97.4108929864157 93.26322269532653
89.39201775593516 97.4108929864157 93.26066428542103
89.41530065449945 97.4995228096965 93.3189390528427
89.41530065449945 97.4995228096965 93.3189390528427
89.41530065449945 97.4995228096965 93.3189390528427
89.39979009485336 97.4936224489796 93.30626723669506
89.43076588939127 97.42105151534432 93.28616127119163
89.43076588939127 97.42105151534432 93.28616127119163
89.43076588939127 97.42105151534432 93.28616127119163
89.41530065449945 97.41293108950492 93.27088628351234
89.42303892511362 96.75422099190668 92.96866224868022
90.12286675826911 97.34251759253354 93.61774322907027
90.42718989769821 97.7414878855801 93.96654041055598
90.56577256665595 97.93218597482661 94.1341013633915
90.57277560437356 97.93218597482661 94.13634904360974
90.57277560437356 97.93218597482661 94.13634904360974
90.57277560437356 97.93218597482661 94.13634904360974
90.56577256665595 97.93218597482661 94.1341013633915
90.5867505358681 97.94196599769909 94.15426866411308
90.5867505358681 97.94196599769909 94.15426866411308
90.57976825307726 97.85976442471834 94.10931718107209
90.57277560437356 97.85976442471834 94.10706345841649
90.5266737343228 97.86313860837701 94.08238850316204
90.5266737343228 97.86313860837701 94.08238850316204
90.51965729842262 97.85807333376044 94.07333932612131
90.51263046134738 97.85637956828383 94.06880435119793
90.59372247577868 97.85637956828383 94.10931718107209
90.59372247577868 97.85637956828383 94.10931718107209
90.56577256665595 97.93218597482661 94.1341013633915
90.56577256665595 97.93218597482661 94.1341013633915
90.40591144842502 97.73970261493761 93.95731045532068
90.23064316264939 97.74805572173318 93.8670769739152
90.22341340480429 97.74805572173318 93.86473280234708
90.22341340480429 97.74805572173318 93.86473280234708
90.24507064740162 97.83566366596438 93.92154237515062
90.24507064740162 97.83566366596438 93.92154237515062
90.23064316264939 97.8305388455139 93.90993891365362
90.23064316264939 97.8305388455139 93.90993891365362
90.25226842157743 97.83395808485261 93.92154237515062
90.25226842157743 97.83395808485261 93.92154237515062
90.23786223562541 97.90450531357581 93.94349325677936
90.23786223562541 97.90450531357581 93.94349325677936
90.25226842157743 97.90450531357581 93.94811788013868
90.25226842157743 97.90450531357581 93.94811788013868
90.22341340480429 97.90284613738498 93.93654305416274
90.23064316264939 97.90284613738498 93.93886156008433
90.23064316264939 97.90284613738498 93.93886156008433
90.23064316264939 97.90284613738498 93.93886156008433
90.22341340480429 97.90284613738498 93.93654305416274
90.23786223562541 97.91276196967115 93.95504158807707
90.24507064740162 97.91276196967115 93.95734597156398
90.24507064740162 97.91276196967115 93.95734597156398
90.23064316264939 97.8305388455139 93.90993891365362
90.07981529030074 97.23751058425063 93.55156389450252
90.07981529030074 97.23751058425063 93.55156389450252
90.07981529030074 97.23751058425063 93.55156389450252
90.06518229114758 97.22882867578357 93.53684491923626
90.07981529030074 97.22882867578357 93.5417587046531
90.07981529030074 97.22882867578357 93.5417587046531
90.07981529030074 97.22882867578357 93.5417587046531
90.05050605873076 97.22664966528531 93.52946020504797
90.05784959106323 97.22664966528531 93.53192365076916
90.05784959106323 97.22664966528531 93.53192365076916
90.05784959106323 97.22664966528531 93.53192365076916
90.05050605873076 97.22664966528531 93.52946020504797
90.07250418293363 97.31583403895004 93.58708591601331
90.07250418293363 97.31583403895004 93.58708591601331
90.07250418293363 97.31583403895004 93.58708591601331
90.05784959106323 97.38596789263569 93.61049968114213
90.00617025934994 97.3900691175847 93.58464997382119
89.8309461848666 97.18813473256601 93.39671936313432
90.00617025934994 97.3900691175847 93.58464997382119
89.99142862838121 97.30528105408564 93.53438522145193
90.07981529030074 97.22882867578357 93.5417587046531
90.07981529030074 97.22882867578357 93.5417587046531
90.07981529030074 97.22882867578357 93.5417587046531
90.05050605873076 97.22664966528531 93.52946020504797
90.05784959106323 97.22664966528531 93.53192365076916
90.05784959106323 97.22664966528531 93.53192365076916
90.05784959106323 97.22664966528531 93.53192365076916
90.05050605873076 97.22664966528531 93.52946020504797
90.07250418293363 97.31583403895004 93.58708591601331
90.07250418293363 97.31583403895004 93.58708591601331
90.07250418293363 97.31583403895004 93.58708591601331
90.05784959106323 97.30951218994674 93.57488767106386
90.07250418293363 97.23751058425063 93.54911538935184
90.07250418293363 97.23751058425063 93.54911538935184
90.07250418293363 97.23751058425063 93.54911538935184
90.05784959106323 97.15249633983322 93.49880216740867
90.07981529030074 97.15249633983322 93.50621341275547
90.71720654265555 98.05546632401756 94.26814242672106
89.64089765682255 97.19167904903418 93.28872813713535
89.43100713719271 96.98138805274091 93.08295941155981
89.4387542841294 96.98138805274091 93.0855802807959
89.4387542841294 96.98138805274091 93.0855802807959
89.4387542841294 96.98138805274091 93.0855802807959
89.43100713719271 96.98138805274091 93.08295941155981
89.45421455559732 96.99552704869609 93.10647595127978
89.45421455559732 96.99552704869609 93.10647595127978
89.45421455559732 96.99552704869609 93.10647595127978
89.4387542841294 96.98847414613513 93.09343098545448
89.45421455559732 96.9931797546401 93.10387090184864
89.45421455559732 96.9931797546401 93.10387090184864
89.45421455559732 96.9931797546401 93.10387090184864
89.4387542841294 96.98375378619389 93.08819916468758
89.46192772989642 96.98375378619389 93.09604392682952
89.46192772989642 96.98375378619389 93.09604392682952
89.46192772989642 96.98375378619389 93.09604392682952
89.43100713719271 96.98138805274091 93.08295941155981
89.4387542841294 96.98138805274091 93.0855802807959
89.4387542841294 96.98138805274091 93.0855802807959
89.4387542841294 96.98138805274091 93.0855802807959
89.43100713719271 96.98138805274091 93.08295941155981
89.44649008195748 96.91264105490048 93.06083650190115
89.44649008195748 96.91264105490048 93.06083650190115
89.44649008195748 96.91264105490048 93.06083650190115
89.43100713719271 96.90538222024529 93.0476902438275
89.45421455559732 96.91746138914677 93.06870041961469
89.45421455559732 96.91746138914677 93.06870041961469
89.45421455559732 96.91746138914677 93.06870041961469
89.4387542841294 96.90780562140196 93.0529547198772
89.46192772989642 96.90780562140196 93.06083650190115
89.46192772989642 96.90780562140196 93.06083650190115
89.46192772989642 96.90780562140196 93.06083650190115
89.43100713719271 96.90538222024529 93.0476902438275
89.4387542841294 96.90538222024529 93.05032347883056
89.4387542841294 96.90538222024529 93.05032347883056
89.4387542841294 96.90538222024529 93.05032347883056
89.26112078518284 96.31781721720458 92.68322537869128
89.27682276229994 96.32640201638311 92.69700671960905
89.11307023253062 96.12248747668252 92.514276424086
89.42170677644079 96.32640201638311 92.7744604536469
89.40619177864986 96.31781721720458 92.76081385970822
89.42944724611885 96.33210301149232 92.78262374171747
89.42944724611885 96.33210301149232 92.78262374171747
89.42944724611885 96.33210301149232 92.78262374171747
89.41395496227051 96.2457696592605 92.73127753303964
89.43717639618988 96.2457696592605 92.73949579831933
89.43717639618988 96.2457696592605 92.73949579831933
89.43717639618988 96.2457696592605 92.73949579831933
89.40619177864986 96.2428475260855 92.72578834574956
89.41395496227051 96.2428475260855 92.72853397533332
89.41395496227051 96.2428475260855 92.72853397533332
89.41395496227051 96.2428475260855 92.72853397533332
89.40619177864986 96.2428475260855 92.72578834574956
89.42170677644079 96.25160031061768 92.73949579831933
89.42170677644079 96.25160031061768 92.73949579831933
89.41395496227051 96.2428475260855 92.72853397533332
89.40619177864986 96.2428475260855 92.72578834574956
89.42944724611885 96.257412879026 92.74769550088517
89.39585639727977 96.04407552219458 92.62988893518
89.58358096596537 96.257412879026 92.82986588458131
89.56828823109278 96.2457696592605 92.81361952294927
89.59121053152529 96.2457696592605 92.82175189625642
89.59121053152529 96.2457696592605 92.82175189625642
89.56828823109278 96.2428475260855 92.81090463549113
89.56062501240892 96.2428475260855 92.8081876959848
89.56828823109278 96.2428475260855 92.81090463549113
89.56828823109278 96.2428475260855 92.81090463549113
89.56062501240892 96.2428475260855 92.8081876959848
89.56062501240892 96.2428475260855 92.8081876959848
89.57594020737099 96.32640201638311 92.85677861521046
89.57594020737099 96.32640201638311 92.85677861521046
89.56062501240892 96.39290379672158 92.87838984350245
89.56062501240892 96.39290379672158 92.87838984350245
89.5102817068822 96.32925472747498 92.82445859872611
89.5102817068822 96.32925472747498 92.82445859872611
89.49488135862234 96.31781721720458 92.8081876959848
89.49488135862234 96.31781721720458 92.8081876959848
89.59121053152529 96.3957135939704 92.8918317791336
89.59121053152529 96.3957135939704 92.8918317791336
89.56062501240892 96.39290379672158 92.87838984350245
89.56062501240892 96.39290379672158 92.87838984350245
89.56828823109278 96.39290379672158 92.88108229620093
89.56828823109278 96.39290379672158 92.88108229620093
89.63408581015348 96.39290379672158 92.91621093949647
89.81275343881688 97.1857848227341 93.38441182805624
89.82024034164266 97.1857848227341 93.38692148379026
89.82024034164266 97.1857848227341 93.38692148379026
89.73165443297329 97.1028334925183 93.30088513749409
89.56828823109278 96.01381764890611 92.7074738461225
89.57594020737099 96.01690305844943 92.71296682715308
89.57594020737099 96.01690305844943 92.71296682715308
89.56062501240892 96.07913140265032 92.731466361855
89.58358096596537 96.08217568304865 92.74242856560551
89.59121053152529 96.08217568304865 92.7451639519604
89.59121053152529 96.08217568304865 92.7451639519604
89.56062501240892 96.07913140265032 92.731466361855
89.56828823109278 96.07913140265032 92.73421001622101
89.56828823109278 96.07913140265032 92.73421001622101
89.47420575935945 95.61328345419967 92.46536325351454
90.50015034579533 96.5841918594832 93.46652545422764
90.51422166176263 96.59217759430486 93.4789301915064
90.51422166176263 96.59217759430486 93.4789301915064
90.51422166176263 96.59217759430486 93.4789301915064
90.49309902102391 96.5841918594832 93.46403884134298
90.50719121830055 96.6701067840519 93.51444030348765
90.50719121830055 96.6701067840519 93.51444030348765
90.50719121830055 96.6701067840519 93.51444030348765
90.49309902102391 96.659694491982 93.49962440444952
90.52124169933595 96.66230366492147 93.51197567889568
90.52124169933595 96.66230366492147 93.51197567889568
90.52124169933595 96.66230366492147 93.51197567889568
90.49309902102391 96.659694491982 93.49962440444952
90.50015034579533 96.659694491982 93.50209842001317
90.50015034579533 96.659694491982 93.50209842001317
90.50015034579533 96.659694491982 93.50209842001317
90.50015034579533 96.659694491982 93.50209842001317
90.51422166176263 96.66750980144177 93.51444030348765
90.51422166176263 96.66750980144177 93.51444030348765
90.51422166176263 96.66750980144177 93.51444030348765
91.05938875206911 97.11313946083634 94.01332671136495
90.66883390524352 96.6701067840519 93.59996711608024
90.66883390524352 96.6701067840519 93.59996711608024
90.66883390524352 96.6701067840519 93.59996711608024
90.65495689222051 96.5841918594832 93.5496823746229
90.68266976576432 96.58685792637908 93.561945083854
90.68266976576432 96.58685792637908 93.561945083854
90.68266976576432 96.58685792637908 93.561945083854
90.65495689222051 96.659694491982 93.5853331960037
90.6619005542614 96.659694491982 93.58777682827638
90.6619005542614 96.659694491982 93.58777682827638
90.6619005542614 96.659694491982 93.58777682827638
90.6619005542614 96.659694491982 93.58777682827638
90.6757569681171 96.66750980144177 93.59996711608024
90.6757569681171 96.66750980144177 93.59996711608024
90.6757569681171 96.66750980144177 93.59996711608024
90.65495689222051 96.5841918594832 93.5496823746229
90.66883390524352 96.59483121474872 93.56439203278924
90.66883390524352 96.59483121474872 93.56439203278924
90.86210710479217 96.73326589108076 93.73192693594031
91.04468574657893 96.94234314411035 93.92489068524587
91.0713567030225 96.94473851365657 93.93648631917792
91.0713567030225 96.94473851365657 93.93648631917792
91.0713567030225 96.94473851365657 93.93648631917792
91.04468574657893 96.94234314411035 93.92489068524587
91.05136841256076 96.94234314411035 93.92721335868397
91.22799927253622 97.33835450309569 94.207569853246
91.22799927253622 97.33835450309569 94.207569853246
91.22799927253622 97.33835450309569 94.207569853246
91.24109683016887 97.42113648433352 94.25472908646881
91.24109683016887 97.42113648433352 94.25472908646881
91.4181744667947 98.42472368279859 94.81990422652508
91.22799927253622 97.5375759513911 94.30139430658146
91.24109683016887 97.54532123350265 94.31448858343512
91.24109683016887 97.54532123350265 94.31448858343512
91.24109683016887 97.54532123350265 94.31448858343512
91.22143579373105 97.5375759513911 94.29920606092055
91.247630952861 97.53951685058156 94.31013051584836
91.247630952861 97.53951685058156 94.31013051584836
91.42828282828283 97.74357441721459 94.50199285892221
91.22143579373105 97.5375759513911 94.29920606092055
91.22799927253622 97.46069617826254 94.26521067313774
91.22799927253622 97.46069617826254 94.26521067313774
91.22799927253622 97.46069617826254 94.26521067313774
91.22799927253622 97.46069617826254 94.26521067313774
91.24109683016887 97.46668650245468 94.27619185625271
91.24109683016887 97.46668650245468 94.27619185625271
91.24109683016887 97.46668650245468 94.27619185625271
91.22799927253622 97.46069617826254 94.26521067313774
91.24109683016887 97.46867700148651 94.27838304828714
91.24109683016887 97.46867700148651 94.27838304828714
91.24109683016887 97.46867700148651 94.27838304828714
91.22143579373105 97.38393750399115 94.22684047330159
91.247630952861 97.30941704035875 94.20181891547941
91.247630952861 97.30941704035875 94.20181891547941
91.247630952861 97.30941704035875 94.20181891547941
91.22143579373105 97.38393750399115 94.22684047330159
91.22799927253622 97.38393750399115 94.22905479650862
91.22799927253622 97.38393750399115 94.22905479650862
91.09178588002663 97.45031631414149 94.18804658681145
90.73660938599136 97.41296710316193 93.98159636062861
90.75036625258383 97.41906704053021 93.99308601207368
90.75036625258383 97.41906704053021 93.99308601207368
90.92554239639676 98.6258064516129 94.64944457722403
90.91201997623794 98.70124266482568 94.67561008634428
90.92554239639676 98.78397864967823 94.72431286124163
90.92554239639676 98.78397864967823 94.72431286124163
90.92554239639676 98.78397864967823 94.72431286124163
90.90524364193301 98.78009284249163 94.71007015020274
90.93228852722524 98.78106662064205 94.7202513472462
90.93228852722524 98.78106662064205 94.7202513472462
90.92554239639676 98.78009284249163 94.71618357487924
90.90524364193301 98.78009284249163 94.71007015020274
90.91201997623794 98.78009284249163 94.71210952966427
90.91201997623794 98.78009284249163 94.71210952966427
90.91201997623794 98.78009284249163 94.71210952966427
90.91201997623794 98.78009284249163 94.71210952966427
90.92554239639676 98.86179913341525 94.75874409604461
90.92554239639676 98.86179913341525 94.75874409604461
91.16168245057852 98.45908836568674 94.69730906666389
92.46113830462654 99.76666593976928 96.00249250137298
92.57287913527678 99.9629750626157 96.15672783681394
92.57287913527678 99.9629750626157 96.15672783681394
92.55596364158647 99.96285533244478 96.14619487005841
92.55596364158647 99.96285533244478 96.14619487005841
92.57850056254475 99.9563003911115 96.19131132992436
92.57850056254475 99.9563003911115 96.19131132992436
92.55596364158647 99.9562650338946 96.18385256227042
92.55596364158647 99.9562650338946 96.18385256227042
92.56161069422232 99.9562650338946 96.18534665199357
92.56161069422232 99.9562650338946 96.18534665199357
92.56161069422232 99.9562650338946 96.18534665199357
92.56161069422232 99.9562650338946 96.18534665199357
92.57287913527678 99.87555671993712 96.23040189325107
92.57287913527678 99.87555671993712 96.23040189325107
91.58889880710865 99.27308234783551 95.30494773373034
91.58889880710865 99.27308234783551 95.30494773373034
91.77998782220418 99.89770377625422 95.70025731239825
91.77998782220418 99.89770377625422 95.70025731239825
91.55284041322483 99.47598443173663 95.38115932900841
91.74772067334051 99.8974560370031 95.67947329119383
91.7601021877091 99.81687776590874 95.64564249096563
91.7601021877091 99.81687776590874 95.64564249096563
91.74151595204228 99.81672993847363 95.63886200075754
92.10306378294636 99.76776794321269 96.02432920454905
92.10306378294636 99.76776794321269 96.02432920454905
92.10306378294636 99.76776794321269 96.02432920454905
92.09710322317422 99.76776794321269 96.02277528944477
91.75391607824041 99.8171727064969 95.6473343204276
91.75391607824041 99.8171727064969 95.6473343204276
91.75391607824041 99.8171727064969 95.6473343204276
91.74151595204228 99.81672993847363 95.63886200075754
91.75391607824041 99.81731982079944 95.64902483572313
91.75391607824041 99.81731982079944 95.64902483572313
91.75391607824041 99.81731982079944 95.64902483572313
91.74151595204228 99.73642938050014 95.60335583170378
91.76627902265085 99.73664163673958 95.61189049662656
91.76627902265085 99.73664163673958 95.61189049662656
91.76627902265085 99.73664163673958 95.61189049662656
91.74151595204228 99.77754514524993 95.62075277187519
91.47569549976699 99.96503954901019 95.56345209684712
91.47569549976699 99.96503954901019 95.56345209684712
91.47569549976699 99.96503954901019 95.56345209684712
91.802511345829 99.64244192423278 95.92289176977323
91.89002458799862 99.56198944394559 96.00725187621217
91.89002458799862 99.56198944394559 96.00725187621217
91.89002458799862 99.56198944394559 96.00725187621217
91.95311069051834 99.23538329707996 96.19334389857369
91.96521103005426 99.15614588812906 96.23978488954499
91.96521103005426 99.15614588812906 96.23978488954499
91.96521103005426 99.15614588812906 96.23978488954499
91.87781101817367 99.39797420517215 96.07606973058637
91.9022014811809 99.48011494505012 96.04625179188801
91.9022014811809 99.48011494505012 96.04625179188801
91.9022014811809 99.48011494505012 96.04625179188801
91.87781101817367 99.47926965921825 96.03697834125727
91.87781101817367 99.47926965921825 96.03697834125727
91.87781101817367 99.47926965921825 96.03697834125727
91.87781101817367 99.47926965921825 96.03697834125727
91.87169042769857 99.47926965921825 96.03542853519073
91.89002458799862 99.3989514554588 96.08219582691618
91.89002458799862 99.3989514554588 96.08219582691618
91.89002458799862 99.3989514554588 96.08219582691618
92.75537855148629 98.60714996352058 96.91727962700787
93.50619834710744 97.90298242499557 97.65150218265856
93.50619834710744 97.90298242499557 97.65150218265856
93.50619834710744 97.90298242499557 97.65150218265856
93.4912713040237 97.97678201385949 97.60432766615146
93.51115882486529 97.97844865972036 97.60907523057641
93.51115882486529 97.97844865972036 97.60907523057641
93.51115882486529 97.97844865972036 97.60907523057641
93.4912713040237 97.97511261763525 97.60337588987555
93.4912713040237 97.97511261763525 97.60337588987555
93.4912713040237 97.97511261763525 97.60337588987555
92.80707164148421 98.77870702243462 96.86284539070576
92.80159644502962 98.77870702243462 96.86160799948831
92.81799708532606 98.69897508393709 96.90715068464002
92.81799708532606 98.69897508393709 96.90715068464002
92.81799708532606 98.69897508393709 96.90715068464002
92.82207202580274 98.53312093455463 96.98748335552597
92.83296752887121 98.53790852555903 96.99459068833225
92.83296752887121 98.53790852555903 96.99459068833225
92.83296752887121 98.53790852555903 96.99459068833225
92.81661184210527 98.53071536211328 96.98391706838446
92.83840288595556 98.53191913376585 96.98985619857582
92.83840288595556 98.53191913376585 96.98985619857582
92.49902995895195 98.93250992501102 96.62167177409948
92.47628996906943 98.84808419376948 96.65170976522627
92.47628996906943 98.84808419376948 96.65170976522627
92.47628996906943 98.84808419376948 96.65170976522627
92.47628996906943 98.84808419376948 96.65170976522627
92.47058341191423 98.84808419376948 96.65039197540713
92.4876771726014 98.85090427878254 96.65828319166322
92.4876771726014 98.85090427878254 96.65828319166322
92.4876771726014 98.85090427878254 96.65828319166322
92.4819878827575 98.85090427878254 96.65697057199881
92.49335785816473 98.85464298276469 96.66483085852275
92.49335785816473 98.85464298276469 96.66483085852275
92.49335785816473 98.85464298276469 96.66483085852275
93.36559540058732 97.84248103525212 97.59804237233563
92.71867515506335 99.0705255275098 96.67702884788814
92.71867515506335 99.0705255275098 96.67702884788814
92.71867515506335 99.0705255275098 96.67702884788814
92.77251914666448 99.06900811860218 96.70853229254182
92.77251914666448 99.06900811860218 96.70853229254182
92.77251914666448 99.06900811860218 96.70853229254182
93.46337629025919 98.26098558975272 97.45474810043831
93.38177452076346 98.26098558975272 97.41407037330875
93.39189747829681 98.26526764125202 97.41918916316246
93.39189747829681 98.26526764125202 97.41918916316246
93.39189747829681 98.26526764125202 97.41918916316246
93.38683987340463 98.26526764125202 97.4181670270386
93.40198951582944 98.2709443474031 97.42530502449803
93.40198951582944 98.2709443474031 97.42530502449803
93.40198951582944 98.2709443474031 97.42530502449803
93.38683987340463 98.26241528719031 97.4161203239491
93.40702398383205 98.26384263576217 97.42123100937637
93.40702398383205 98.26384263576217 97.42123100937637
93.40702398383205 98.26384263576217 97.42123100937637
93.5989062208688 98.06149732620321 97.62004444301311
93.5989062208688 98.06149732620321 97.62004444301311
93.5989062208688 98.06149732620321 97.62004444301311
93.5989062208688 98.06149732620321 97.62004444301311
93.58907861158944 98.06149732620321 97.61815232222091
93.5989062208688 98.0662799226512 97.62287699433865
93.36102157203075 98.34419470674291 97.36605710619185
92.91594632419527 98.85759654191386 96.89027051772045
92.91594632419527 98.85759654191386 96.89027051772045
92.93209306145917 98.86131322679212 96.89882153094808
92.93209306145917 98.86131322679212 96.89882153094808
92.91594632419527 98.93833046395622 96.84963895456579
92.91594632419527 98.93833046395622 96.84963895456579
92.93745896257387 98.85666357656822 96.89394100508284
92.93745896257387 98.85666357656822 96.89394100508284
92.92133676092544 98.85479306685532 96.8878187029204
92.92133676092544 98.85479306685532 96.8878187029204
92.92133676092544 98.85479306685532 96.8878187029204
92.92133676092544 98.85479306685532 96.8878187029204
92.91054767152067 98.85479306685532 96.88536301888402
92.87420218241714 99.07346128391794 96.7646432374867
93.07254974663206 98.85759654191386 96.97302133370256
93.07254974663206 98.85759654191386 96.97302133370256
93.06726586818941 98.85759654191386 96.97182798448621
93.06726586818941 98.85759654191386 96.97182798448621
93.08309337721103 98.77898534782418 97.01830473882262
93.08309337721103 98.77898534782418 97.01830473882262
93.06726586818941 98.93833046395622 96.93119437190215
92.72510680249754 99.33604484995054 96.56270905673601
92.74715373904496 99.33658450858925 96.56944827147672
92.74715373904496 99.33658450858925 96.56944827147672
92.73614699971289 99.33550431262101 96.56405901708948
92.73614699971289 99.33550431262101 96.56405901708948
92.55393180236604 99.8210857043114 96.07455908754883
92.55393180236604 99.8210857043114 96.07455908754883
92.53697663445955 99.8210857043114 96.0699521035325
92.54828864627926 99.82151796791676 96.07762441433457
92.36666189668213 99.40609082041834 95.78651685393258
92.36666189668213 99.40609082041834 95.78651685393258
92.360883797054 99.40609082041834 95.78487607219913
92.54442467742265 99.40798997472075 95.88489903977475
93.01231066444706 99.9391793557356 96.38308657359495
93.55452196382429 99.44486941317888 96.96058642303198
93.53969832587435 99.44216282696067 96.94979583568771
93.55944807072628 99.44261575597982 96.95580004681747
93.55944807072628 99.44261575597982 96.95580004681747
93.55944807072628 99.44261575597982 96.95580004681747
93.5495883156109 99.44170916124494 96.9509985719462
93.5495883156109 99.44170916124494 96.9509985719462
93.5495883156109 99.44170916124494 96.9509985719462
93.5495883156109 99.44170916124494 96.9509985719462
93.08117700466345 99.72163163316749 96.57437423606314
92.64696836104903 99.76939978680358 96.10602094240838
93.6182997327145 99.19551599076821 97.10851340685595
93.6182997327145 99.19551599076821 97.10851340685595
93.61340355824659 99.19551599076821 97.10737188036833
93.6280695947204 99.19812457550994 97.11534369014684
93.6280695947204 99.19812457550994 97.11534369014684
93.6280695947204 99.19812457550994 97.11534369014684
93.69012565835855 98.94982497082847 97.26312642156182
94.13696352488829 98.49740360181195 97.71018528435258
93.92808261789224 98.73682818217891 97.48674987177294
93.92808261789224 98.73682818217891 97.48674987177294
93.84190412893578 98.97986221515633 97.32437176248983
93.84663276953408 98.97986221515633 97.32543087308635
93.84663276953408 98.97986221515633 97.32543087308635
93.84663276953408 98.97986221515633 97.32543087308635
93.64542246211334 99.82921702574882 96.82444960678588
93.65516955476329 99.8296310857742 96.83069756559286
93.65516955476329 99.8296310857742 96.83069756559286
93.65516955476329 99.8296310857742 96.83069756559286
93.65029974899912 99.8296310857742 96.82944994148313
93.66003189660529 99.75263637547195 96.63865546218487
93.66003189660529 99.75263637547195 96.63865546218487
93.66003189660529 99.75263637547195 96.63865546218487
93.65029974899912 99.75203915171289 96.63205283387484
93.66973425705719 99.75243762079525 96.63997288250498
92.89552483694983 98.74035381870553 95.75247431228287
92.89552483694983 98.74035381870553 95.75247431228287
92.87931424342713 98.73532458563537 95.73923754777171
92.88472598800426 98.69485492395643 95.72175633161123
93.3391128449646 98.70550161812298 95.96611707121532
93.3391128449646 98.70550161812298 95.96611707121532
92.31918464246245 97.81493201060464 95.01014283622979
92.13123445210229 97.59943816637937 94.81000926784058
92.13123445210229 97.59943816637937 94.81000926784058
92.13123445210229 97.59943816637937 94.81000926784058
92.12529333741455 97.59943816637937 94.80800883388545
92.13716660893661 97.52848081125231 94.78153321692858
92.13716660893661 97.52848081125231 94.78153321692858
92.13716660893661 97.52848081125231 94.78153321692858
92.12529333741455 97.59943816637937 94.80800883388545
92.14900412996154 97.60321271487156 94.8199883595244
92.14900412996154 97.60321271487156 94.8199883595244
92.14900412996154 97.60321271487156 94.8199883595244
92.13123445210229 97.59375399974401 94.80400333611342
92.13716660893661 97.59375399974401 94.80600685723813
92.13716660893661 97.59375399974401 94.80600685723813
92.13716660893661 97.59375399974401 94.80600685723813
92.11934324456787 97.59375399974401 94.79999165327713
92.12529333741455 97.59375399974401 94.80199826872334
92.12529333741455 97.59375399974401 94.80199826872334
92.12529333741455 97.59375399974401 94.80199826872334
92.11934324456787 97.59375399974401 94.79999165327713
92.13716660893661 97.75868668396205 94.89100463035221
92.13716660893661 97.75868668396205 94.89100463035221
92.13716660893661 97.75868668396205 94.89100463035221
92.12529333741455 97.75338377917511 94.88115095913261
92.14900412996154 97.83395808485261 94.92950418812757
92.14900412996154 97.83395808485261 94.92950418812757
92.14900412996154 97.83395808485261 94.92950418812757
92.13123445210229 97.82538969786387 94.91383899216149
92.13716660893661 97.82538969786387 94.91580243306971
92.13716660893661 97.82538969786387 94.91580243306971
92.13716660893661 97.82538969786387 94.91580243306971
92.11934324456787 97.82538969786387 94.90990755731968
92.12529333741455 97.82538969786387 94.91187403416448
92.12529333741455 97.82538969786387 94.91187403416448
92.12529333741455 97.82538969786387 94.91187403416448
92.1015112631879 97.69013366199877 94.83968925819232
92.26688430932462 97.69013366199877 94.92656319936712
92.46876469746232 97.91276196967115 95.138490428251
92.46876469746232 97.91276196967115 95.138490428251
92.45735116426714 97.90781580239533 95.12908957876031
92.48014374093962 97.83395808485261 95.10367042291695
92.48014374093962 97.83395808485261 95.10367042291695
92.48014374093962 97.83395808485261 95.10367042291695
92.53877951950231 97.90450531357581 95.1658946179666
92.54442467742265 97.90450531357581 95.16776418940107
92.54442467742265 97.90450531357581 95.16776418940107
92.54442467742265 97.90450531357581 95.16776418940107
92.45163141498607 97.82538969786387 95.08471206270471
92.45735116426714 97.82538969786387 95.08661450269886
92.45735116426714 97.82538969786387 95.08661450269886
92.45735116426714 97.82538969786387 95.08661450269886
92.45163141498607 97.90284613738498 95.12154268126714
92.46876469746232 97.83566366596438 95.10178117048346
92.46876469746232 97.83566366596438 95.10178117048346
92.46306225187246 97.8305388455139 95.09420955882352
92.45735116426714 97.8305388455139 95.09231299695948
92.40459807664823 97.83395808485261 95.06510023037872
92.40459807664823 97.83395808485261 95.06510023037872
92.39885574172456 97.82882517452659 95.05747486453473
92.393104717502 97.82710879412016 95.05365333779139
92.47445852063751 97.82710879412016 95.09420955882352
92.47445852063751 97.82710879412016 95.09420955882352
92.45163141498607 97.90284613738498 95.12154268126714
92.45163141498607 97.90284613738498 95.12154268126714
92.45735116426714 97.90284613738498 95.12343159723312
92.45735116426714 97.90284613738498 95.12343159723312
92.45163141498607 97.90284613738498 95.12154268126714
92.45163141498607 97.90284613738498 95.12154268126714
92.46876469746232 97.98998188212725 95.17522803648583
92.46876469746232 97.98998188212725 95.17522803648583
92.45735116426714 97.90781580239533 95.12908957876031
92.45735116426714 97.90781580239533 95.12908957876031
92.47445852063751 97.91111584780987 95.138490428251
92.47445852063751 97.91111584780987 95.138490428251
92.46306225187246 97.82710879412016 95.09041496811957
92.46306225187246 97.82710879412016 95.09041496811957
92.29906389574369 97.63311085996972 94.90983008443656
92.27271800517872 97.6268656716418 94.89301385139713
92.24933025215239 97.62499199795147 94.88314780393058
92.25519045283636 97.62499199795147 94.88512406183781
92.25519045283636 97.62499199795147 94.88512406183781
92.25519045283636 97.62499199795147 94.88512406183781
92.24933025215239 97.62499199795147 94.88314780393058
92.26104179854205 97.63618986938516 94.89891523870995
92.26688430932462 97.63618986938516 94.90087933815495
92.26688430932462 97.63618986938516 94.90087933815495
92.25519045283636 97.63060416400562 94.8910436867897
92.27271800517872 97.55760858022725 94.86435318104273
92.27271800517872 97.55760858022725 94.86435318104273
92.27271800517872 97.55760858022725 94.86435318104273
92.26104179854205 97.39635404479803 94.77933822303717
92.27271800517872 97.39635404479803 94.78336005330114
92.27271800517872 97.39635404479803 94.78336005330114
92.27271800517872 97.39635404479803 94.78336005330114
92.24933025215239 97.39430323157492 94.77329383663805
92.25519045283636 97.39430323157492 94.7753101866333
92.25519045283636 97.39430323157492 94.7753101866333
92.25519045283636 97.39430323157492 94.7753101866333
92.24933025215239 97.39430323157492 94.77329383663805
92.26688430932462 97.48298309972647 94.82785513003151
92.26688430932462 97.48298309972647 94.82785513003151
92.26688430932462 97.48298309972647 94.82785513003151
92.25519045283636 97.47704472028566 94.81788631438573
92.19728015984667 97.55760858022725 94.82586443639995
92.19728015984667 97.55760858022725 94.82586443639995
92.19728015984667 97.55760858022725 94.82586443639995
92.18548996385763 97.54990732258133 94.81388802001877
92.27271800517872 97.54990732258133 94.85643440573429
92.27271800517872 97.54990732258133 94.85643440573429
92.27271800517872 97.54990732258133 94.85643440573429
92.24933025215239 97.62499199795147 94.88314780393058
92.25519045283636 97.62499199795147 94.88512406183781
92.25519045283636 97.62499199795147 94.88512406183781
92.25519045283636 97.62499199795147 94.88512406183781
92.24933025215239 97.62499199795147 94.88314780393058
92.26688430932462 97.63618986938516 94.90087933815495
92.26688430932462 97.67560447031828 94.91964694616762
92.08275637370693 97.47264863031126 94.72640019943493
92.07080801076803 97.46668650245468 94.71624673472998
92.08275637370693 97.47066437498674 94.72437262950069
92.08275637370693 97.47066437498674 94.72437262950069
92.08275637370693 97.47066437498674 94.72437262950069
92.07080801076803 97.46269609825666 94.71217439305094
92.08871706175603 97.46269609825666 94.71828055428405
92.08871706175603 97.46269609825666 94.71828055428405
92.08871706175603 97.46269609825666 94.71828055428405
92.06482029512011 97.46069617826254 94.70809576918667
92.07080801076803 97.46069617826254 94.71013586730017
92.07080801076803 97.46069617826254 94.71013586730017
92.07080801076803 97.46069617826254 94.71013586730017
92.06482029512011 97.46069617826254 94.70809576918667
92.08275637370693 97.62582289233383 94.79926817605356
92.08275637370693 97.62582289233383 94.79926817605356
92.08275637370693 97.62582289233383 94.79926817605356
92.07080801076803 97.62021328678772 94.78924728942955
92.08275637370693 97.62395596455062 94.79726708332899
91.7408857600779 97.49342049409967 94.55537460972751
91.55328798185941 97.28487620983968 94.35766854019812
91.54061397461373 97.27633899169305 94.34467303682031
91.55961075482004 97.27633899169305 94.35117826276192
91.55961075482004 97.27633899169305 94.35117826276192
91.55961075482004 97.27633899169305 94.35117826276192
91.53426269759136 97.3507819980849 94.37658398770202
91.54061397461373 97.3507819980849 94.37874430243062
91.54061397461373 97.3507819980849 94.37874430243062
91.54061397461373 97.3507819980849 94.37874430243062
91.53426269759136 97.3507819980849 94.37658398770202
91.54695572890284 97.35702458285569 94.38736898850313
91.54695572890284 97.35702458285569 94.38736898850313
91.54695572890284 97.35702458285569 94.38736898850313
91.53426269759136 97.3507819980849 94.37658398770202
91.55328798185941 97.36116998728275 94.39382015491033
91.55328798185941 97.36116998728275 94.39382015491033
91.55328798185941 97.36116998728275 94.39382015491033
91.54061397461373 97.42951377806149 94.41716071558358
91.55961075482004 97.35286613369621 94.38736898850313
91.55961075482004 97.35286613369621 94.38736898850313
91.55961075482004 97.35286613369621 94.38736898850313
91.53426269759136 97.3507819980849 94.37658398770202
91.54061397461373 97.3507819980849 94.37874430243062
91.54061397461373 97.3507819980849 94.37874430243062
91.54061397461373 97.3507819980849 94.37874430243062
91.53426269759136 97.3507819980849 94.37658398770202
91.54695572890284 97.35702458285569 94.38736898850313
91.54695572890284 97.35702458285569 94.38736898850313
91.54695572890284 97.35702458285569 94.38736898850313
91.53426269759136 97.3507819980849 94.37658398770202
91.55328798185941 97.36116998728275 94.39382015491033
91.55328798185941 97.36116998728275 94.39382015491033
91.55328798185941 97.36116998728275 94.39382015491033
91.54061397461373 97.35286613369621 94.38090295796574
91.55961075482004 97.35286613369621 94.38736898850313
91.55961075482004 97.35286613369621 94.38736898850313
91.55961075482004 97.35286613369621 94.38736898850313
91.53426269759136 97.27419629188637 94.34032788927766
91.54061397461373 97.27419629188637 94.3425012973534
91.69307011130068 97.27419629188637 94.42286117920804
91.69307011130068 97.27419629188637 94.42286117920804
91.68682290290452 97.27419629188637 94.42071681682617
91.69930793740994 97.28061430116878 94.43142217059409
91.69930793740994 97.28061430116878 94.43142217059409
91.69930793740994 97.28061430116878 94.43142217059409
91.68682290290452 97.27419629188637 94.42071681682617
91.70553640235246 97.28487620983968 94.43782568607747
91.70553640235246 97.28487620983968 94.43782568607747
91.70553640235246 97.28487620983968 94.43782568607747
91.69307011130068 97.27633899169305 94.42500389387882
91.71175552718503 97.27633899169305 94.43142217059409
91.71175552718503 97.27633899169305 94.43142217059409
91.69930793740994 97.27419629188637 94.42500389387882
91.68682290290452 97.27419629188637 94.42071681682617
91.69307011130068 97.27419629188637 94.42286117920804
91.69307011130068 97.27419629188637 94.42286117920804
91.68682290290452 97.27419629188637 94.42071681682617
91.68682290290452 97.27419629188637 94.42071681682617
91.69930793740994 97.28061430116878 94.43142217059409
91.91756855724633 97.69299591002046 94.74193548387096
91.53426269759136 97.19773099067326 94.30409963674104
91.53426269759136 97.19773099067326 94.30409963674104
91.47837706511176 97.05440781544057 94.20890952907956
91.47837706511176 97.05440781544057 94.20890952907956
91.46559065655542 97.0451604692107 94.19558163402826
91.46559065655542 97.0451604692107 94.19558163402826
91.55961075482004 97.1236450798634 94.27888000662718
91.55961075482004 97.1236450798634 94.27888000662718
91.53426269759136 97.12138581072475 94.26789919802462
91.53426269759136 97.12138581072475 94.26789919802462
91.54061397461373 97.12138581072475 94.27009873060649
91.54061397461373 97.12138581072475 94.27009873060649
91.60934234289077 97.12138581072475 94.30628611742247
91.61563729267205 97.20432386604494 94.35117826276192
91.62192280417383 97.20432386604494 94.3533433469726
91.62192280417383 97.20432386604494 94.3533433469726
91.53426269759136 97.19773099067326 94.30409963674104
91.54061397461373 97.20432386604494 94.31283549918132
91.54695572890284 97.20651460279137 94.31719338938824
91.74399480192491 97.38595374496074 94.50606459913466
91.7054626034276 97.34871052855563 94.46587305712949
91.72413793103449 97.35079624944188 94.47437534385932
91.7303443662971 97.35079624944188 94.47649683511466
91.7303443662971 97.35079624944188 94.47649683511466
91.7054626034276 97.27212808028406 94.42954833613935
91.71169707065371 97.27212808028406 94.43168950435803
91.71169707065371 97.27212808028406 94.43168950435803
91.71169707065371 97.27212808028406 94.43168950435803
91.71169707065371 97.27212808028406 94.43168950435803
91.72413793103449 97.2022636230686 94.40615250671117
91.72413793103449 97.2022636230686 94.40615250671117
91.72413793103449 97.2022636230686 94.40615250671117
91.7054626034276 97.19566602931803 94.39325154011573
91.71792217282749 97.28068502151291 94.44237070216913
91.71792217282749 97.28068502151291 94.44237070216913
91.71792217282749 97.28068502151291 94.44237070216913
91.7054626034276 97.27212808028406 94.42954833613935
91.7303443662971 97.27427236031443 94.44023774207267
91.7303443662971 97.27427236031443 94.44023774207267
91.7303443662971 97.27427236031443 94.44023774207267
91.7054626034276 97.19566602931803 94.39325154011573
91.71169707065371 97.19566602931803 94.39540583201794
91.71169707065371 97.19566602931803 94.39540583201794
91.71169707065371 97.19566602931803 94.39540583201794
91.71169707065371 97.19566602931803 94.39540583201794
91.72413793103449 97.2022636230686 94.40615250671117
91.72413793103449 97.2022636230686 94.40615250671117
91.72413793103449 97.2022636230686 94.40615250671117
91.7054626034276 97.19566602931803 94.39325154011573
91.71792217282749 97.20445592782414 94.40615250671117
91.71792217282749 97.20445592782414 94.40615250671117
91.71792217282749 97.20445592782414 94.40615250671117
91.7054626034276 97.19566602931803 94.39325154011573
91.7303443662971 97.19786868193687 94.4040064700759
91.7303443662971 97.19786868193687 94.4040064700759
91.7303443662971 97.19786868193687 94.4040064700759
91.7054626034276 97.19566602931803 94.39325154011573
91.71169707065371 97.19566602931803 94.39540583201794
91.71169707065371 97.19566602931803 94.39540583201794
91.48867182750375 96.79876436112815 94.08957757558821
91.98451507742462 97.1564484274459 94.52006363797065
92.19728015984667 97.38389994266664 94.74100270438943
92.19728015984667 97.38389994266664 94.74100270438943
92.19728015984667 97.38389994266664 94.74100270438943
92.17958149419651 97.37771912647398 94.72883087637356
92.19138951234443 97.38595374496074 94.74100270438943
92.19138951234443 97.38595374496074 94.74100270438943
92.19138951234443 97.38595374496074 94.74100270438943
92.17958149419651 97.37771912647398 94.72883087637356
92.20316192649337 97.37978264106 94.73897797155135
92.20316192649337 97.37978264106 94.73897797155135
92.20316192649337 97.37978264106 94.73897797155135
92.17958149419651 97.30109104829963 94.69230368401855
92.18548996385763 97.30109104829963 94.69434952912744
92.18548996385763 97.30109104829963 94.69434952912744
92.18548996385763 97.30109104829963 94.69434952912744
92.18548996385763 97.30109104829963 94.69434952912744
92.19728015984667 97.30744748567791 94.70455514312154
92.19728015984667 97.30744748567791 94.70455514312154
91.8601580433502 97.15696036268882 94.45608213211656
91.84790348503653 97.22664966528531 94.48174787959421
91.8601580433502 97.3880201150035 94.56702229233261
91.8601580433502 97.3880201150035 94.56702229233261
91.8601580433502 97.3880201150035 94.56702229233261
91.84176235849824 97.37979183074007 94.55237936668158
91.8662715167262 97.38185375813518 94.56284663800088
91.8662715167262 97.38185375813518 94.56284663800088
91.8662715167262 97.38185375813518 94.56284663800088
91.84176235849824 97.37979183074007 94.55237936668158
91.84790348503653 97.37979183074007 94.55447604385544
91.84790348503653 97.37979183074007 94.55447604385544
91.84790348503653 97.37979183074007 94.55447604385544
91.84790348503653 97.37979183074007 94.55447604385544
91.8601580433502 97.38596789263569 94.56493526718508
91.8601580433502 97.38596789263569 94.56493526718508
91.8601580433502 97.38596789263569 94.56493526718508
91.84790348503653 97.30316049172657 94.51809797132191
91.8601580433502 97.31162277912055 94.53072318529354
91.8601580433502 97.31162277912055 94.53072318529354
91.92177907874944 97.51423472422877 94.65936714383662
91.72037982147577 97.37979183074007 94.48846737796634
91.74522086399482 97.38185375813518 94.49905030774181
91.74522086399482 97.38185375813518 94.49905030774181
91.74522086399482 97.38185375813518 94.49905030774181
91.72037982147577 97.37979183074007 94.48846737796634
91.7266040879353 97.37979183074007 94.49058722024137
91.7266040879353 97.37979183074007 94.49058722024137
91.7266040879353 97.37979183074007 94.49058722024137
91.7266040879353 97.37979183074007 94.49058722024137
91.73902458816846 97.38596789263569 94.5011620185923
91.73902458816846 97.38596789263569 94.5011620185923
91.73902458816846 97.38596789263569 94.5011620185923
91.7266040879353 97.37979183074007 94.49058722024137
91.73902458816846 97.46453750106176 94.53955013280213
91.73902458816846 97.46453750106176 94.53955013280213
91.73902458816846 97.46453750106176 94.53955013280213
91.72037982147577 97.45654396728017 94.52483745123537
91.74522086399482 97.53536128152692 94.57168676575986
91.74522086399482 97.53536128152692 94.57168676575986
91.75950163348958 97.8128407414534 94.71026714139963
91.20114837953135 97.5334171872002 94.28648514029554
91.20772556466929 97.5334171872002 94.28867797313417
91.20772556466929 97.5334171872002 94.28867797313417
91.20772556466929 97.5334171872002 94.28867797313417
91.20772556466929 97.5334171872002 94.28867797313417
91.22085048010973 97.46254383168632 94.26350812919785
91.22085048010973 97.46254383168632 94.26350812919785
91.20772556466929 97.45654396728017 94.25250409572593
91.20772556466929 97.45654396728017 94.25250409572593
91.22085048010973 97.46453750106176 94.26570388148639
91.22085048010973 97.46453750106176 94.26570388148639
91.20114837953135 97.30316049172657 94.17800764933301
91.20114837953135 97.30316049172657 94.17800764933301
91.22739825434901 97.30528105408564 94.1891500455185
91.22739825434901 97.30528105408564 94.1891500455185
91.20114837953135 97.37979183074007 94.2141390680409
91.20114837953135 97.37979183074007 94.2141390680409
91.20772556466929 97.37979183074007 94.21635796390925
91.20772556466929 97.37979183074007 94.21635796390925
90.83519446288807 97.14200781382708 93.90683595565979
91.04585971846892 98.11490703210448 94.47487398014862
91.05920257752719 98.1193838254172 94.48547717842324
91.05920257752719 98.1193838254172 94.48547717842324
91.04585971846892 98.03711481592595 94.438557120891
91.04585971846892 98.03711481592595 94.438557120891
91.05920257752719 97.96589186997076 94.41514438768638
91.23557420708579 98.57182741661833 94.7923060118385
91.21590196752472 98.48876259364505 94.74167144570147
91.22902659155612 98.48996536815162 94.74775037493751
91.24211205419246 98.48996536815162 94.75179519200749
91.24211205419246 98.48996536815162 94.75179519200749
91.22246918569408 98.48876259364505 94.74369931833816
91.22902659155612 98.48876259364505 94.74572562748101
91.22902659155612 98.48876259364505 94.74572562748101
91.22902659155612 98.48876259364505 94.74572562748101
91.22246918569408 98.48876259364505 94.74369931833816
91.23557420708579 98.49236518265576 94.75381526522206
91.23557420708579 98.49236518265576 94.75381526522206
91.23557420708579 98.49236518265576 94.75381526522206
91.33874198312664 98.22444554179101 94.68251322861548
91.92364767344947 98.80099020557529 95.26702074272332
92.11276786441782 99.01626612590067 95.46864195461308
92.11276786441782 99.01626612590067 95.46864195461308
92.10086090823779 99.01390480721406 95.45984190802113
92.12463897815564 99.01469317199654 95.46864195461308
92.12463897815564 99.01469317199654 95.46864195461308
92.12463897815564 99.01469317199654 95.46864195461308
92.10086090823779 99.01311517984678 95.45807779551374
92.03139333401285 99.01311517984678 95.42100124919956
92.03139333401285 99.01311517984678 95.42100124919956
92.03139333401285 99.01311517984678 95.42100124919956
92.02537843241258 99.01311517984678 95.41922204486264
92.11276786441782 99.01548027722002 95.4668846754499
92.11276786441782 99.01548027722002 95.4668846754499
92.11276786441782 99.01548027722002 95.4668846754499
92.176343384063 99.2533437215946 95.61350079811812
92.1881365599283 99.25572766104328 95.62370345535696
92.1881365599283 99.25572766104328 95.62370345535696
92.1881365599283 99.25572766104328 95.62370345535696
92.10086090823779 98.93474503025065 95.42277907196373
92.12463897815564 98.93559600146814 95.43164751840642
92.12463897815564 98.93559600146814 95.43164751840642
92.12463897815564 98.93559600146814 95.43164751840642
92.10086090823779 99.01311517984678 95.45807779551374
92.10086090823779 99.01311517984678 95.45807779551374
92.10086090823779 99.01311517984678 95.45807779551374
92.10086090823779 99.01311517984678 95.45807779551374
92.09489393846594 99.01311517984678 95.45631231155515
92.11276786441782 99.01548027722002 95.4668846754499
92.11276786441782 99.01548027722002 95.4668846754499
92.11276786441782 99.01548027722002 95.4668846754499
92.10681887677097 99.09464131374244 95.50217653537526
92.1187078914694 99.09752735418283 95.51262597193299
92.29906389574369 99.92398575275823 95.99482524690514
92.29906389574369 99.92398575275823 95.99482524690514
92.2815911042067 99.84299701258205 95.94327977126217
92.30487059303036 99.84312358375458 95.95118252848388
92.30487059303036 99.84312358375458 95.95118252848388
92.48197312356604 99.88401864454997 96.17618740279114
92.23634209128427 99.491127348643 95.75371326240388
92.23634209128427 99.491127348643 95.75371326240388
92.23634209128427 99.491127348643 95.75371326240388
92.23634209128427 99.491127348643 95.75371326240388
92.23046882986772 99.491127348643 95.75205758064345
92.24806201550388 99.49235274975594 95.76197234926143
92.24806201550388 99.49235274975594 95.76197234926143
92.24806201550388 99.49235274975594 95.76197234926143
92.24220647979912 99.49235274975594 95.76032310313637
92.25390871842959 99.49397746685985 95.77019937040923
92.25390871842959 99.49397746685985 95.77019937040923
92.25390871842959 99.49397746685985 95.77019937040923
92.23634209128427 99.41161144643709 95.71807502841986
92.25974660854686 99.41208374010196 95.72639695763165
92.25974660854686 99.41208374010196 95.72639695763165
92.25974660854686 99.41208374010196 95.72639695763165
92.23634209128427 99.491127348643 95.75371326240388
92.23634209128427 99.491127348643 95.75371326240388
92.23634209128427 99.491127348643 95.75371326240388
92.23634209128427 99.491127348643 95.75371326240388
92.39482200647248 99.81166783461808 96.16451114450818
91.83963605345464 99.52473958333333 95.55802681550179
91.83963605345464 99.52473958333333 95.55802681550179
91.83963605345464 99.52473958333333 95.55802681550179
91.83349931911953 99.52473958333333 95.55630188600036
91.84576357179097 99.52626114043437 95.56663141471996
91.84576357179097 99.52626114043437 95.56663141471996
91.84576357179097 99.52626114043437 95.56663141471996
91.82735334797819 99.5239751336782 95.55111905012083
91.85188189487346 99.44444444444444 95.52268534048977
91.85188189487346 99.44444444444444 95.52268534048977
91.85188189487346 99.44444444444444 95.52268534048977
91.90261166707346 99.44355084119462 95.55111905012083
91.90261166707346 99.44355084119462 95.55111905012083
91.90261166707346 99.44355084119462 95.55111905012083
91.90261166707346 99.44355084119462 95.55111905012083
91.82119811916054 99.44355084119462 95.51049583215078
91.83349931911953 99.4448901706529 95.5192093833274
91.83349931911953 99.4448901706529 95.5192093833274
91.83349931911953 99.4448901706529 95.5192093833274
91.82735334797819 99.4448901706529 95.51746938004429
91.54294267567458 99.50043252595155 95.39183511361024
91.39135702746366 99.50043252595155 95.31015037593986
91.20533645029323 99.28357178308626 95.10952251933057
91.18561906685518 99.20053730825896 95.05571467396985
91.21188932296911 99.20117766761197 95.06525753513266
91.21188932296911 99.20117766761197 95.06525753513266
91.21188932296911 99.20117766761197 95.06525753513266
91.19220134417826 99.19989592142068 95.05571467396985
91.19220134417826 99.19989592142068 95.05571467396985
91.19220134417826 99.19989592142068 95.05571467396985
91.19220134417826 99.19989592142068 95.05571467396985
91.17902694398965 99.19989592142068 95.05188718721232
91.19220134417826 99.2018170019468 95.06144481451706
91.19220134417826 99.2018170019468 95.06144481451706
91.18561906685518 99.2018170019468 95.05953624399415
91.18561906685518 99.2018170019468 95.05953624399415
91.20533645029323 99.28357178308626 95.10952251933057
91.20533645029323 99.28357178308626 95.10952251933057
91.19220134417826 99.2801231596522 95.09439090167876
90.98897555273395 99.131809127912 94.91780178487554
90.6605284227382 98.82464577627294 94.59352842861443
90.6605284227382 98.82464577627294 94.59352842861443
90.8146242437642 99.44138935379398 94.96240601503759
90.8146242437642 99.44138935379398 94.96240601503759
90.8146242437642 99.44138935379398 94.96240601503759
90.8146242437642 99.44138935379398 94.96240601503759
90.80094204794781 99.44138935379398 94.95851012687332
90.80094204794781 99.44138935379398 94.95851012687332
90.8146242437642 99.52257980512576 95.00490431370913
90.8146242437642 99.52257980512576 95.00490431370913
90.80778823718722 99.52257980512576 95.00297504097206
90.80778823718722 99.52257980512576 95.00297504097206
90.82826579966685 99.4445164915921 94.97986325746932
90.82826579966685 99.4445164915921 94.97986325746932
90.80778823718722 99.36199301230442 94.92572836310114
90.80778823718722 99.36199301230442 94.92572836310114
90.8350713941922 99.3625048787892 94.9355087412223
90.8350713941922 99.3625048787892 94.9355087412223
90.88899161859587 99.36148032316913 94.9643517020366
90.73579870377431 99.22141013684964 94.81687615950639
90.73579870377431 99.22141013684964 94.81687615950639
90.73579870377431 99.22141013684964 94.81687615950639
90.64766995558949 99.30109393992012 94.81087285438514
90.66155667475971 99.3027737479159 94.8208706519475
90.66155667475971 99.3027737479159 94.8208706519475
90.66155667475971 99.3027737479159 94.8208706519475
90.65461847389558 99.3027737479159 94.81887417563527
90.67540221594437 99.30500097127194 94.83281727312401
90.67540221594437 99.30500097127194 94.83281727312401
90.67540221594437 99.30500097127194 94.83281727312401
90.65461847389558 99.22203441251679 94.77831280095053
90.68230960198606 99.22265768789381 94.78836171474342
90.68230960198606 99.22265768789381 94.78836171474342
90.68230960198606 99.22265768789381 94.78836171474342
90.66848458114448 99.30109393992012 94.81687615950639
90.66848458114448 99.30109393992012 94.81687615950639
90.66848458114448 99.30109393992012 94.81687615950639
90.66848458114448 99.30109393992012 94.81687615950639
90.64766995558949 99.30109393992012 94.81087285438514
90.1964307102647 98.30025292579414 94.10737172861454
91.28800888978684 99.18250827223773 95.10414272881108
91.47467303721099 99.39962720534051 95.30523803542269
91.4682821079077 99.39962720534051 95.3034190271742
91.48742621492683 99.40154690403146 95.31612256407043
91.48742621492683 99.40154690403146 95.31612256407043
91.48742621492683 99.40154690403146 95.31612256407043
91.4682821079077 99.39866273011462 95.29977677869651
91.48742621492683 99.39914535476454 95.30705563519551
91.48742621492683 99.39914535476454 95.30705563519551
91.48742621492683 99.39914535476454 95.30705563519551
91.47467303721099 99.39817932952397 95.29977677869651
91.4810543990613 99.39817932952397 95.30159860881226
91.4810543990613 99.39817932952397 95.30159860881226
91.4810543990613 99.39817932952397 95.30159860881226
91.46188158961881 99.39817932952397 95.29612887662957
91.47467303721099 99.39962720534051 95.30523803542269
91.47467303721099 99.39962720534051 95.30523803542269
91.47467303721099 99.39962720534051 95.30523803542269
91.4682821079077 99.39962720534051 95.3034190271742
91.82471672826219 99.8002778742619 95.68250970517259
91.41263038732109 99.32160912586959 95.23884119723458
91.41263038732109 99.32160912586959 95.23884119723458
91.3997651536624 99.39962720534051 95.266507557677
91.49378850621149 99.48023822414727 95.35117056856187
91.49378850621149 99.48023822414727 95.35117056856187
91.49378850621149 99.48023822414727 95.35117056856187
91.47467303721099 99.47814742335291 95.33674410802651
91.4810543990613 99.47814742335291 95.3385523102881
91.4810543990613 99.47814742335291 95.3385523102881
91.4810543990613 99.47814742335291 95.3385523102881
91.46188158961881 99.47814742335291 95.33312349176371
91.47467303721099 99.47940391748553 95.34216451123095
91.47467303721099 99.47940391748553 95.34216451123095
91.47467303721099 99.47940391748553 95.34216451123095
91.4682821079077 99.47940391748553 95.34035911081314
91.4810543990613 99.48065437548689 95.3493721443284
91.4810543990613 99.48065437548689 95.3493721443284
91.65906557210906 99.89547948784949 95.73373644485036
91.64653579911086 99.89522624582541 95.7254349243747
91.44022287721565 99.59239425015718 95.37409703419509
91.59555106167846 99.81529769665363 95.56090918613177
91.59555106167846 99.81529769665363 95.56090918613177
91.57664322341353 99.8145521981019 95.5471032004539
91.58295528191834 99.8145521981019 95.54883364317148
91.58295528191834 99.8145521981019 95.54883364317148
91.58295528191834 99.8145521981019 95.54883364317148
91.56399066274231 99.8145521981019 95.54363827549948
91.57032169080361 99.8145521981019 95.54537141175358
91.57032169080361 99.8145521981019 95.54537141175358
91.57032169080361 99.8145521981019 95.54537141175358
91.56399066274231 99.8145521981019 95.54363827549948
91.58295528191834 99.89569752281616 95.59625141515367
91.58295528191834 99.89569752281616 95.59625141515367
91.58295528191834 99.89569752281616 95.59625141515367
91.57032169080361 99.89544533751553 95.5876946991419
91.59555106167846 99.89561359632908 95.59795877736212
91.59555106167846 99.89561359632908 95.59795877736212
91.59555106167846 99.89561359632908 95.59795877736212
91.57664322341353 99.89519192977859 95.58426269485058
91.62749230021073 99.83141024237514 95.73585898447777
91.08855047941343 99.5734122665738 95.1699968615964
91.08855047941343 99.5734122665738 95.1699968615964
91.06858054226475 99.5734122665738 95.16438169649871
91.07524712527739 99.5734122665738 95.16625486829432
91.07524712527739 99.5734122665738 95.16625486829432
91.07524712527739 99.5734122665738 95.16625486829432
91.06858054226475 99.5734122665738 95.16438169649871
91.08855047941343 99.49572557082567 95.14444595144445
91.08855047941343 99.49572557082567 95.14444595144445
91.08855047941343 99.49572557082567 95.14444595144445
91.07524712527739 99.4147102815894 95.09827483516369
91.10181423227 99.49532143476002 95.14631958784389
91.10181423227 99.49532143476002 95.14631958784389
91.10181423227 99.49532143476002 95.14631958784389
91.1564900114903 99.57375551834373 95.20870383931374
91.16308113770043 99.57375551834373 95.21055768768235
91.16308113770043 99.57375551834373 95.21055768768235
91.16308113770043 99.57375551834373 95.21055768768235
91.07524712527739 99.4932909988474 95.12940462361202
90.9413210321697 99.53441824036202 95.07567437530724
90.74572864321608 99.30324933255193 94.86333893405413
90.74572864321608 99.30324933255193 94.86333893405413
90.738840947036 99.30324933255193 94.86135471477492
90.75947334617855 99.38602559667935 94.91569525395504
90.75947334617855 99.38602559667935 94.91569525395504
90.75260610199449 99.38454870516848 94.90785139473795
90.74572864321608 99.38454870516848 94.90588664685333
90.69902601306666 99.46515958598589 94.91569525395504
90.69902601306666 99.46515958598589 94.91569525395504
90.86707525369235 99.35869278749013 95.5402583502104
90.86027992277992 99.35817122760743 95.53679258162418
90.94142469607154 99.35817122760743 95.57736720554273
90.94142469607154 99.35817122760743 95.57736720554273
90.9211745277319 99.35764881868978 95.57048532256708
90.91440433722313 99.35764881868978 95.56876150407572
90.9211745277319 99.35764881868978 95.57048532256708
90.9211745277319 99.35764881868978 95.57048532256708
90.91440433722313 99.35764881868978 95.56876150407572
90.91440433722313 99.35764881868978 95.56876150407572
90.77404849847439 99.27918848454308 95.53316083344681
90.77404849847439 99.27918848454308 95.53316083344681
90.7603232680632 99.27743125713783 95.52448726829985
90.7603232680632 99.27743125713783 95.52448726829985
90.78089583375123 99.2786036924966 95.53316083344681
90.78089583375123 99.2786036924966 95.53316083344681
90.76719098414993 99.35817122760743 95.48565190923021
90.76719098414993 99.35817122760743 95.48565190923021
90.78089583375123 99.35817122760743 95.48915551453622
90.78089583375123 99.35817122760743 95.48915551453622
90.75344532743185 99.35764881868978 95.48038628458539
90.75344532743185 99.35764881868978 95.48038628458539
90.7603232680632 99.35764881868978 95.48214285714286
90.7603232680632 99.35764881868978 95.48214285714286
90.75344532743185 99.35764881868978 95.48038628458539
90.76719098414993 99.36077057793345 95.4944007374894
90.77404849847439 99.36077057793345 95.49614643545279
90.77404849847439 99.36077057793345 95.49614643545279
90.7603232680632 99.35921350040597 95.48740439193797
90.77404849847439 99.27801795079989 95.52969544477644
90.78089583375123 99.2786036924966 95.53316083344681
90.47600007996641 99.99782296338225 95.0393413579282
91.05987625707894 99.27625500461966 95.68349863794609
91.07318938281045 99.27625500461966 95.68685562947316
91.07318938281045 99.27625500461966 95.68685562947316
91.07318938281045 99.27625500461966 95.68685562947316
91.04652336259966 99.27566544109553 95.6784533411958
91.05320479206163 99.27566544109553 95.68013641674473
91.05320479206163 99.27566544109553 95.68013641674473
91.05320479206163 99.27566544109553 95.68013641674473
91.04652336259966 99.27566544109553 95.6784533411958
91.0665377799259 99.27918848454308 95.69355397223475
91.0665377799259 99.27918848454308 95.69355397223475
91.0665377799259 99.27918848454308 95.69355397223475
91.05320479206163 99.27743125713783 95.68517778665601
90.99873221580505 99.2786036924966 95.65472880093179
90.99873221580505 99.2786036924966 95.65472880093179
90.99873221580505 99.2786036924966 95.65472880093179
90.80961480438499 99.91037467756743 95.25984433433548
90.89758782060294 99.91037467756743 95.30224525043178
91.09335372972103 99.71746462832363 95.49716803020767
91.09335372972103 99.71746462832363 95.49716803020767
91.0667420357734 99.71723548365884 95.48841364090168
91.07340985656937 99.71723548365884 95.49016724094461
91.07340985656937 99.71723548365884 95.49016724094461
91.07340985656937 99.71723548365884 95.49016724094461
91.0667420357734 99.71723548365884 95.48841364090168
91.0867156813375 99.84750119820487 95.4451735794949
91.0867156813375 99.84750119820487 95.4451735794949
91.0867156813375 99.84750119820487 95.4451735794949
91.07340985656937 99.92799162084314 95.39932284405496
91.0867156813375 99.92810770772516 95.40644918207794
91.0867156813375 99.92810770772516 95.40644918207794
91.26319400996992 99.08387890504855 95.88816308498217
91.25012632642748 99.08089045624862 95.87853866835363
91.2697132255072 99.08089045624862 95.8833565019588
91.2697132255072 99.08089045624862 95.8833565019588
91.2697132255072 99.08089045624862 95.8833565019588
91.24357781463651 99.08014029514923 95.87532050943854
91.25012632642748 99.08014029514923 95.87693021685934
91.06973554152462 99.29783627919262 95.67912929981895
91.25012632642748 99.08014029514923 95.87693021685934
91.24357781463651 98.99770399152243 95.91276627187705
91.26319400996992 99.08462298320711 95.88976278600269
91.26319400996992 99.08462298320711 95.88976278600269
91.26319400996992 99.08462298320711 95.88976278600269
91.25012632642748 99.0823871138104 95.88175180943752
91.26319400996992 99.08387890504855 95.88816308498217
91.26319400996992 99.08387890504855 95.88816308498217
91.26319400996992 99.08387890504855 95.88816308498217
91.25012632642748 99.08089045624862 95.87853866835363
91.2697132255072 99.08089045624862 95.8833565019588
91.2697132255072 99.08089045624862 95.8833565019588
91.2697132255072 99.08089045624862 95.8833565019588
91.24357781463651 98.99770399152243 95.91276627187705
91.25012632642748 98.99770399152243 95.91436198837197
91.25012632642748 98.99770399152243 95.91436198837197
91.25012632642748 98.99770399152243 95.91436198837197
91.24357781463651 98.99770399152243 95.91276627187705
91.25666505089676 98.9177870839762 95.95813747602286
91.01952015471082 99.28627898805341 95.66071634953823
91.75331004792461 98.75264924055104 96.30526761159297
91.74089892210698 98.74958503928295 96.29802342218218
91.75950163348958 98.75468371170378 96.30960053248249
91.75950163348958 98.75468371170378 96.30960053248249
91.75950163348958 98.75468371170378 96.30960053248249
91.74710915113702 98.83338120594799 96.26320580949759
91.76568392878868 98.83338120594799 96.26759148630217
91.76568392878868 98.83338120594799 96.26759148630217
91.76568392878868 98.83338120594799 96.26759148630217
91.74089892210698 98.83242669497147 96.26027629460123
91.74710915113702 98.83242669497147 96.26174162598355
91.74710915113702 98.83242669497147 96.26174162598355
91.74710915113702 98.83242669497147 96.26174162598355
91.74089892210698 98.83242669497147 96.26027629460123
91.75331004792461 98.83528555357024 96.26759148630217
91.75331004792461 98.83528555357024 96.26759148630217
91.75331004792461 98.83528555357024 96.26759148630217
91.74089892210698 98.91513290174329 96.22255874784229
91.75950163348958 98.91954933544582 96.23436262866191
92.03777578767402 98.34915576799663 96.64655803055523
91.42741609381318 99.08166179669135 95.9790265011529
91.4145709310331 99.16090384530679 95.93214617267279
91.43382427217811 99.16090384530679 95.93690399671243
91.43382427217811 99.16090384530679 95.93690399671243
91.43382427217811 99.16090384530679 95.93690399671243
91.40813390342257 99.24239087345285 95.89150968286634
91.23721757406734 99.62328245105938 95.27697709763639
91.23721757406734 99.62328245105938 95.27697709763639
91.23721757406734 99.62328245105938 95.27697709763639
91.23066032965922 99.62328245105938 95.27514470262561
91.24376501948747 99.70432854316586 95.3212027304326
91.24376501948747 99.70432854316586 95.3212027304326
91.24376501948747 99.70432854316586 95.3212027304326
91.23066032965922 99.62328245105938 95.27514470262561
91.25030268786827 99.62479396200226 95.28976417461114
92.21420123169787 99.52095546417009 96.20490955526944
92.21420123169787 99.52095546417009 96.20490955526944
92.20243444163059 99.51939957865169 96.19599712266745
92.22007131940907 99.51939957865169 96.20045856534556
92.22007131940907 99.51939957865169 96.20045856534556
92.38932624476026 99.51900902681689 96.29378626794866
92.3777927955602 99.43728843363961 96.32865094089584
92.38356388638782 99.43728843363961 96.3300905025328
92.38356388638782 99.43728843363961 96.3300905025328
92.3777927955602 99.43728843363961 96.32865094089584
92.3777927955602 99.43728843363961 96.32865094089584
92.38932624476026 99.43865804188138 96.33583747751561
92.38932624476026 99.43865804188138 96.33583747751561
92.73863613001377 99.01553946671375 96.71829261802118
92.73863613001377 99.01553946671375 96.71829261802118
92.67927469642271 99.1008815317989 96.65007799153234
92.67927469642271 99.1008815317989 96.65007799153234
92.66814577427175 99.09794667078361 96.6421680724109
92.66814577427175 99.09794667078361 96.6421680724109
92.76066326426039 99.01634282437529 96.72474237756295
92.76066326426039 99.01634282437529 96.72474237756295
92.73863613001377 99.01553946671375 96.71829261802118
92.73863613001377 99.01553946671375 96.71829261802118
92.74415547064382 99.01553946671375 96.71958460130664
92.74415547064382 99.0578734858681 96.70003510600951
93.01741011641084 98.82123979919058 96.95686492021504
93.022729144363 98.74147181559249 96.99988280792219
93.02804007488325 98.74147181559249 97.0010649627263
93.02804007488325 98.74147181559249 97.0010649627263
92.94117647058823 98.82123979919058 96.91739909548596
92.94117647058823 98.82123979919058 96.91739909548596
92.9519224834907 98.825085418274 96.92468129482623
92.9519224834907 98.825085418274 96.92468129482623
92.94117647058823 98.90396429044947 96.8791649340541
92.95728322986474 98.90485968514716 96.88408188466738
92.96263582770166 98.90485968514716 96.88530870240704
92.96263582770166 98.90485968514716 96.88530870240704
92.94117647058823 98.82123979919058 96.91739909548596
92.946553569958 98.82123979919058 96.91861518941454
92.946553569958 98.82123979919058 96.91861518941454
92.946553569958 98.82123979919058 96.91861518941454
92.946553569958 98.82123979919058 96.91861518941454
92.95728322986474 98.82412636780798 96.92468129482623
92.73234353211386 98.82412636780798 96.80312885261235
92.41773962804005 98.65420312914345 96.71062411076427
91.80998514236867 99.08904426847829 96.1807981369747
91.62306849981749 99.32882961923144 95.97285735359198
91.62306849981749 99.32882961923144 95.97285735359198
91.62306849981749 99.32882961923144 95.97285735359198
91.17902694398965 99.52342257263962 95.63817022082816
90.78089583375123 99.88655947991884 95.14588471345567
90.78089583375123 99.88655947991884 95.14588471345567
90.78089583375123 99.88655947991884 95.14588471345567
90.75344532743185 99.88646783983232 95.13648214267018
90.7603232680632 99.88646783983232 95.13836556978984
90.7603232680632 99.88646783983232 95.13836556978984
90.7603232680632 99.88646783983232 95.13836556978984
90.7603232680632 99.88646783983232 95.13836556978984
90.77404849847439 99.88674231699083 95.14776086661304
91.42741609381318 99.33270408499243 95.86074070955723
91.42741609381318 99.33270408499243 95.86074070955723
91.40813390342257 99.41296748235604 95.81364940104606
91.42099832061994 99.41487146895751 95.82342668377974
91.42099832061994 99.41487146895751 95.82342668377974
91.38771464978458 99.60628198958834 95.7176935444887
91.37480503170134 99.60500329163924 95.70767982978185
91.40058568110673 99.60532374416208 95.71602783793445
91.40058568110673 99.60532374416208 95.71602783793445
91.40058568110673 99.60532374416208 95.71602783793445
91.37480503170134 99.60500329163924 95.70767982978185
91.3812646749251 99.60500329163924 95.70935203318804
91.71356018283392 99.20909431385077 96.07148896592543
91.71356018283392 99.20909431385077 96.07148896592543
91.71356018283392 99.20909431385077 96.07148896592543
91.72599849895535 99.21102369126632 96.07915528317213
91.72599849895535 99.21102369126632 96.07915528317213
91.72599849895535 99.21102369126632 96.07915528317213
91.70732699032284 99.20909431385077 96.0699521035325
91.71978401201739 99.21166472693736 96.07915528317213
91.71978401201739 99.21166472693736 96.07915528317213
91.71978401201739 99.21166472693736 96.07915528317213
91.37480503170134 99.60500329163924 95.70767982978185
91.40058568110673 99.68670581018316 95.6788112527454
91.40058568110673 99.68670581018316 95.6788112527454
91.40058568110673 99.68670581018316 95.6788112527454
91.30822014857397 98.86373684675922 96.0090448969241
91.10281505398042 99.12019580604617 95.77792763365856
91.10281505398042 99.12019580604617 95.77792763365856
91.10281505398042 99.12019580604617 95.77792763365856
91.10281505398042 99.12019580604617 95.77792763365856
91.11608132341978 99.12234393559456 95.78614169584924
91.11608132341978 99.12234393559456 95.78614169584924
91.11608132341978 99.12234393559456 95.78614169584924
91.10281505398042 99.12019580604617 95.77792763365856
91.11608132341978 99.2050245959241 95.75053853832817
91.11608132341978 99.2050245959241 95.75053853832817
91.11608132341978 99.2050245959241 95.75053853832817
91.09616705036552 99.20243236097647 95.73894168967189
91.12269963355213 99.20308200330214 95.74723159920498
91.12269963355213 99.20308200330214 95.74723159920498
90.94690727864636 99.83812044713758 95.36213668499607
90.91990164066594 99.83798931605219 95.3531325427642
90.92666814364263 99.83798931605219 95.35493616708803
90.92666814364263 99.83798931605219 95.35493616708803
90.92666814364263 99.83798931605219 95.35493616708803
90.92666814364263 99.83798931605219 95.35493616708803
90.94017094017094 99.67624089427515 95.43787589848907
90.94017094017094 99.67624089427515 95.43787589848907
90.94017094017094 99.67624089427515 95.43787589848907
90.92666814364263 99.67545283101619 95.4290153590963
91.16567880327406 99.40605343327415 95.68618803095696
91.58852004131813 98.89862989559012 96.14861086197254
90.93285607995335 99.68527341871749 95.43164751840642
90.91257205046556 99.68425207209577 95.41922204486264
90.93959731543623 99.68450802970882 95.42810426689306
90.93959731543623 99.68450802970882 95.42810426689306
90.93959731543623 99.68450802970882 95.42810426689306
90.91257205046556 99.76557193874197 95.38216059037802
90.9193434699426 99.76557193874197 95.38395349325275
90.9193434699426 99.76557193874197 95.38395349325275
90.9193434699426 99.76557193874197 95.38395349325275
90.9193434699426 99.76557193874197 95.38395349325275
90.93285607995335 99.8471315323972 95.35594639865997
90.75765178123432 99.73468455733641 95.0693052772211
90.93651336296176 99.94769532526969 95.26419277914906
90.74390464513276 99.7340425531915 95.05976595588928
90.75765178123432 99.7348978704911 95.0712087224164
90.75765178123432 99.7348978704911 95.0712087224164
90.75765178123432 99.7348978704911 95.0712087224164
90.09906922861822 98.936032178539 94.34522573410308
90.03322259136213 98.90268927529971 94.28864356579193
90.03322259136213 98.90268927529971 94.28864356579193
90.35497524357132 99.28658166363084 94.63951602843956
90.326391670004 99.2860088109551 94.62918797321363
90.33355343457991 99.2860088109551 94.63125676688598
90.33355343457991 99.2860088109551 94.63125676688598
90.33355343457991 99.2860088109551 94.63125676688598
90.50740763015979 99.87963672174199 95.10651209508664
90.52146932239015 99.87992839366022 95.11596578983094
90.52146932239015 99.87992839366022 95.11596578983094
90.50740763015979 99.87963672174199 95.10651209508664
90.6819323089284 99.45717864756169 95.39396356309294
90.69576204897811 99.37738413644934 95.44164318707907
90.69576204897811 99.37738413644934 95.44164318707907
91.04652336259966 99.07791405629577 95.76820514982556
90.51488883538005 99.37535740993269 95.34112610438396
90.54297375160051 99.37586532756082 95.35015237676333
90.54297375160051 99.37586532756082 95.35015237676333
90.51488883538005 99.37535740993269 95.34112610438396
90.51488883538005 99.37535740993269 95.34112610438396
90.52192569125579 99.37535740993269 95.34293416125615
90.52192569125579 99.37535740993269 95.34293416125615
90.52192569125579 99.37535740993269 95.34293416125615
90.52192569125579 99.37535740993269 95.34293416125615
90.36228843194853 99.24045702414958 94.62781154225755
90.46352051533398 99.12891232924088 94.63174408577572
90.87359098228663 99.62979094076655 95.0826359832636
90.87359098228663 99.62979094076655 95.0826359832636
90.88716485106725 99.63098029000608 95.09402851119785
90.88716485106725 99.63098029000608 95.09402851119785
90.86678887255 99.62979094076655 95.08073208250055
90.87359098228663 99.63008899623561 95.08453841086609
90.89393665521881 99.63008899623561 95.09023687178845
90.89393665521881 99.63008899623561 95.09023687178845
90.51829573934837 99.39817932952397 94.78321619987071
90.71980724826825 99.62979094076655 94.99712718725516
90.71980724826825 99.62979094076655 94.99712718725516
90.71980724826825 99.62979094076655 94.99712718725516
90.71290789262176 99.62979094076655 94.99519270963967
90.72669636049918 99.71083184763229 95.04152927918528
90.72669636049918 99.71083184763229 95.04152927918528
90.90178104772242 99.44968208726156 95.51994630647259
90.71290789262176 99.87087172528507 95.2230800657874
90.72669636049918 99.79040216584428 95.27100497678893
90.72669636049918 99.79040216584428 95.27100497678893
90.72669636049918 99.79040216584428 95.27100497678893
90.71290789262176 99.36701905536385 95.45382976266703
90.740443945829 99.36753338018272 95.46264090851948
89.6413869537682 99.8842061567368 94.62299712354229
89.22992060834105 99.60872967568038 94.16731256135999
89.19842728152845 99.60809928151535 94.15390033456595
89.84815013831671 99.35764881868978 94.97831879212161
89.84815013831671 99.35764881868978 94.97831879212161
89.84815013831671 99.35764881868978 94.97831879212161
88.85146447635368 99.53441824036202 93.93071650832705
89.14209115281501 99.74336109963244 94.18552948597309
89.14209115281501 99.74336109963244 94.18552948597309
90.07609258595275 99.33270408499243 95.11795235956933
90.25228899284315 99.09572121746803 95.31993875967366
90.2666879591185 99.01652328881653 95.36772478466095
90.2666879591185 99.01652328881653 95.36772478466095
89.32522123893806 99.82383261923921 94.3252279949898
89.30959446092977 99.90399511247846 94.35054626949295
89.3408023985167 99.90407255603034 94.361369426092
89.3408023985167 99.90407255603034 94.361369426092
89.3408023985167 99.90407255603034 94.361369426092
89.30959446092977 99.90391754378302 94.34837665033629
89.30959446092977 99.90391754378302 94.34837665033629
89.30959446092977 99.90391754378302 94.34837665033629
89.1403072305809 99.07315171726796 93.88064942576221
89.13236776067498 99.07315171726796 93.87831010362962
89.15615141955836 99.07537427898637 93.89231926934615
89.15615141955836 99.07537427898637 93.89231926934615
89.15615141955836 99.07537427898637 93.89231926934615
89.14823510841899 99.07537427898637 93.88998886276451
89.16405618929409 99.07832116631134 93.90394468794369
89.16405618929409 99.07832116631134 93.90394468794369
89.16405618929409 99.07832116631134 93.90394468794369
89.1403072305809 98.91550908423167 93.81131686181462
89.17194944284758 98.91637525363727 93.8231054365733
89.17194944284758 98.91637525363727 93.8231054365733
89.00373354293575 98.10318989509742 93.36168032786885
88.97166055732923 98.02241124418829 93.31109172098752
88.97166055732923 98.02241124418829 93.31109172098752
88.97166055732923 98.02241124418829 93.31109172098752
88.97166055732923 98.02241124418829 93.31109172098752
88.96361305591165 98.02241124418829 93.3085501858736
88.98772040302268 97.94963798295636 93.28840501039565
88.98772040302268 97.94963798295636 93.28840501039565
88.98772040302268 97.94963798295636 93.28840501039565
88.97969633116051 97.94963798295636 93.28586065573771
88.9957327984583 97.95609870340012 93.30109791253501
88.9957327984583 97.95609870340012 93.30109791253501
88.97166055732923 97.86892954856361 93.242827553678
88.8088915117537 97.71437107857783 93.08343484180033
88.84137849871526 97.71617443224224 93.09650789758679
88.84137849871526 97.71617443224224 93.09650789758679
88.84137849871526 97.71617443224224 93.09650789758679
88.8088915117537 97.78984268125855 93.11609420297277
88.8088915117537 97.78984268125855 93.11609420297277
88.8088915117537 97.78984268125855 93.11609420297277
88.8088915117537 97.78984268125855 93.11609420297277
88.80074018662152 97.78984268125855 93.11348404418848
88.82515861635467 97.79507410171661 93.12911537360435
88.82515861635467 97.79507410171661 93.12911537360435
88.82515861635467 97.79507410171661 93.12911537360435
88.81703097971379 97.79507410171661 93.12651508177606
88.83327444745417 97.72514868309261 93.10693081427377
88.83327444745417 97.72514868309261 93.10693081427377
88.83327444745417 97.72514868309261 93.10693081427377
88.8088915117537 97.79158924414259 93.1187023838781
88.84137849871526 97.7933330487857 93.13171369875614
88.84137849871526 97.7933330487857 93.13171369875614
88.84137849871526 97.7933330487857 93.13171369875614
88.8816760106226 97.78984268125855 93.15399666048617
88.8816760106226 97.78984268125855 93.15399666048617
88.8816760106226 97.78984268125855 93.15399666048617
88.8816760106226 97.78984268125855 93.15399666048617
88.80074018662152 97.78984268125855 93.11348404418848
88.81703097971379 97.87229501899355 93.1617722296122
88.81703097971379 97.87229501899355 93.1617722296122
88.81703097971379 97.87229501899355 93.1617722296122
88.8088915117537 97.87229501899355 93.15918233650314
88.83327444745417 97.8789941709569 93.17727049983665
88.83327444745417 97.8789941709569 93.17727049983665
88.83327444745417 97.8789941709569 93.17727049983665
88.8088915117537 97.79158924414259 93.1187023838781
88.84137849871526 97.7933330487857 93.13171369875614
88.84137849871526 97.7933330487857 93.13171369875614
88.84137849871526 97.7933330487857 93.13171369875614
88.81703097971379 97.78984268125855 93.1187023838781
88.81703097971379 97.78984268125855 93.1187023838781
88.81703097971379 97.78984268125855 93.1187023838781
88.81703097971379 97.78984268125855 93.1187023838781
89.30353183401965 98.39132865929717 93.66250901968868
88.97093572778829 97.79507410171661 93.21041370202397
88.97093572778829 97.79507410171661 93.21041370202397
88.96289435828719 97.79507410171661 93.2078408881424
88.96289435828719 97.79507410171661 93.2078408881424
88.9869833654489 97.80201092617392 93.22580974658072
88.9869833654489 97.80201092617392 93.22580974658072
88.97093572778829 97.79158924414259 93.2052661236617
88.96289435828719 97.79158924414259 93.20268940636274
88.99498968464485 97.71617443224224 93.18028428264648
88.99498968464485 97.71617443224224 93.18028428264648
88.97093572778829 97.78984268125855 93.20268940636274
88.97093572778829 97.78984268125855 93.20268940636274
88.97093572778829 97.78984268125855 93.20268940636274
88.97093572778829 97.78984268125855 93.20268940636274
88.9548412541905 97.78984268125855 93.19753010441669
88.9548412541905 97.78984268125855 93.19753010441669
88.97093572778829 97.79507410171661 93.21041370202397
88.97093572778829 97.79507410171661 93.21041370202397
88.96289435828719 97.79507410171661 93.2078408881424
88.64845759616706 97.6430761369443 92.96695438990756
88.6731454994318 97.72722445251598 93.02057747383226
88.6731454994318 97.72722445251598 93.02057747383226
88.64845759616706 97.63935684735787 92.96163400496826
88.64845759616706 97.63935684735787 92.96163400496826
88.68135095447872 97.64121795827919 92.97491990286308
88.68135095447872 97.64121795827919 92.97491990286308
88.72929911309944 97.56045549537255 92.96429520325368
88.72929911309944 97.56045549537255 92.96429520325368
88.72929911309944 97.56045549537255 92.96429520325368
88.72929911309944 97.56045549537255 92.96429520325368
88.64020436235016 97.56045549537255 92.92113229158144
88.65669884624441 97.6430761369443 92.9696115672099
88.65669884624441 97.6430761369443 92.9696115672099
88.65669884624441 97.6430761369443 92.9696115672099
88.64845759616706 97.6430761369443 92.96695438990756
88.66492813866394 97.72543684367162 93.0153096090491
88.6731454994318 97.72722445251598 93.02057747383226
88.6731454994318 97.72722445251598 93.02057747383226
88.64845759616706 97.71645645261114 92.99680929395402
88.71435286743967 97.8831571077646 93.1031664129313
88.71435286743967 97.8831571077646 93.1031664129313
88.71435286743967 97.8831571077646 93.1031664129313
88.69797183319604 97.87980573800303 93.0927212631622
88.69797183319604 97.87980573800303 93.0927212631622
88.69797183319604 97.87980573800303 93.0927212631622
88.69797183319604 97.87980573800303 93.0927212631622
88.673310923709 97.87980573800303 93.08486661476047
88.68976347040926 97.88482882267566 93.0979477898095
88.68976347040926 97.88482882267566 93.0979477898095
88.68976347040926 97.88482882267566 93.0979477898095
88.6815431759252 97.88482882267566 93.09533551554829
88.70616829024482 97.96861358942147 93.14874160560103
88.70616829024482 97.96861358942147 93.14874160560103
88.70616829024482 97.96861358942147 93.14874160560103
88.6815431759252 97.80412261027448 93.0548591426788
88.70616829024482 97.80585674037394 93.06536154734293
88.70616829024482 97.80585674037394 93.06536154734293
88.70616829024482 97.80585674037394 93.06536154734293
88.68976347040926 97.80238573688486 93.0548591426788
88.81643555799977 97.73343872166798 93.0908160654899
88.99297423887587 97.94476557482338 93.28363565517877
88.99297423887587 97.94476557482338 93.28363565517877
88.96887696737801 97.94476557482338 93.27598242516324
88.98495352134866 97.87229501899355 93.25337484892557
88.98495352134866 97.87229501899355 93.25337484892557
88.98495352134866 97.87229501899355 93.25337484892557
88.97692110605254 97.87229501899355 93.2508171357726
89.00098328416912 97.8789941709569 93.26868051013734
88.83327444745417 97.28295344018268 92.90411237785017
88.83327444745417 97.28295344018268 92.90411237785017
88.81703097971379 97.27656147341204 92.89072459334047
88.84137849871526 97.35497954771846 92.9364545769411
88.84137849871526 97.35497954771846 92.9364545769411
88.84137849871526 97.35497954771846 92.9364545769411
88.81703097971379 97.34456785395123 92.91509144783898
88.82515861635467 97.34456785395123 92.91776890314279
88.82515861635467 97.34456785395123 92.91776890314279
88.82515861635467 97.34456785395123 92.91776890314279
88.80074018662152 97.42126445348268 92.94489509917246
88.89391673880537 97.96637686112832 93.24668940301719
88.5073457394711 97.5039863931115 92.82459091604221
88.5073457394711 97.5039863931115 92.82459091604221
88.49901005626018 97.5039863931115 92.82188315926892
88.51566934836652 97.58644844934089 92.87038168560838
88.51566934836652 97.58644844934089 92.87038168560838
88.51566934836652 97.58644844934089 92.87038168560838
88.49901005626018 97.58074811694115 92.85692422279132
88.53228044799751 97.50790719395445 92.83809911468404
88.53228044799751 97.50790719395445 92.83809911468404
88.53228044799751 97.50790719395445 92.83809911468404
88.5073457394711 97.49808200494417 92.81646151019658
88.51566934836652 97.49808200494417 92.81917335809246
88.51566934836652 97.49808200494417 92.81917335809246
88.51566934836652 97.49808200494417 92.81917335809246
88.49066227244194 97.49808200494417 92.81103166496425
88.49901005626018 97.49808200494417 92.81374761326158
88.49901005626018 97.49808200494417 92.81374761326158
88.49901005626018 97.49808200494417 92.81374761326158
88.49066227244194 97.49808200494417 92.81103166496425
88.71015203531142 98.06732369128376 93.19591632346479
88.21349147516679 97.50986297883172 92.67031135680025
88.21349147516679 97.50986297883172 92.67031135680025
88.19645229350628 97.5039863931115 92.65650611363937
88.23048153342683 97.50790719395445 92.67306617908477
88.23048153342683 97.50790719395445 92.67306617908477
88.23048153342683 97.50790719395445 92.67306617908477
88.20497803806735 97.49808200494417 92.65096944441615
88.21349147516679 97.49808200494417 92.65373882223535
88.21349147516679 97.49808200494417 92.65373882223535
88.21349147516679 97.49808200494417 92.65373882223535
88.18791421477586 97.49808200494417 92.64542442008667
88.19645229350628 97.49808200494417 92.64819797782127
88.19645229350628 97.49808200494417 92.64819797782127
88.19645229350628 97.49808200494417 92.64819797782127
88.18791421477586 97.49808200494417 92.64542442008667
88.21349147516679 97.58644844934089 92.70516717325228
88.21349147516679 97.58644844934089 92.70516717325228
88.21349147516679 97.58644844934089 92.70516717325228
88.19645229350628 97.58074811694115 92.69142240237915
88.02985248673548 97.17374288675933 92.41116648434019
88.37163928668981 97.58455132562882 92.78522466082217
88.37163928668981 97.58455132562882 92.78522466082217
88.41874743366638 97.73105656350053 92.87398079454655
88.42711996873778 97.73105656350053 92.87667040701825
88.42711996873778 97.73105656350053 92.87667040701825
88.42711996873778 97.73105656350053 92.87667040701825
88.32951496994262 97.65208110992529 92.79302280456295
88.33796423120572 97.65208110992529 92.79574502838008
88.33796423120572 97.65208110992529 92.79574502838008
88.33796423120572 97.65208110992529 92.79574502838008
88.32951496994262 97.65208110992529 92.79302280456295
88.35482610394685 97.6631543167913 92.81744900867159
88.35482610394685 97.6631543167913 92.81744900867159
88.34640126703557 97.58074811694115 92.77162449944467
88.33796423120572 97.58074811694115 92.76889831199543
88.37163928668981 97.58455132562882 92.78522466082217
88.37163928668981 97.58455132562882 92.78522466082217
88.36323876837768 97.5788420178446 92.77434863207642
87.98872363176825 96.97553743513714 92.29295489102888
88.12235917207002 97.13600780703057 92.43913334822426
88.48936336618176 97.57693291279516 92.84068197577191
88.4643270040954 97.57502079467656 92.82986111111111
88.45595732998667 97.57502079467656 92.82715078205612
88.4643270040954 97.57502079467656 92.82986111111111
88.4643270040954 97.57502079467656 92.82986111111111
88.45595732998667 97.57502079467656 92.82715078205612
88.45595732998667 97.57502079467656 92.82715078205612
88.48102999589096 97.81692837993106 92.9565261709393
88.48102999589096 97.81692837993106 92.9565261709393
88.4643270040954 97.88900747065101 92.97835170560771
88.4643270040954 97.88900747065101 92.97835170560771
88.48936336618176 97.89233654419914 92.991597666925
88.48936336618176 97.89233654419914 92.991597666925
88.4726845506168 97.80830111293871 92.94055147471983
88.4726845506168 97.80830111293871 92.94055147471983
88.48936336618176 97.73105656350053 92.91079045655857
88.48936336618176 97.73105656350053 92.91079045655857
88.45595732998667 97.72926323884391 92.89738163154719
88.45595732998667 97.72926323884391 92.89738163154719
88.27923347673054 98.21601081986218 93.01890074804801
87.78998541565386 97.80029500416853 92.56140279418354
87.4493534691662 97.57710190675255 92.27472605591608
87.45834947694692 97.58282443560228 92.28631980287373
87.47630285913259 97.58851999660355 92.30076314244651
87.47630285913259 97.58851999660355 92.30076314244651
87.45834947694692 97.58282443560228 92.28631980287373
87.47630285913259 97.58472594293491 92.29499230208249
87.48526028880168 97.50997707395771 92.26621070630014
87.48526028880168 97.50997707395771 92.26621070630014
87.46733259771183 97.50212947189098 92.24880091667765
87.48526028880168 97.50212947189098 92.25461288263368
87.48526028880168 97.50212947189098 92.25461288263368
87.48526028880168 97.50212947189098 92.25461288263368
87.4493534691662 97.50015983632761 92.24006659492822
87.45834947694692 97.50015983632761 92.2429802218321
87.45834947694692 97.50015983632761 92.2429802218321
87.45834947694692 97.50015983632761 92.2429802218321
87.4493534691662 97.50015983632761 92.24006659492822
87.47630285913259 97.58851999660355 92.30076314244651
87.31921138509664 97.39624160505073 92.12732856507859
87.01843513066235 97.62789611161843 92.0650143859472
86.8209004019308 97.40044600191143 91.851358443341
86.77796967952408 97.40452511715685 91.82927197816035
86.77796967952408 97.40452511715685 91.82927197816035
86.77796967952408 97.40452511715685 91.82927197816035
86.75916673072489 97.39635404479803 91.81095843387482
86.84897332565727 97.39635404479803 91.85440017756076
86.84897332565727 97.39635404479803 91.85440017756076
86.84897332565727 97.39635404479803 91.85440017756076
86.81151610792503 97.39430323157492 91.83916875555916
86.8209004019308 97.39430323157492 91.84221959524315
86.8209004019308 97.39430323157492 91.84221959524315
86.8209004019308 97.39430323157492 91.84221959524315
86.81151610792503 97.39430323157492 91.83916875555916
86.83962898239011 97.33025638854191 91.83231627494814
86.83962898239011 97.33025638854191 91.83231627494814
86.83962898239011 97.33025638854191 91.83231627494814
86.8209004019308 97.32396757353253 91.81707206343762
86.83962898239011 97.32816340367827 91.82927197816035
87.17276477618846 97.70078271226816 92.1812114470624
86.99332448394605 97.47893809816863 91.9821601549887
86.97478182133432 97.31769006780165 91.89538784914507
87.00257603137376 97.31769006780165 91.9044686929048
87.00257603137376 97.31769006780165 91.9044686929048
87.00257603137376 97.31769006780165 91.9044686929048
86.96549064970118 97.3155790011061 91.88932262696952
86.97478182133432 97.3155790011061 91.89235637238549
86.97478182133432 97.3155790011061 91.89235637238549
86.97478182133432 97.3155790011061 91.89235637238549
86.96549064970118 97.3155790011061 91.88932262696952
86.99332448394605 97.32819579116739 91.9165448772867
86.99332448394605 97.32819579116739 91.9165448772867
86.99332448394605 97.32819579116739 91.9165448772867
86.97478182133432 97.32190225579865 91.90144400686661
86.99332448394605 97.326101235248 91.91352921010709
86.99332448394605 97.326101235248 91.91352921010709
86.99332448394605 97.326101235248 91.91352921010709
86.97478182133432 97.31769006780165 91.89538784914507
87.00257603137376 97.31769006780165 91.9044686929048
86.94741695644656 97.15455780003394 91.80068361245827
86.94741695644656 97.15455780003394 91.80068361245827
86.91019786910198 97.15232209976429 91.78536072893306
86.91952252599154 97.15232209976429 91.78842988559138
86.91952252599154 97.15232209976429 91.78842988559138
86.91952252599154 97.15232209976429 91.78842988559138
86.91019786910198 97.15232209976429 91.78536072893306
86.92883390730515 97.23523799427541 91.83494381795808
86.92883390730515 97.23523799427541 91.83494381795808
86.92883390730515 97.23523799427541 91.83494381795808
86.91019786910198 97.22871594338419 91.81967925462575
86.93813204137348 97.23956900019051 91.84407524205818
86.93813204137348 97.23956900019051 91.84407524205818
86.93813204137348 97.23956900019051 91.84407524205818
86.91952252599154 97.15455780003394 91.79149674970726
86.94741695644656 97.15455780003394 91.80068361245827
86.94741695644656 97.15455780003394 91.80068361245827
86.94741695644656 97.15455780003394 91.80068361245827
86.91019786910198 97.07604820913257 91.75106784744172
86.91952252599154 97.07604820913257 91.75414866556305
86.90111836153298 96.8008124920655 91.62004979186196
87.39063104916764 97.07604820913257 92.0142122525003
87.3815934757763 97.07604820913257 92.0112201395429
87.3996556860166 97.08291877474122 92.02615832457346
87.3996556860166 97.08291877474122 92.02615832457346
87.3996556860166 97.08291877474122 92.02615832457346
87.3815934757763 97.15232209976429 92.04570780233807
87.40866741407972 97.16346560622726 92.06948793051207
87.40866741407972 97.16346560622726 92.06948793051207
87.40866741407972 97.16346560622726 92.06948793051207
87.39063104916764 97.15455780003394 92.0516661942746
87.41766626103417 97.15455780003394 92.0605870635699
87.41766626103417 97.15455780003394 92.0605870635699
87.41766626103417 97.15455780003394 92.0605870635699
87.3815934757763 97.15232209976429 92.04570780233807
87.39063104916764 97.15232209976429 92.04868811455074
87.39063104916764 97.15232209976429 92.04868811455074
87.39063104916764 97.15232209976429 92.04868811455074
87.3815934757763 97.15232209976429 92.04570780233807
87.3996556860166 97.23523799427541 92.0950415731019
87.36754582721015 97.01514638686749 91.977815492787
87.5486833691798 97.23523799427541 92.17709113734384
87.53080430775202 97.22871594338419 92.16241162807209
87.55760368663594 97.23956900019051 92.18587247813116
87.55760368663594 97.23956900019051 92.18587247813116
87.55760368663594 97.23956900019051 92.18587247813116
87.53975025207477 97.30734900327283 92.2028673980492
87.56651123193313 97.30734900327283 92.21163292382795
87.56651123193313 97.30734900327283 92.21163292382795
87.5486833691798 97.30523002318311 92.2028673980492
87.53080430775202 97.30523002318311 92.19701274454096
87.53975025207477 97.30523002318311 92.19994116990739
87.53975025207477 97.30523002318311 92.19994116990739
87.53080430775202 97.30523002318311 92.19701274454096
87.53080430775202 97.30523002318311 92.19701274454096
87.5486833691798 97.3115769818367 92.21163292382795
87.5486833691798 97.3115769818367 92.21163292382795
87.53080430775202 97.30523002318311 92.19701274454096
87.53080430775202 97.30523002318311 92.19701274454096
87.4859621267862 97.23740519469514 92.14551634833279
87.4859621267862 97.23740519469514 92.14551634833279
87.46800589467153 97.22871594338419 92.12783647314096
87.46800589467153 97.22871594338419 92.12783647314096
87.56651123193313 97.30734900327283 92.21163292382795
87.56651123193313 97.30734900327283 92.21163292382795
87.53080430775202 97.30523002318311 92.19701274454096
87.53080430775202 97.30523002318311 92.19701274454096
87.53975025207477 97.30523002318311 92.19994116990739
87.53975025207477 97.30523002318311 92.19994116990739
87.6026001746386 97.30523002318311 92.23455637632925
87.6026001746386 97.30523002318311 92.23455637632925
87.620376290957 97.23523799427541 92.21455038775386
87.620376290957 97.23523799427541 92.21455038775386
87.53080430775202 97.22871594338419 92.16241162807209
87.53080430775202 97.22871594338419 92.16241162807209
87.5486833691798 97.23740519469514 92.18002044306807
87.5486833691798 97.23740519469514 92.18002044306807
87.53080430775202 97.22871594338419 92.16241162807209
87.5486833691798 97.23089337665371 92.1712259371834
87.56651123193313 97.23089337665371 92.17709113734384
87.58515250038705 97.42329460828121 92.27424749163879
87.39175077978186 97.22871594338419 92.08582055517832
87.4007821272312 97.22871594338419 92.08878712971594
87.4007821272312 97.22871594338419 92.08878712971594
87.4007821272312 97.22871594338419 92.08878712971594
87.4007821272312 97.22871594338419 92.08878712971594
87.41880606248067 97.23523799427541 92.10358670482238
87.41880606248067 97.23523799427541 92.10358670482238
87.41880606248067 97.23523799427541 92.10358670482238
87.39175077978186 97.22871594338419 92.08582055517832
87.40980054554952 97.16124388746586 92.06913979581522
87.40980054554952 97.16124388746586 92.06913979581522
87.40980054554952 97.16124388746586 92.06913979581522
87.39175077978186 97.15232209976429 92.05130283259716
87.42779870568917 97.15455780003394 92.06617252990605
87.42779870568917 97.15455780003394 92.06617252990605
87.42779870568917 97.15455780003394 92.06617252990605
87.39175077978186 97.15232209976429 92.05130283259716
87.4007821272312 97.15232209976429 92.05428122942934
87.4007821272312 97.15232209976429 92.05428122942934
87.66894516078919 97.70839117527711 92.45313723695318
87.4888570210457 97.48769417630889 92.25421440967817
87.50677297004412 97.4936224489796 92.26873049961506
87.50677297004412 97.4936224489796 92.26873049961506
87.50677297004412 97.4936224489796 92.26873049961506
87.4798797634054 97.48769417630889 92.25130464799886
87.49782141404752 97.49559232746353 92.26873049961506
87.49782141404752 97.49559232746353 92.26873049961506
87.49782141404752 97.49559232746353 92.26873049961506
87.4798797634054 97.48769417630889 92.25130464799886
87.51571171658964 97.48967338074351 92.26583163591037
87.51571171658964 97.48967338074351 92.26583163591037
87.51571171658964 97.48967338074351 92.26583163591037
87.4798797634054 97.48769417630889 92.25130464799886
87.4888570210457 97.48769417630889 92.25421440967817
87.4888570210457 97.48769417630889 92.25421440967817
87.4888570210457 97.48769417630889 92.25421440967817
87.4888570210457 97.48769417630889 92.25421440967817
87.50677297004412 97.57036784886071 92.30332694899624
87.50677297004412 97.57036784886071 92.30332694899624
87.54065355428217 97.09114004445856 92.10544943422556
88.03473848555817 97.71673893077597 92.66054110280545
88.05199360798223 97.80098018325165 92.71202312609421
88.05199360798223 97.80098018325165 92.71202312609421
88.05199360798223 97.80098018325165 92.71202312609421
88.03473848555817 97.79402334231115 92.69551733284365
88.06919903479411 97.71854191565647 92.6743617930866
88.06919903479411 97.71854191565647 92.6743617930866
88.06919903479411 97.71854191565647 92.6743617930866
88.03473848555817 97.79402334231115 92.69551733284365
88.04337227216881 97.79402334231115 92.69827348841004
88.04337227216881 97.79402334231115 92.69827348841004
88.04337227216881 97.79402334231115 92.69827348841004
88.04337227216881 97.79402334231115 92.69827348841004
88.06060251991198 97.79924508988549 92.71202312609421
88.06060251991198 97.79924508988549 92.71202312609421
88.06060251991198 97.79924508988549 92.71202312609421
88.04337227216881 97.79402334231115 92.69827348841004
88.06060251991198 97.80098018325165 92.71476684201423
88.06060251991198 97.80098018325165 92.71476684201423
87.920206871075 97.80098018325165 92.63747547350121
88.33470410840873 97.92589738650229 92.920182032009
88.51013064225926 97.9275387116092 93.01140078457011
88.68530892986615 98.13953488372094 93.20373441434802
88.68530892986615 98.13953488372094 93.20373441434802
88.6523986400173 98.13805826075765 93.19083906831725
88.66064414768265 98.13805826075765 93.19342205089298
88.66064414768265 98.13805826075765 93.19342205089298
88.66064414768265 98.13805826075765 93.19342205089298
88.66064414768265 98.13805826075765 93.19342205089298
88.67709926658038 98.14248111451133 93.20630762461242
88.67709926658038 98.14248111451133 93.20630762461242
88.67709926658038 98.14248111451133 93.20630762461242
88.66064414768265 98.13805826075765 93.19342205089298
88.67709926658038 98.14395073343883 93.20887888707038
88.67709926658038 98.14395073343883 93.20887888707038
88.67709926658038 98.14395073343883 93.20887888707038
88.6523986400173 98.06022934305005 93.15548811745165
88.68530892986615 98.06176646963077 93.16844550412901
88.68530892986615 98.06176646963077 93.16844550412901
88.87165187337995 98.20689359329087 93.33654546013716
89.18170854668749 98.50996942422807 93.64995928800388
89.18961634201273 98.50996942422807 93.65237997115187
89.18961634201273 98.50996942422807 93.65237997115187
89.18961634201273 98.50996942422807 93.65237997115187
89.18961634201273 98.50996942422807 93.65237997115187
89.20539730134932 98.51352222198354 93.66445575608
89.20539730134932 98.51352222198354 93.66445575608
89.20539730134932 98.51352222198354 93.66445575608
89.18961634201273 98.43154973213709 93.61669258576475
89.20539730134932 98.43652819182019 93.63125391752895
89.20539730134932 98.43652819182019 93.63125391752895
89.20539730134932 98.43652819182019 93.63125391752895
89.18170854668749 98.50996942422807 93.64995928800388
89.21327051587849 98.4327973170522 93.6264075273793
89.21327051587849 98.4327973170522 93.6264075273793
89.21327051587849 98.4327973170522 93.6264075273793
89.18170854668749 98.43154973213709 93.61425922110035
89.18961634201273 98.43154973213709 93.61669258576475
89.18961634201273 98.43154973213709 93.61669258576475
89.33787153203784 98.56939716464859 93.76057267813674
89.33787153203784 98.56939716464859 93.76057267813674
89.3534619032564 98.57281031703386 93.77245632277393
89.3534619032564 98.57281031703386 93.77245632277393
89.33787153203784 98.56939716464859 93.76057267813674
89.33787153203784 98.56939716464859 93.76057267813674
89.3534619032564 98.5739444181951 93.77482762169393
89.3534619032564 98.5739444181951 93.77482762169393
89.33005921143831 98.56939716464859 93.75819050468988
89.33005921143831 98.56939716464859 93.75819050468988
89.36124000394906 98.64911449131728 93.80582944394646
89.36124000394906 98.64911449131728 93.80582944394646
89.33005921143831 98.64803674235073 93.79400045419824
89.33005921143831 98.64803674235073 93.79400045419824
89.33787153203784 98.64803674235073 93.79636986513398
89.33787153203784 98.64803674235073 93.79636986513398
89.33787153203784 98.64803674235073 93.79636986513398
89.33787153203784 98.64803674235073 93.79636986513398
89.3534619032564 98.72984435211298 93.8439505867565
89.3534619032564 98.72984435211298 93.8439505867565
89.33787153203784 98.80569293566292 93.86804630461498
89.33787153203784 98.80569293566292 93.86804630461498
89.3534619032564 98.80949818087878 93.88207172956655
89.3534619032564 98.80949818087878 93.88207172956655
89.33005921143831 98.80569293566292 93.86570247933884
89.33787153203784 98.80664652567975 93.87038833949254
89.36124000394906 98.72781766824073 93.84160293541672
89.36124000394906 98.72781766824073 93.84160293541672
89.33787153203784 98.72680189900733 93.8321943968454
89.34567242095271 98.72680189900733 93.83454922557812
89.34567242095271 98.72680189900733 93.83454922557812
89.34567242095271 98.72680189900733 93.83454922557812
89.33787153203784 98.72680189900733 93.8321943968454
89.3534619032564 98.80854914465463 93.879738615984
89.3534619032564 98.80854914465463 93.879738615984
89.3534619032564 98.80854914465463 93.879738615984
89.33787153203784 98.80569293566292 93.86804630461498
89.3534619032564 98.73085527447944 93.84629644887535
89.3534619032564 98.73085527447944 93.84629644887535
89.3534619032564 98.73085527447944 93.84629644887535
89.01200733452946 98.3756955933223 93.49591824145092
89.23167848699764 98.60349019860995 93.71406826900332
89.23167848699764 98.60349019860995 93.71406826900332
89.23167848699764 98.60349019860995 93.71406826900332
89.13502734506112 98.52269790679645 93.62826389246537
89.0699601467861 98.52269790679645 93.59259488066556
89.0699601467861 98.52269790679645 93.59259488066556
89.0699601467861 98.52269790679645 93.59259488066556
89.06197555726668 98.52269790679645 93.59015295874748
89.1508782997851 98.60460116104063 93.67601534458466
89.1508782997851 98.60460116104063 93.67601534458466
89.1508782997851 98.60460116104063 93.67601534458466
89.13502734506112 98.60126295825341 93.66396010221746
89.1508782997851 98.68415394538809 93.71406826900332
89.1508782997851 98.68415394538809 93.71406826900332
89.1508782997851 98.68415394538809 93.71406826900332
89.13502734506112 98.681006056165 93.70208556590553
89.16668307183495 98.6820570247222 93.71406826900332
89.16668307183495 98.6820570247222 93.71406826900332
89.16668307183495 98.6820570247222 93.71406826900332
89.17728395061728 98.98526579977931 93.86126141010284
88.82286973458989 98.7992916684663 93.58199582016411
88.62235483491028 98.5545335085414 93.36092766245905
88.62235483491028 98.5545335085414 93.36092766245905
88.61408506040664 98.5545335085414 93.35840371534842
88.63885839736554 98.47967532049218 93.33811548906081
88.63885839736554 98.47967532049218 93.33811548906081
88.63885839736554 98.47967532049218 93.33811548906081
88.63061260519038 98.47967532049218 93.33558863328822
88.6470922374787 98.4844917267804 93.35072108008592
88.6470922374787 98.4844917267804 93.35072108008592
88.6470922374787 98.4844917267804 93.35072108008592
88.62235483491028 98.39895125934841 93.29257032644603
88.65531415149735 98.4002233245292 93.3052765234131
88.65531415149735 98.4002233245292 93.3052765234131
88.65531415149735 98.4002233245292 93.3052765234131
88.62235483491028 98.39767716958812 93.2900232971048
88.62235483491028 98.39767716958812 93.2900232971048
88.62235483491028 98.39767716958812 93.2900232971048
88.62235483491028 98.39767716958812 93.2900232971048
88.95308710141784 98.76943005181347 93.64223804763427
88.96321070234113 98.71496835851737 93.6230573143656
88.96321070234113 98.71496835851737 93.6230573143656
88.96321070234113 98.71496835851737 93.6230573143656
88.95517098812829 98.71496835851737 93.62063115032237
88.97123872058505 98.71904904947861 93.63516050598626
88.97123872058505 98.71904904947861 93.63516050598626
88.97123872058505 98.71904904947861 93.63516050598626
88.94711955236819 98.79172330463676 93.64901187398948
88.97925506836398 98.79268713349431 93.66108872625607
88.97925506836398 98.79268713349431 93.66108872625607
88.97925506836398 98.79268713349431 93.66108872625607
88.94711955236819 98.71189073726455 93.61090800490202
88.94711955236819 98.71189073726455 93.61090800490202
88.94711955236819 98.71189073726455 93.61090800490202
88.94711955236819 98.71189073726455 93.61090800490202
88.93905636940791 98.71189073726455 93.60847258566336
88.96321070234113 98.79364942590638 93.65867703159864
88.96321070234113 98.79364942590638 93.65867703159864
88.75945388468716 98.4416253461266 93.38920116522381
88.82925390740195 98.82558289876309 93.60138170677797
88.8454818508412 98.90792613453146 93.65149400755213
88.8454818508412 98.90792613453146 93.65149400755213
88.8454818508412 98.90792613453146 93.65149400755213
88.82112221610137 98.82370715704049 93.59407163441745
88.85357815442562 98.82464577627294 93.60624582669885
88.85357815442562 98.82464577627294 93.60624582669885
88.85357815442562 98.82464577627294 93.60624582669885
88.89391673880537 98.74384874384874 93.59407163441745
88.89391673880537 98.74384874384874 93.59407163441745
88.89391673880537 98.74384874384874 93.59407163441745
88.89391673880537 98.74384874384874 93.59407163441745
88.81297867732472 98.74384874384874 93.55353520793221
88.82925390740195 98.82558289876309 93.60138170677797
88.82925390740195 98.82558289876309 93.60138170677797
88.82925390740195 98.82558289876309 93.60138170677797
88.82112221610137 98.82558289876309 93.59894687043627
88.8454818508412 98.82931649267516 93.61595191449643
88.8454818508412 98.82931649267516 93.61595191449643
88.8454818508412 98.82931649267516 93.61595191449643
88.97516752069373 98.74485108585478 93.64322565364694
89.00723156736362 98.7458518295048 93.65531276337698
89.00723156736362 98.7458518295048 93.65531276337698
89.00723156736362 98.7458518295048 93.65531276337698
88.98320105559604 98.74384874384874 93.64322565364694
88.98320105559604 98.74384874384874 93.64322565364694
88.98320105559604 98.74384874384874 93.64322565364694
88.98320105559604 98.74384874384874 93.64322565364694
88.9671222610102 98.74384874384874 93.63837790487968
88.98320105559604 98.82558289876309 93.68613852216951
88.98320105559604 98.82558289876309 93.68613852216951
88.98320105559604 98.82558289876309 93.68613852216951
88.97516752069373 98.82558289876309 93.68373376155478
88.99923305343061 98.82931649267516 93.70052872029156
88.99923305343061 98.82931649267516 93.70052872029156
88.98320105559604 98.82370715704049 93.6813271684396
88.97516752069373 98.82370715704049 93.67891874072853
89.00723156736362 98.82464577627294 93.69094255426344
89.00723156736362 98.82464577627294 93.69094255426344
88.99122289132916 98.74485108585478 93.64806601977712
88.82226896538167 98.54816474237464 93.46612808732385
88.56806821523081 98.7843586034159 93.43251685023837
88.39306675013694 98.56939716464859 93.23900338357429
88.37623917558089 98.56939716464859 93.23386964373665
88.37623917558089 98.56939716464859 93.23386964373665
88.39306675013694 98.57281031703386 93.24668940301719
88.39306675013694 98.57281031703386 93.24668940301719
88.38465905753831 98.57281031703386 93.24412933896151
88.38465905753831 98.57281031703386 93.24412933896151
88.409845672983 98.57733593298053 93.26200913521964
88.409845672983 98.57733593298053 93.26200913521964
88.38465905753831 98.57053669458139 93.23900338357429
88.38465905753831 98.57053669458139 93.23900338357429
88.41821695590217 98.57167441060058 93.25180371488513
88.41821695590217 98.57167441060058 93.25180371488513
88.46545113076141 98.56939716464859 93.27694042858607
88.46545113076141 98.56939716464859 93.27694042858607
88.46545113076141 98.56939716464859 93.27694042858607
88.63190905527244 99.18484152105104 93.64564675848722
88.54277077690104 99.18484152105104 93.60268666556783
88.55938847510781 99.18679845145662 93.61485548598044
88.55938847510781 99.18679845145662 93.61485548598044
88.55938847510781 99.18679845145662 93.61485548598044
88.55108565600298 99.18679845145662 93.61242542686689
88.55938847510781 99.18874600845776 93.6221345822036
88.57595803812582 99.18939312277676 93.62939710091405
88.57595803812582 99.18939312277676 93.62939710091405
88.55108565600298 99.31242408467811 93.66444529133663
88.58422483424928 99.31297544483215 93.67649477753105
88.58422483424928 99.31297544483215 93.67649477753105
88.58422483424928 99.31297544483215 93.67649477753105
88.56767926043442 99.31187183884343 93.66685886083769
88.56767926043442 99.31187183884343 93.66685886083769
88.56767926043442 99.31187183884343 93.66685886083769
88.56767926043442 99.31187183884343 93.66685886083769
88.54277077690104 99.31187183884343 93.65961262923526
88.55938847510781 99.31352592143445 93.67168048725283
88.55938847510781 99.31352592143445 93.67168048725283
88.55938847510781 99.31352592143445 93.67168048725283
88.55108565600298 99.31352592143445 93.66927059211
88.57595803812582 99.39510466849576 93.72169680539724
88.57595803812582 99.39510466849576 93.72169680539724
88.57595803812582 99.39510466849576 93.72169680539724
88.55108565600298 99.472083423854 93.73589106614577
88.57595803812582 99.47250743482319 93.74543283827873
88.57595803812582 99.47250743482319 93.74543283827873
88.57595803812582 99.47250743482319 93.74543283827873
88.55938847510781 99.47165873067641 93.73589106614577
88.56767926043442 99.47165873067641 93.73827923750643
88.56767926043442 99.47165873067641 93.73827923750643
88.56767926043442 99.47165873067641 93.73827923750643
88.54277077690104 99.47165873067641 93.7311092542733
88.55938847510781 99.55282523281308 93.77877573722537
88.55938847510781 99.55282523281308 93.77877573722537
88.55938847510781 99.55282523281308 93.77877573722537
88.55108565600298 99.55282523281308 93.77640391550747
88.57595803812582 99.6340248603231 93.82864544781643
88.57595803812582 99.6340248603231 93.82864544781643
88.57595803812582 99.6340248603231 93.82864544781643
88.55938847510781 99.5531841055006 93.78114575182241
88.9705160187786 99.92592753970501 94.23819853320938
88.07093274222714 99.3468434370742 93.41224172178649
88.07093274222714 99.3468434370742 93.41224172178649
88.04513036361512 99.3442195778685 93.39221526137413
88.05374354980042 99.3442195778685 93.39472522508649
88.05374354980042 99.3442195778685 93.39472522508649
88.05374354980042 99.3442195778685 93.39472522508649
88.02786667707439 99.3442195778685 93.38718960697254
88.04513036361512 99.42548671031523 93.43520380936742
88.04513036361512 99.42548671031523 93.43520380936742
88.04513036361512 99.42548671031523 93.43520380936742
88.03650474834734 99.42548671031523 93.43271017483343
88.05374354980042 99.426865929883 93.4451594392983
88.05374354980042 99.426865929883 93.4451594392983
88.05374354980042 99.426865929883 93.4451594392983
88.03650474834734 99.42548671031523 93.43271017483343
88.07093274222714 99.42640692640693 93.44764363047865
88.07093274222714 99.42640692640693 93.44764363047865
88.07093274222714 99.42640692640693 93.44764363047865
88.04513036361512 99.42410083668369 93.42771721820965
87.88944821286272 99.23647564097003 93.2549485920474
87.91336975329043 99.30756039853263 93.2998994933645
87.91336975329043 99.30756039853263 93.2998994933645
87.72997782877592 99.10963800610905 93.11634675493703
87.73880089398503 99.10963800610905 93.11895590886739
87.73880089398503 99.10963800610905 93.11895590886739
87.73880089398503 99.10963800610905 93.11895590886739
87.89408051128171 99.76776794321269 93.70501000350639
87.920206871075 99.76889198970915 93.72655422974543
87.920206871075 99.76889198970915 93.72655422974543
87.920206871075 99.76889198970915 93.72655422974543
87.90280184583034 99.84931865828092 93.67891220882956
87.93756188479236 99.84956176688614 93.69332361126801
87.93756188479236 99.84956176688614 93.69332361126801
87.93756188479236 99.84956176688614 93.69332361126801
87.91151062339482 99.84895251855257 93.67409376062301
87.920206871075 99.84895251855257 93.67650390262989
87.920206871075 99.84895251855257 93.67650390262989
87.920206871075 99.84895251855257 93.67650390262989
87.89408051128171 99.84895251855257 93.66926796078472
87.61450085390467 99.80727957601506 93.52711184278218
87.44310368203915 99.97159277145292 93.3331279776573
87.44310368203915 99.97159277145292 93.3331279776573
87.43409830981548 99.97159277145292 93.33059421704073
87.46107575962711 99.94776704100288 93.38870057654299
87.46107575962711 99.94776704100288 93.38870057654299
87.46107575962711 99.94776704100288 93.38870057654299
87.28081198646689 99.42764227642277 93.00970873786407
87.31710138222196 99.42855905971992 93.02553226201158
87.31710138222196 99.42855905971992 93.02553226201158
87.31710138222196 99.42855905971992 93.02553226201158
87.36138479965999 99.50667188247056 93.08010145639012
87.37041255622695 99.50667188247056 93.08271906597282
87.37041255622695 99.50667188247056 93.08271906597282
87.37041255622695 99.50667188247056 93.08271906597282
87.27170716607337 99.42626157256487 92.99911977236904
87.28081198646689 99.42626157256487 93.00177002015572
87.28081198646689 99.42626157256487 93.00177002015572
87.28081198646689 99.42626157256487 93.00177002015572
87.27170716607337 99.42626157256487 92.99911977236904
87.29898260584181 99.58840604826482 93.09316973081124
87.29898260584181 99.58840604826482 93.09316973081124
87.2899037904254 99.50746398194758 93.04752171691364
87.28081198646689 99.50746398194758 93.04489178330078
87.31710138222196 99.42855905971992 93.02553226201158
87.31710138222196 99.42855905971992 93.02553226201158
87.31710138222196 99.42855905971992 93.02553226201158
87.29898260584181 99.42672254674166 93.00970873786407
87.30804846052936 99.42672254674166 93.01235097612553
87.30804846052936 99.42672254674166 93.01235097612553
87.28081198646689 99.42626157256487 93.00177002015572
87.27170716607337 99.42626157256487 92.99911977236904
87.28081198646689 99.3463768430653 92.96657666503027
87.28081198646689 99.3463768430653 92.96657666503027
87.27170716607337 99.3463768430653 92.96391409775013
87.27170716607337 99.3463768430653 92.96391409775013
87.29898260584181 99.50864737331977 93.0580215922774
87.29898260584181 99.50864737331977 93.0580215922774
87.28081198646689 99.50746398194758 93.04489178330078
87.77200263760133 99.18809786011963 93.17687206890562
87.77200263760133 99.18809786011963 93.17687206890562
88.04349940664942 99.52981452591438 93.48060068679207
88.21014407871618 99.76033291936292 93.67168113345483
88.21014407871618 99.76033291936292 93.67168113345483
88.22715221459762 99.76033291936292 93.67649933637196
88.62973189981004 99.96504336807148 94.02379329574323
89.00222954442319 99.37314417683932 94.50222573532471
88.92853622474125 99.46601621728526 94.41973563887272
88.9366061226902 99.46601621728526 94.42188035608555
88.9366061226902 99.46601621728526 94.42188035608555
88.92853622474125 99.46601621728526 94.41973563887272
88.9366061226902 99.4673155333421 94.42830462751608
88.95271067747265 99.38720126061456 94.47517818664014
88.95271067747265 99.38720126061456 94.47517818664014
88.9366061226902 99.38570895767973 94.46456929927447
88.9446642650446 99.38620719891271 94.46881773961023
88.96074538556799 99.38670463257037 94.47517818664014
88.96074538556799 99.38670463257037 94.47517818664014
88.9446642650446 99.38471004460852 94.46244263078106
88.95271067747265 99.38471004460852 94.46456929927447
89.14649280044124 99.19198590929106 94.6562425275765
89.14649280044124 99.19198590929106 94.6562425275765
89.11475928011221 99.19132714893242 94.64594487614842
89.12271004421983 99.19132714893242 94.64800758025386
88.95412988650693 99.82702371307832 94.2710764029329
88.95412988650693 99.82702371307832 94.2710764029329
88.94607118209603 99.82702371307832 94.2688772228332
88.97021209617125 99.82786045802192 94.28860927015374
88.97021209617125 99.82786045802192 94.28860927015374
88.97021209617125 99.82786045802192 94.28860927015374
88.95412988650693 99.82744309990827 94.27766382828848
88.9782356526355 99.74682991771972 94.32469332450715
88.9782356526355 99.74682991771972 94.32469332450715
88.9782356526355 99.74682991771972 94.32469332450715
88.96217684931777 99.74600950274791 94.31163176446195
88.9782356526355 99.74600950274791 94.3159922928709
88.9782356526355 99.74600950274791 94.3159922928709
88.9589967370366 99.77015016855655 94.29450267202452
88.92678310925363 99.68865111383968 94.31976249299314
88.93485412603668 99.68865111383968 94.32194332319888
88.93485412603668 99.68865111383968 94.32194332319888
88.88232630480579 99.86684420772303 94.09444743488883
89.07604510179499 99.88182773109243 94.31682531114733
89.09993694829761 99.80166081820362 94.37252284416296
89.09993694829761 99.80166081820362 94.37252284416296
89.09993694829761 99.80166081820362 94.37252284416296
89.08402067958482 99.801179812104 94.36172859986729
89.09993694829761 99.80150074164558 94.37036730299391
88.56767926043442 99.53628464322087 93.77816184186162
88.47583643122677 99.4221029392667 93.67601118053273
88.45912689082216 99.5001847143447 93.69725819912831
88.48417306977926 99.42024579841056 93.66878941574676
88.48417306977926 99.42024579841056 93.66878941574676
88.48417306977926 99.42024579841056 93.66878941574676
88.45075393635169 99.41977964665233 93.65671641791045
88.45912689082216 99.41977964665233 93.65913469959712
88.62583431488025 99.95407728137505 94.03117855775895
88.62583431488025 99.95407728137505 94.03117855775895
88.61756674459265 99.95407728137505 94.02889312029141
88.64233347708472 99.95429914474113 94.04939926777703
88.52260047373882 99.72079225198499 94.08627111124868
88.15330331208453 99.85447120919221 93.69092627599244
88.13618882142788 99.69349158732228 93.60761121110825
88.15330331208453 99.693983852765 93.617327185154
88.15330331208453 99.693983852765 93.617327185154
88.15330331208453 99.693983852765 93.617327185154
87.66554040933629 98.89414458195641 92.98444737568637
87.69206921273421 98.89414458195641 92.99240102953793
88.30117261428599 99.66044881701238 93.67360796740607
88.30117261428599 99.66044881701238 93.67360796740607
88.26729282849037 99.66017514050452 93.6615435363
88.27578115834343 99.66017514050452 93.66396010221746
88.27578115834343 99.66017514050452 93.66396010221746
88.27578115834343 99.66017514050452 93.66396010221746
88.26729282849037 99.66017514050452 93.6615435363
88.28425721487328 99.66099484972945 93.67360796740607
88.28425721487328 99.66099484972945 93.67360796740607
88.28425721487328 99.66099484972945 93.67360796740607
88.26729282849037 99.74056552355621 93.69727968321406
88.4585289514867 99.75995635570104 94.03063592758781
88.4585289514867 99.75995635570104 94.03063592758781
88.4585289514867 99.75995635570104 94.03063592758781
87.37879110457352 99.23708792995079 92.97589104962886
87.40584804357063 99.15757103257104 92.94873103701737
87.40584804357063 99.15757103257104 92.94873103701737
88.00412242834363 99.87784394564055 93.6033062949141
88.06051732552464 99.91264468224503 93.65768180178323
88.06913503179743 99.91264468224503 93.66009974034539
88.06913503179743 99.91264468224503 93.66009974034539
88.06913503179743 99.91264468224503 93.66009974034539
88.06051732552464 99.91264468224503 93.65768180178323
88.07774030682859 99.91285592906472 93.66975308641975
88.07774030682859 99.91285592906472 93.66975308641975
87.91322113046016 99.08393648050125 93.20945945945947
87.8957931451063 99.08173430935159 93.19657418329145
87.92191631669 99.08539873595203 93.21716722397767
87.92191631669 99.08539873595203 93.21716722397767
87.92191631669 99.08539873595203 93.21716722397767
87.74050608310336 97.5852514919011 92.43905910098196
87.76689615048967 97.5852514919011 92.4475808498756
87.28447444551591 97.30734900327283 92.05593302596458
87.77710971896275 97.5852514919011 92.45321337544044
87.74192293478049 97.58334577565428 92.43900950210593
87.75073860985849 97.58334577565428 92.4418545524809
87.75073860985849 97.58334577565428 92.4418545524809
87.75073860985849 97.58334577565428 92.4418545524809
87.74192293478049 97.58334577565428 92.43900950210593
87.75954161406236 97.58905392177725 92.45321337544044
87.75954161406236 97.58905392177725 92.45321337544044
87.75954161406236 97.58905392177725 92.45321337544044
87.90607034980025 98.9231966787753 93.13161751893648
88.23931156945773 99.31032991741255 93.49442569819797
88.23931156945773 99.31032991741255 93.49442569819797
88.0280319252482 99.04694137180068 93.2591281573859
87.61960213488598 98.55568470446426 92.80793607054285
87.64621581842125 98.55568470446426 92.81607437763778
87.64621581842125 98.55568470446426 92.81607437763778
87.63735731312623 98.5545335085414 92.81065088757397
87.61070540708515 98.5545335085414 92.80250028087306
87.61960213488598 98.5545335085414 92.80521920241766
87.7695044423275 98.5545335085414 92.88867542766049
87.76070038910507 98.5545335085414 92.88598562680815
87.76070038910507 98.5545335085414 92.88598562680815
87.77829583867583 98.47967532049218 92.86435543588017
87.77829583867583 98.47967532049218 92.86435543588017
87.76070038910507 98.39767716958812 92.81577200061291
87.76070038910507 98.39767716958812 92.81577200061291
87.71524528741433 98.32476435304199 92.76206576977523
87.87902363123602 98.73085527447944 93.03494274945609
87.8615531446602 98.64803674235073 92.98389242514173
87.8615531446602 98.64803674235073 92.98389242514173
87.95965171421908 98.72781766824073 93.0674953234726
87.95965171421908 98.72781766824073 93.0674953234726
87.9249181350382 98.72680189900733 93.0543607390111
88.98642783871222 99.23001843617828 93.86861163052575
89.40510139416983 99.7340425531915 94.32487962809232
89.40510139416983 99.7340425531915 94.32487962809232
89.47065934719276 99.7340425531915 94.36110909260778
89.47065934719276 99.7340425531915 94.36110909260778
89.48607840421111 99.8150002176468 94.40810953679039
90.49429657794677 98.64076382442647 95.660393211225
89.43455331297831 99.14243513150063 94.84650152924353
88.85671512429579 99.86648865153538 94.20144108651702
88.87293469708891 99.78602620087337 94.25082781456953
88.87293469708891 99.78602620087337 94.25082781456953
88.85671512429579 99.86648865153538 94.20144108651702
88.87293469708891 99.86659668459957 94.20810637284345
89.50262038959755 99.09645855830045 94.89795918367348
89.50262038959755 99.09645855830045 94.89795918367348
89.47180514508995 99.09572121746803 94.88810217529789
89.47952590478455 99.09572121746803 94.890076622753
89.47952590478455 99.09572121746803 94.890076622753
89.47952590478455 99.09572121746803 94.890076622753
89.47952590478455 99.09572121746803 94.890076622753
89.49493350221658 99.01572202404544 94.9365241500073
89.6652918781726 98.1545636242505 95.4138819635038
89.6652918781726 98.1545636242505 95.4138819635038
89.64249518093837 98.15000333934415 95.40319193616128
89.6577041373152 98.07239618032423 95.45087765260676
89.6577041373152 98.07239618032423 95.45087765260676
89.71467148501875 97.83189386519456 95.58911498945292
89.32121500138608 98.26551034022681 95.17135914194738
89.35241855873642 98.26693625436043 95.18069770116145
89.35241855873642 98.26693625436043 95.18069770116145
89.35241855873642 98.26693625436043 95.18069770116145
89.32121500138608 98.26551034022681 95.17135914194738
89.32903302400128 98.26551034022681 95.17322974798186
89.4990385187241 97.38931503162428 95.65395826537161
89.4990385187241 97.38931503162428 95.65395826537161
89.4990385187241 97.38931503162428 95.65395826537161
89.5144208880179 97.39579837572991 95.66240258785473
89.5144208880179 97.39579837572991 95.66240258785473
89.5144208880179 97.39579837572991 95.66240258785473
89.49133039717493 97.30409212327999 95.68953714917593
89.50673534072901 97.31301877083473 95.69959128781113
89.50673534072901 97.31301877083473 95.69959128781113
89.50673534072901 97.31301877083473 95.69959128781113
89.49133039717493 97.30409212327999 95.68953714917593
89.52209518534636 97.30632934104875 95.69791885642212
88.75487831185896 98.3820853122642 94.79224146008808
88.78970394930451 98.21492086075048 94.88510239174613
88.75705881195522 98.21345139831357 94.87522188576798
88.7652379079827 98.21345139831357 94.87720103959
88.7652379079827 98.21345139831357 94.87720103959
88.7652379079827 98.21345139831357 94.87720103959
88.7652379079827 98.21345139831357 94.87720103959
88.78156045077944 98.21785254560788 94.8870739228269
88.78156045077944 98.21785254560788 94.8870739228269
88.78156045077944 98.21785254560788 94.8870739228269
88.75705881195522 98.21345139831357 94.87522188576798
88.7734051122856 98.21931477990908 94.8870739228269
88.7734051122856 98.21931477990908 94.8870739228269
88.7734051122856 98.21931477990908 94.8870739228269
88.75705881195522 98.12959251837007 94.91189036173525
88.78970394930451 98.13113222239527 94.92170395546195
88.78970394930451 98.13113222239527 94.92170395546195
88.78970394930451 98.13113222239527 94.92170395546195
88.75705881195522 98.12959251837007 94.91189036173525
88.7652379079827 98.12959251837007 94.9138561136055
88.7652379079827 98.12959251837007 94.9138561136055
88.63801464669272 98.12959251837007 94.84156380747682
88.63801464669272 98.12959251837007 94.84156380747682
87.68833989412244 99.31502338141343 93.7869395992504
87.68833989412244 99.31502338141343 93.7869395992504
87.68833989412244 99.31502338141343 93.7869395992504
87.67064763569279 99.39527212754261 93.73930081468495
87.68833989412244 99.39723385134691 93.7536011194337
87.68833989412244 99.39723385134691 93.7536011194337
87.68833989412244 99.39723385134691 93.7536011194337
87.66178242450154 99.39527212754261 93.73691106228013
87.69716699608573 99.39576375461417 93.74884161535452
87.69716699608573 99.39576375461417 93.74884161535452
87.69716699608573 99.39576375461417 93.74884161535452
87.66178242450154 99.39527212754261 93.73691106228013
87.67064763569279 99.39527212754261 93.73930081468495
87.67064763569279 99.39527212754261 93.73930081468495
87.67064763569279 99.39527212754261 93.73930081468495
87.67064763569279 99.39527212754261 93.73930081468495
87.68833989412244 99.47833329680205 93.71553214256318
87.68833989412244 99.47833329680205 93.71553214256318
87.68833989412244 99.47833329680205 93.71553214256318
87.57880851228927 99.89935235427971 93.46652545422764
87.59661391240338 99.89967722236763 93.48140548858682
87.59661391240338 99.89967722236763 93.48140548858682
87.59661391240338 99.89967722236763 93.48140548858682
87.56988662835845 99.89935235427971 93.46403884134298
87.60549748354627 99.8994337683916 93.47645301382943
87.60549748354627 99.8994337683916 93.47645301382943
87.60549748354627 99.8994337683916 93.47645301382943
87.56988662835845 99.81824950182845 93.49962440444952
87.57880851228927 99.81824950182845 93.50209842001317
87.57880851228927 99.81824950182845 93.50209842001317
87.57880851228927 99.81824950182845 93.50209842001317
87.57880851228927 99.81824950182845 93.50209842001317
87.59661391240338 99.81869020053301 93.51444030348765
87.59661391240338 99.81869020053301 93.51444030348765
87.59661391240338 99.81869020053301 93.51444030348765
87.57880851228927 99.81824950182845 93.50209842001317
87.59661391240338 99.89967722236763 93.48140548858682
87.59661391240338 99.89967722236763 93.48140548858682
87.90311607021364 99.74005548395553 93.72467137067741
87.87695784306085 99.82044319873872 93.67216494845361
87.91181041181041 99.82058855705066 93.6842105263158
87.91181041181041 99.82058855705066 93.6842105263158
87.91181041181041 99.82058855705066 93.6842105263158
87.87695784306085 99.82044319873872 93.67216494845361
87.8856898129222 99.82044319873872 93.67457773838845
87.8856898129222 99.82044319873872 93.67457773838845
87.8856898129222 99.82044319873872 93.67457773838845
87.8856898129222 99.82044319873872 93.67457773838845
87.90311607021364 99.65868066951099 93.75797751883724
87.90311607021364 99.65868066951099 93.75797751883724
87.8856898129222 99.73921237755034 93.71030927835051
87.8856898129222 99.73921237755034 93.71030927835051
87.90311607021364 99.74005548395553 93.72467137067741
87.90311607021364 99.74005548395553 93.72467137067741
87.8856898129222 99.82058855705066 93.67698868904135
87.87695784306085 99.82044319873872 93.67216494845361
87.91181041181041 99.82058855705066 93.6842105263158
87.91181041181041 99.82058855705066 93.6842105263158
87.84444314618995 99.96503954901019 93.55931505297733
88.01240902971533 99.82044319873872 93.74851683329723
88.02105673620588 99.90154250082048 93.71513995566781
88.02105673620588 99.90154250082048 93.71513995566781
88.02105673620588 99.90154250082048 93.71513995566781
88.02105673620588 99.90154250082048 93.71513995566781
88.03831477299275 99.82087856877607 93.76280328999516
88.03831477299275 99.82087856877607 93.76280328999516
88.02105673620588 99.82044319873872 93.75090245260834
88.02105673620588 99.82044319873872 93.75090245260834
88.03831477299275 99.74005548395553 93.80089146927725
88.03831477299275 99.74005548395553 93.80089146927725
88.01240902971533 99.82044319873872 93.74851683329723
88.01240902971533 99.82044319873872 93.74851683329723
88.04692515709812 99.90162214157667 93.72471511071308
88.04692515709812 99.90162214157667 93.72471511071308
88.02105673620588 99.90154250082048 93.71513995566781
88.02969197498392 99.90154250082048 93.71753648280979
88.02969197498392 99.90154250082048 93.71753648280979
88.02969197498392 99.90154250082048 93.71753648280979
88.0914749556089 99.69085049003486 93.84769456317495
88.1000662948953 99.69160104986877 93.85708100529864
88.10864524677045 99.69160104986877 93.85942314231835
88.10864524677045 99.69160104986877 93.85942314231835
88.0914749556089 99.60940928640393 93.88355831895973
88.10864524677045 99.61067366579177 93.89755057036572
88.10864524677045 99.61067366579177 93.89755057036572
88.10864524677045 99.61067366579177 93.89755057036572
88.08287120206202 99.60940928640393 93.88122003636965
88.28222534332085 98.97177908695748 94.26619040223638
88.28222534332085 98.97177908695748 94.26619040223638
88.28222534332085 98.97177908695748 94.26619040223638
88.25679823275271 99.05341894486 94.22124095611252
88.1930064465716 99.05341894486 94.18511879474879
88.1930064465716 99.05341894486 94.18511879474879
88.02792185001755 99.90154250082048 93.71900485612066
88.01927842494489 99.90154250082048 93.71660787589991
88.10864524677045 99.90178103719225 93.76666426461051
88.10864524677045 99.90178103719225 93.76666426461051
88.10864524677045 99.90178103719225 93.76666426461051
87.81901649548708 99.32696482848459 93.26035211556614
88.21693328131096 99.88900737774489 93.73720540279193
88.21693328131096 99.88900737774489 93.73720540279193
88.21693328131096 99.88900737774489 93.73720540279193
88.19989840972141 99.80817438692098 93.6895354467809
88.23391904001247 99.80832897717372 93.70154042325647
88.06922029943613 98.98047347503024 93.24130732865358
88.06922029943613 98.98047347503024 93.24130732865358
88.03478803478804 99.05813575836311 93.26130895585172
88.03478803478804 99.05813575836311 93.26130895585172
88.03478803478804 99.05813575836311 93.26130895585172
88.03478803478804 98.64803674235073 93.07795492478932
88.02614889257488 98.64803674235073 93.07533138022167
88.05202897421918 98.65126484254002 93.0910428845918
88.05202897421918 98.65126484254002 93.0910428845918
88.05202897421918 98.65126484254002 93.0910428845918
88.04341471969445 98.65126484254002 93.08842925352991
88.06063082520966 98.73387840940792 93.13923585598825
88.06063082520966 98.73387840940792 93.13923585598825
88.06063082520966 98.73387840940792 93.13923585598825
88.03478803478804 98.57053669458139 93.04533780810985
87.85057605027347 98.26306986318994 92.79880234642334
87.85057605027347 98.26306986318994 92.79880234642334
87.85057605027347 98.26306986318994 92.79880234642334
87.81560007780588 98.2603092783505 92.78248443401041
87.81560007780588 98.2603092783505 92.78248443401041
87.81560007780588 98.2603092783505 92.78248443401041
87.81560007780588 98.2603092783505 92.78248443401041
87.80682459657797 98.2603092783505 92.77975758937232
87.83311320021754 98.1866061488396 92.76112106892619
87.83311320021754 98.1866061488396 92.76112106892619
87.83311320021754 98.1866061488396 92.76112106892619
87.82436293661438 98.1866061488396 92.75839233864805
87.84185089575125 98.26993314679937 92.80964002440513
87.84185089575125 98.26993314679937 92.80964002440513
87.84185089575125 98.26993314679937 92.80964002440513
87.81560007780588 98.18372861002702 92.75019379054302
87.85057605027347 98.18516852006599 92.76384774353807
87.85057605027347 98.18516852006599 92.76384774353807
87.85057605027347 98.18516852006599 92.76384774353807
87.7081188195753 98.44637631261836 92.8061667262239
87.25213559584091 98.23499098170575 92.45783916837887
87.07207467839304 98.0098116926241 92.25702338421566
87.07207467839304 98.0098116926241 92.25702338421566
87.06284258472941 98.0098116926241 92.25411458915028
87.09049939333244 98.01453301987604 92.27153465095783
87.09049939333244 98.01453301987604 92.27153465095783
87.09049939333244 98.01453301987604 92.27153465095783
87.08129360521141 98.01453301987604 92.26863675057764
87.0996920708237 98.09812157523294 92.3205308463398
87.0996920708237 98.09812157523294 92.3205308463398
87.0996920708237 98.09812157523294 92.3205308463398
87.07207467839304 98.08907645836457 92.29457616109127
87.10887166567302 98.0905899477695 92.30901704942612
87.10887166567302 98.0905899477695 92.30901704942612
87.10887166567302 98.0905899477695 92.30901704942612
87.07207467839304 98.08756056772866 92.29168147343412
87.07207467839304 98.08756056772866 92.29168147343412
87.07207467839304 98.08756056772866 92.29168147343412
86.90182630808353 97.28660740866755 91.84102533001798
86.90182630808353 97.28660740866755 91.84102533001798
86.92047247124005 97.29299700871927 91.8562535941646
86.92047247124005 97.29299700871927 91.8562535941646
86.92047247124005 97.29299700871927 91.8562535941646
86.91115603041679 97.29299700871927 91.85321249066429
86.93906562163824 97.22539199526648 91.8402463321862
86.93906562163824 97.22539199526648 91.8402463321862
86.93906562163824 97.22539199526648 91.8402463321862
86.91115603041679 96.98375378619389 91.71003267578361
86.94834238765286 96.98611581442601 91.72547085292074
86.94834238765286 96.98611581442601 91.72547085292074
86.94834238765286 96.98611581442601 91.72547085292074
86.92047247124005 96.98138805274091 91.71003267578361
86.92047247124005 96.98138805274091 91.71003267578361
86.92047247124005 96.98138805274091 91.71003267578361
86.92047247124005 96.98138805274091 91.71003267578361
86.90182630808353 97.05751320618621 91.73809884395982
86.92047247124005 97.14049691809112 91.78772695653927
86.92047247124005 97.14049691809112 91.78772695653927
86.92047247124005 97.14049691809112 91.78772695653927
87.09055133299896 96.66547225091162 91.66910083500368
87.59871477237536 97.07973751397886 92.1378600199885
87.93059900134061 97.29941208814448 92.41962432281909
87.92191631669 97.29305776364599 92.40824687902482
87.90451341563144 97.28667346591875 92.39397695637155
87.93926921135402 97.28880490860067 92.40824687902482
87.93926921135402 97.28880490860067 92.40824687902482
87.92191631669 97.28667346591875 92.3996913580247
87.91322113046016 97.36114066822729 92.42872389083702
87.91322113046016 97.36114066822729 92.42872389083702
87.91322113046016 97.36114066822729 92.42872389083702
87.8957931451063 97.36114066822729 92.42302489039884
87.8957931451063 97.36114066822729 92.42302489039884
87.91322113046016 97.29093300521872 92.40254534013985
87.91322113046016 97.29093300521872 92.40254534013985
87.90451341563144 97.29093300521872 92.3996913580247
87.90451341563144 97.29093300521872 92.3996913580247
87.93059900134061 97.29941208814448 92.41962432281909
87.93059900134061 97.29941208814448 92.41962432281909
87.90451341563144 97.21025031315683 92.3592561370723
87.90451341563144 97.21025031315683 92.3592561370723
88.4061365499473 97.17327226074602 92.61111280503297
88.59115535822559 97.394261424017 92.81298063701274
88.63885839736554 97.39015667574932 92.8371703812556
88.63885839736554 97.39015667574932 92.8371703812556
88.63885839736554 97.39015667574932 92.8371703812556
88.63885839736554 97.39015667574932 92.8371703812556
88.54972321463626 97.39015667574932 92.79397046508304
88.56633213109613 97.39630896001019 92.80755940185315
88.56633213109613 97.39630896001019 92.80755940185315
88.56633213109613 97.39630896001019 92.80755940185315
88.55803370015104 97.39630896001019 92.80484571615035
88.56633213109613 97.47884904900236 92.85066767165425
88.58289293403797 97.48082545870588 92.85874165717077
88.58289293403797 97.48082545870588 92.85874165717077
88.55803370015104 97.54575086814802 92.869543904083
88.58289293403797 97.54768392370572 92.8803051006465
88.59115535822559 97.54768392370572 92.88299032649358
88.59115535822559 97.54768392370572 92.88299032649358
88.57461853368068 97.54381476269668 92.87223725179929
88.54166666666666 97.32178944457445 92.7529287017873
88.72755812812714 97.54381476269668 92.9557460635352
88.72755812812714 97.54381476269668 92.9557460635352
88.70295355330947 97.54381476269668 92.94774745284177
88.7193685202639 97.54961393657074 92.96106839832143
88.7193685202639 97.54961393657074 92.96106839832143
88.7193685202639 97.54961393657074 92.96106839832143
88.71116700398892 97.54961393657074 92.95840823663998
88.73573585349594 97.55730370433197 92.9769872558907
88.73573585349594 97.55730370433197 92.9769872558907
88.73573585349594 97.55730370433197 92.9769872558907
88.71116700398892 97.54575086814802 92.95308187672492
88.74390172221243 97.54768392370572 92.96638269652604
88.74390172221243 97.54768392370572 92.96638269652604
88.74390172221243 97.54768392370572 92.96638269652604
88.72755812812714 97.54381476269668 92.9557460635352
88.72755812812714 97.54381476269668 92.9557460635352
88.72755812812714 97.54381476269668 92.9557460635352
88.72755812812714 97.54381476269668 92.9557460635352
88.70295355330947 97.54381476269668 92.94774745284177
88.7193685202639 97.51020581731586 92.94303797468353
88.89041904387173 97.71381088336814 93.1293727752547
88.89041904387173 97.71381088336814 93.1293727752547
88.88232630480579 97.71381088336814 93.12677151657167
88.9065692283514 97.72099740877619 93.14493907292879
88.9065692283514 97.72099740877619 93.14493907292879
88.9065692283514 97.72099740877619 93.14493907292879
88.89041904387173 97.63869979577944 93.0967517733396
88.91462672503484 97.7174098025868 93.1423495900928
88.91462672503484 97.7174098025868 93.1423495900928
88.91462672503484 97.7174098025868 93.1423495900928
88.89041904387173 97.70839117527711 93.12156308561948
88.89850000982955 97.70839117527711 93.12416828743986
88.89850000982955 97.70839117527711 93.12416828743986
88.89850000982955 97.70839117527711 93.12416828743986
88.87422176688472 97.70839117527711 93.11634675493703
88.89041904387173 97.71381088336814 93.1293727752547
88.89041904387173 97.71381088336814 93.1293727752547
88.89041904387173 97.71381088336814 93.1293727752547
88.88232630480579 97.71381088336814 93.12677151657167
88.74497105288981 97.95031320577833 93.16164226828346
88.74497105288981 97.95031320577833 93.16164226828346
88.74497105288981 97.95031320577833 93.16164226828346
88.72860203219275 97.945454157145 93.14869401457463
88.76129259832643 97.94869607864042 93.16422604824051
88.76129259832643 97.94869607864042 93.16422604824051
88.76129259832643 97.94869607864042 93.16422604824051
88.7367924898857 97.94057201575612 93.14350097306155
88.74497105288981 97.94057201575612 93.1460984774796
88.74497105288981 97.94057201575612 93.1460984774796
88.74497105288981 97.94057201575612 93.1460984774796
88.72039965384313 97.94057201575612 93.13830005330271
88.7367924898857 97.945454157145 93.15128758658086
88.7367924898857 97.945454157145 93.15128758658086
88.7367924898857 97.945454157145 93.15128758658086
88.72860203219275 97.945454157145 93.14869401457463
88.74497105288981 98.0275923833081 93.19686874054695
88.74497105288981 98.0275923833081 93.19686874054695
88.74497105288981 98.0275923833081 93.19686874054695
88.72860203219275 97.945454157145 93.14869401457463
89.38840757040516 98.89553909748537 93.93836427475571
88.47694020666887 97.79646582925271 92.93929484632703
88.47694020666887 97.79646582925271 92.93929484632703
88.45190086527543 97.78775248477076 92.9179396527941
88.4602593947456 97.78775248477076 92.92061611374407
88.4602593947456 97.78775248477076 92.92061611374407
88.4602593947456 97.78775248477076 92.92061611374407
88.43514742785446 97.78775248477076 92.91258065505711
88.44353021843472 97.78775248477076 92.91526116733108
88.44353021843472 97.78775248477076 92.91526116733108
88.44353021843472 97.78775248477076 92.91526116733108
88.43514742785446 97.78775248477076 92.91258065505711
88.4602593947456 97.79820026804519 92.93663249291727
88.4602593947456 97.79820026804519 92.93663249291727
88.4602593947456 97.79820026804519 92.93663249291727
88.44353021843472 97.79298874104401 92.92329055247546
88.47694020666887 97.79646582925271 92.93929484632703
88.47694020666887 97.79646582925271 92.93929484632703
88.47694020666887 97.79646582925271 92.93929484632703
88.52433342468971 97.86683766164369 92.99355247427631
88.71660165055965 98.08907645836457 93.19801007247267
88.5326395273773 97.86683766164369 92.99620035953588
88.5326395273773 97.86683766164369 92.99620035953588
88.43514742785446 97.78775248477076 92.91258065505711
88.44353021843472 97.78775248477076 92.91526116733108
88.44353021843472 97.78775248477076 92.91526116733108
88.44353021843472 97.78775248477076 92.91526116733108
88.43514742785446 97.78775248477076 92.91258065505711
88.4602593947456 97.87523951458378 92.97168897633782
88.4602593947456 97.87523951458378 92.97168897633782
88.4602593947456 97.87523951458378 92.97168897633782
88.44353021843472 97.94754602537269 92.99355247427631
88.47694020666887 97.9507847151143 93.00940982169254
88.47694020666887 97.9507847151143 93.00940982169254
88.47694020666887 97.9507847151143 93.00940982169254
88.4602593947456 97.94429708222812 92.99355247427631
88.46860583313784 97.94429708222812 92.99620035953588
88.46860583313784 97.94429708222812 92.99620035953588
88.45190086527543 97.94266875040141 92.98825069278988
88.43514742785446 97.94266875040141 92.98294088150718
88.24127281967084 97.52717970581966 92.68598580634637
88.58583678354886 97.94266875040141 93.06366074902226
88.57754388720889 97.94266875040141 93.06103219066543
88.57754388720889 97.94266875040141 93.06103219066543
88.60238650390893 97.95240023011527 93.08461774012453
88.60238650390893 97.95240023011527 93.08461774012453
88.58583678354886 97.94754602537269 93.0715344889298
88.58583678354886 97.94754602537269 93.0715344889298
88.61064338019344 97.9507847151143 93.08461774012453
88.61064338019344 97.9507847151143 93.08461774012453
88.59411764705882 98.021879214746 93.10415408705263
88.59411764705882 98.021879214746 93.10415408705263
88.61064338019344 98.021879214746 93.10937260315998
88.61064338019344 98.021879214746 93.10937260315998
88.57754388720889 98.02031109397095 93.09631147540983
88.57754388720889 98.02031109397095 93.09631147540983
88.58583678354886 98.02031109397095 93.09892766062046
88.58583678354886 98.02031109397095 93.09892766062046
88.57754388720889 98.02031109397095 93.09631147540983
88.51393673661134 97.61545811657288 92.88267826405794
88.33756593084587 97.58644844934089 92.77306991932777
88.70667163622811 98.02968270214943 93.17687206890562
88.69025401253364 98.02500801538955 93.16395053640161
88.69846878680801 97.94916664888282 93.13387662450536
88.71486258674089 97.9507847151143 93.14166070881423
88.71486258674089 97.9507847151143 93.14166070881423
88.69846878680801 97.94429708222812 93.1260748505446
88.70667163622811 97.94429708222812 93.12867741110257
88.71486258674089 97.94429708222812 93.13127800167754
88.71486258674089 97.94429708222812 93.13127800167754
88.68202728738254 97.94266875040141 93.11825532656262
88.69025401253364 97.94266875040141 93.12086381051898
88.69025401253364 97.94266875040141 93.12086381051898
88.69025401253364 97.94266875040141 93.12086381051898
88.68202728738254 97.94266875040141 93.11825532656262
88.70667163622811 97.95240023011527 93.14166070881423
88.70667163622811 97.95240023011527 93.14166070881423
88.70667163622811 97.95240023011527 93.14166070881423
88.69025401253364 97.87020636377217 93.09343098545448
88.71486258674089 97.87356444292928 93.10647595127978
88.55342712348602 97.71948858680622 92.94799926615977
88.55342712348602 97.71948858680622 92.94799926615977
88.53682911057551 97.63519276697373 92.89689468900939
88.55342712348602 97.63519276697373 92.90225809413998
88.55342712348602 97.63519276697373 92.90225809413998
88.55342712348602 97.63519276697373 92.90225809413998
88.52018289212896 97.71047798043655 92.9239831869177
88.52851204016001 97.71047798043655 92.92665971498089
88.52851204016001 97.71047798043655 92.92665971498089
88.52851204016001 97.71047798043655 92.92665971498089
88.52018289212896 97.71047798043655 92.9239831869177
88.545134129626 97.87523951458378 93.01815585475316
88.545134129626 97.87523951458378 93.01815585475316
88.545134129626 97.87523951458378 93.01815585475316
88.52851204016001 97.87020636377217 93.00495631291196
88.545134129626 97.87356444292928 93.01551993306327
88.545134129626 97.87356444292928 93.01551993306327
88.545134129626 97.87356444292928 93.01551993306327
88.52851204016001 97.86683766164369 92.9996625111218
88.55342712348602 97.86683766164369 93.00760021247906
88.55342712348602 97.86683766164369 93.00760021247906
88.56729094502828 97.13600780703057 92.6819088725111
88.53408176483288 97.13375796178345 92.66810129422444
88.54240213383542 97.13375796178345 92.67086697659245
88.54240213383542 97.13375796178345 92.67086697659245
88.54240213383542 97.13375796178345 92.67086697659245
88.53408176483288 97.13375796178345 92.66810129422444
88.55900669774 97.14720426017497 92.69291754756871
88.55900669774 97.14720426017497 92.69291754756871
88.55900669774 97.14720426017497 92.69291754756871
88.54240213383542 97.14049691809112 92.67915151885458
88.55900669774 97.14497197842867 92.69016848505801
88.55900669774 97.14497197842867 92.69016848505801
88.55900669774 97.14497197842867 92.69016848505801
88.54240213383542 97.13600780703057 92.67363057324842
88.56729094502828 97.13600780703057 92.6819088725111
88.56729094502828 97.13600780703057 92.6819088725111
88.56729094502828 97.13600780703057 92.6819088725111
88.53408176483288 97.13375796178345 92.66810129422444
88.54240213383542 97.05751320618621 92.63592356687897
88.54240213383542 97.05751320618621 92.63592356687897
88.54240213383542 97.05751320618621 92.63592356687897
88.53408176483288 97.05751320618621 92.63314574667645
88.55071043606075 97.14049691809112 92.6819088725111
88.55071043606075 97.14049691809112 92.6819088725111
88.55071043606075 97.14049691809112 92.6819088725111
88.53408176483288 97.13375796178345 92.66810129422444
88.55900669774 97.14497197842867 92.69016848505801
88.55900669774 97.14497197842867 92.69016848505801
88.55900669774 97.14497197842867 92.69016848505801
88.54240213383542 97.13600780703057 92.67363057324842
88.56729094502828 97.13600780703057 92.6819088725111
88.56729094502828 97.13600780703057 92.6819088725111
88.56729094502828 97.13600780703057 92.6819088725111
88.53408176483288 97.2101226016191 92.70308323300753
88.54240213383542 97.2101226016191 92.70583675842164
88.54240213383542 97.2101226016191 92.70583675842164
88.54240213383542 97.2101226016191 92.70583675842164
88.53408176483288 97.2101226016191 92.70308323300753
88.55071043606075 97.29299700871927 92.75177767364153
88.55071043606075 97.29299700871927 92.75177767364153
88.55071043606075 97.29299700871927 92.75177767364153
88.53408176483288 97.28660740866755 92.73809159292487
88.55900669774 97.29724004998836 92.7599645884424
88.55900669774 97.29724004998836 92.7599645884424
88.55900669774 97.29724004998836 92.7599645884424
88.54240213383542 97.2887406242696 92.74357222261884
88.56729094502828 97.2887406242696 92.75177767364153
88.56729094502828 97.2887406242696 92.75177767364153
88.56729094502828 97.2887406242696 92.75177767364153
88.53408176483288 97.2101226016191 92.70308323300753
88.54240213383542 97.2101226016191 92.70583675842164
88.54240213383542 97.2101226016191 92.70583675842164
88.54240213383542 97.2101226016191 92.70583675842164
88.53408176483288 97.2101226016191 92.70308323300753
88.55071043606075 97.29299700871927 92.75177767364153
88.55071043606075 97.29299700871927 92.75177767364153
88.55071043606075 97.29299700871927 92.75177767364153
88.53408176483288 97.2101226016191 92.70308323300753
88.55900669774 97.22104639349813 92.72505340250228
88.97371320635921 97.91111584780987 93.26676147699486
87.91336975329043 97.02391010476512 92.28292890333161
87.89595623308607 97.01457750656836 92.26554652543146
87.92205773788709 97.01457750656836 92.27424749163879
87.92205773788709 97.01457750656836 92.27424749163879
87.91336975329043 97.01223520430882 92.26844902430119
87.88723064333865 97.088408811171 92.2944092312693
87.89595623308607 97.088408811171 92.2973041579936
87.89595623308607 97.088408811171 92.2973041579936
87.88723064333865 97.088408811171 92.2944092312693
87.88723064333865 97.088408811171 92.2944092312693
87.90466926070039 97.17137045512332 92.3435027790174
87.90466926070039 97.17137045512332 92.3435027790174
87.88723064333865 97.088408811171 92.2944092312693
87.88723064333865 97.088408811171 92.2944092312693
87.84143709780898 97.0975248572033 92.27714346500248
87.84143709780898 97.0975248572033 92.27714346500248
87.82391994237096 97.16470213443772 92.2944092312693
87.82391994237096 97.16470213443772 92.2944092312693
87.92205773788709 97.16692839862485 92.3435027790174
87.92205773788709 97.12776563925244 92.32571109871724
88.08459120110913 97.36321266679435 92.5274949083503
88.01240902971533 97.27626459143968 92.44841479793251
88.02105673620588 97.27626459143968 92.45125659828521
88.02105673620588 97.27626459143968 92.45125659828521
88.084599925858 97.27626459143968 92.48606080338611
88.084599925858 97.27626459143968 92.48606080338611
88.10177879088978 97.2826778668703 92.50017772090709
88.10177879088978 97.2826778668703 92.50017772090709
88.01240902971533 97.19979603977225 92.41362475971563
88.01240902971533 97.19979603977225 92.41362475971563
88.02969197498392 97.28480891922253 92.46543357765009
88.02969197498392 97.28480891922253 92.46543357765009
88.01240902971533 97.19979603977225 92.41362475971563
88.02969197498392 97.20199554187452 92.42217977893368
88.04692515709812 97.20199554187452 92.42787241386311
88.04692515709812 97.20199554187452 92.42787241386311
88.01240902971533 97.19979603977225 92.41362475971563
88.02105673620588 97.19979603977225 92.41647857825495
88.02105673620588 97.19979603977225 92.41647857825495
87.97988852944616 96.98138805274091 92.29449273007879
88.52677608486775 97.35906875784724 92.76544066620403
88.7432294528613 97.60359248302723 92.996947203986
88.7432294528613 97.60359248302723 92.996947203986
88.7432294528613 97.60359248302723 92.996947203986
88.71865473497887 97.67501441106769 93.01625650055281
88.73504978495257 97.68233766786558 93.0320920066186
88.73504978495257 97.68233766786558 93.0320920066186
88.73504978495257 97.68233766786558 93.0320920066186
88.71865473497887 97.67501441106769 93.01625650055281
88.75139725060302 97.59981241873254 92.99430065573101
88.75139725060302 97.59981241873254 92.99430065573101
88.75139725060302 97.59981241873254 92.99430065573101
88.71865473497887 97.59791791108456 92.98103785266217
88.72685822098188 97.59791791108456 92.98369442910042
88.72685822098188 97.59791791108456 92.98369442910042
88.72685822098188 97.59791791108456 92.98369442910042
88.72685822098188 97.59791791108456 92.98369442910042
88.7432294528613 97.60359248302723 92.996947203986
88.7432294528613 97.60359248302723 92.996947203986
88.36518544573416 96.98437202613826 92.5076934014483
88.86196639284518 97.59791791108456 93.05912596401028
88.8781792788717 97.60547805375978 93.07487150141527
88.8781792788717 97.60547805375978 93.07487150141527
88.8781792788717 97.60547805375978 93.07487150141527
88.86196639284518 97.59791791108456 93.05912596401028
88.89434503348981 97.59981241873254 93.0722522080471
88.89434503348981 97.59981241873254 93.0722522080471
88.89434503348981 97.59981241873254 93.0722522080471
88.86196639284518 97.59791791108456 93.05912596401028
88.87007874015748 97.59791791108456 93.06175519063025
88.87007874015748 97.59791791108456 93.06175519063025
88.87007874015748 97.59791791108456 93.06175519063025
88.87007874015748 97.59791791108456 93.06175519063025
88.88626803475252 97.60359248302723 93.07487150141527
88.88626803475252 97.60359248302723 93.07487150141527
88.88626803475252 97.60359248302723 93.07487150141527
88.86196639284518 97.52094302219001 93.02387485155002
88.8781792788717 97.52873929580757 93.03969437577886
89.35627410264017 97.87397377119096 93.45782885286272
89.41285892387153 98.09570625574388 93.59034956125029
88.85846547818379 97.41296710316193 92.97247518673898
88.89085302378568 97.41500361686737 92.98575294898637
88.89085302378568 97.41500361686737 92.98575294898637
88.89085302378568 97.41500361686737 92.98575294898637
88.85846547818379 97.41296710316193 92.97247518673898
88.86658005590331 97.41296710316193 92.97513475917232
88.86658005590331 97.41296710316193 92.97513475917232
88.86658005590331 97.41296710316193 92.97513475917232
88.86658005590331 97.41296710316193 92.97513475917232
88.88277380297194 97.41906704053021 92.98840248284874
88.88277380297194 97.41906704053021 92.98840248284874
88.88277380297194 97.41906704053021 92.98840248284874
88.86658005590331 97.3362835624016 92.9399615557646
88.88277380297194 97.34464475079534 92.95595046212229
88.88277380297194 97.34464475079534 92.95595046212229
88.88277380297194 97.34464475079534 92.95595046212229
88.85846547818379 97.3362835624016 92.93728967852138
88.89085302378568 97.33837879206617 92.95062887945116
88.89085302378568 97.33837879206617 92.95062887945116
88.73747573576989 97.33837879206617 92.8671970624235
88.70469785460051 97.3362835624016 92.85371212508304
88.71291019846727 97.3362835624016 92.85641319004617
88.71291019846727 97.3362835624016 92.85641319004617
88.71291019846727 97.3362835624016 92.85641319004617
88.71291019846727 97.3362835624016 92.85641319004617
88.72929911309944 97.34255937851547 92.86988794518592
88.72929911309944 97.34255937851547 92.86988794518592
88.72929911309944 97.34255937851547 92.86988794518592
88.71291019846727 97.2597206573269 92.82132973889247
88.72929911309944 97.26831542585882 92.8375666065552
88.72929911309944 97.26831542585882 92.8375666065552
88.72929911309944 97.26831542585882 92.8375666065552
88.70469785460051 97.2597206573269 92.81861643443796
88.73747573576989 97.26187441583822 92.83216248457845
88.73747573576989 97.26187441583822 92.83216248457845
88.73747573576989 97.26187441583822 92.83216248457845
88.70469785460051 97.2597206573269 92.81861643443796
88.71291019846727 97.2597206573269 92.82132973889247
88.71291019846727 97.2597206573269 92.82132973889247
88.71291019846727 97.29902169289663 92.83934225308957
88.67805932036927 96.9176993962504 92.64536513275239
88.87054615490439 97.13226728793816 92.85000713572143
88.87054615490439 97.13226728793816 92.85000713572143
88.87054615490439 97.13226728793816 92.85000713572143
88.85433683008915 97.12550951086956 92.83649770714818
88.87054615490439 97.21063221433866 92.88772452037757
88.87054615490439 97.21063221433866 92.88772452037757
88.87054615490439 97.21063221433866 92.88772452037757
88.84621444890884 97.20186117662057 92.86889686116989
88.87863315003928 97.28047251790002 92.91742782205803
88.87863315003928 97.28047251790002 92.91742782205803
88.87863315003928 97.28047251790002 92.91742782205803
88.84621444890884 97.2783329789496 92.90403059242142
88.85433683008915 97.2783329789496 92.9067140915177
88.85433683008915 97.2783329789496 92.9067140915177
88.85433683008915 97.2783329789496 92.9067140915177
88.85433683008915 97.2783329789496 92.9067140915177
88.87054615490439 97.28474152012049 92.9201011997062
88.87054615490439 97.28474152012049 92.9201011997062
88.85433683008915 97.2783329789496 92.9067140915177
88.85433683008915 97.2783329789496 92.9067140915177
88.87054615490439 97.28687099919455 92.92277255993719
88.87054615490439 97.28687099919455 92.92277255993719
88.86244739015852 97.28047251790002 92.9120750053619
88.84621444890884 97.2783329789496 92.90403059242142
88.87863315003928 97.28047251790002 92.91742782205803
88.87863315003928 97.28047251790002 92.91742782205803
88.84621444890884 97.2783329789496 92.90403059242142
88.84621444890884 97.2783329789496 92.90403059242142
88.85433683008915 97.2783329789496 92.9067140915177
88.85433683008915 97.2783329789496 92.9067140915177
88.85433683008915 97.2783329789496 92.9067140915177
88.85433683008915 97.2783329789496 92.9067140915177
88.87054615490439 97.28474152012049 92.9201011997062
88.87054615490439 97.28474152012049 92.9201011997062
88.85433683008915 97.2783329789496 92.9067140915177
88.85433683008915 97.2783329789496 92.9067140915177
88.87054615490439 97.3632294605545 92.95784705786339
88.87054615490439 97.3632294605545 92.95784705786339
88.84621444890884 97.2783329789496 92.90403059242142
88.84621444890884 97.2783329789496 92.90403059242142
88.87863315003928 97.28047251790002 92.91742782205803
88.87863315003928 97.28047251790002 92.91742782205803
88.85433683008915 97.2783329789496 92.9067140915177
88.86244739015852 97.2783329789496 92.90939556173117
88.86244739015852 97.2783329789496 92.90939556173117
88.86244739015852 97.2783329789496 92.90939556173117
88.85433683008915 97.2783329789496 92.9067140915177
88.86244739015852 97.36115828804348 92.95252679938744
88.87054615490439 97.36115828804348 92.95518793309316
88.87054615490439 97.36115828804348 92.95518793309316
88.85433683008915 97.2783329789496 92.9067140915177
88.87054615490439 97.28687099919455 92.92277255993719
88.87054615490439 97.28687099919455 92.92277255993719
88.87054615490439 97.28687099919455 92.92277255993719
88.84621444890884 97.20186117662057 92.86889686116989
88.87863315003928 97.20405910326086 92.882355341549
88.87863315003928 97.20405910326086 92.882355341549
88.87863315003928 97.20405910326086 92.882355341549
88.2930454509896 96.54139146215367 92.26357832340312
89.13502734506112 97.23078230931078 93.03699003091032
89.13502734506112 97.23078230931078 93.03699003091032
89.13502734506112 97.23078230931078 93.03699003091032
89.12708448589267 97.23078230931078 93.03435212204987
89.21595706901314 97.16107709582424 93.05014966236578
89.21595706901314 97.16107709582424 93.05014966236578
89.21595706901314 97.16107709582424 93.05014966236578
89.20018967833715 97.0781080909033 93.00177002015572
89.21595706901314 97.08725542041248 93.017629464787
89.21595706901314 97.08725542041248 93.017629464787
89.21595706901314 97.08725542041248 93.017629464787
89.20018967833715 97.08040030531761 93.00441826215022
89.23167848699764 97.08268892608207 93.017629464787
89.23167848699764 97.08268892608207 93.017629464787
89.23167848699764 97.08268892608207 93.017629464787
89.20018967833715 97.0781080909033 93.00177002015572
89.20018967833715 97.0781080909033 93.00177002015572
89.20018967833715 97.0781080909033 93.00177002015572
89.20018967833715 97.0781080909033 93.00177002015572
89.93022328548645 98.005612561856 93.82596214413317
89.6421845574388 97.8075881336774 93.57881110403353
89.24941283281032 97.34669185540533 93.1538791957291
89.41176470588236 97.53716582658075 93.32950796155501
89.33080058569789 97.30109104829963 93.17527189232962
89.34640006322611 97.23328531480384 93.15551647992149
89.34640006322611 97.23328531480384 93.15551647992149
89.34640006322611 97.23328531480384 93.15551647992149
89.39624957921626 97.45647269166915 93.28395720279433
89.42723449623881 97.45847423382037 93.29667854363764
89.42723449623881 97.45847423382037 93.29667854363764
89.42723449623881 97.45847423382037 93.29667854363764
89.39624957921626 97.4544679944616 93.2814071383125
89.39624957921626 97.4544679944616 93.2814071383125
89.39624957921626 97.4544679944616 93.2814071383125
89.39624957921626 97.4544679944616 93.2814071383125
89.38847495244134 97.4544679944616 93.27885513658902
89.41176470588236 97.53716582658075 93.32950796155501
89.41176470588236 97.53716582658075 93.32950796155501
89.41176470588236 97.53716582658075 93.32950796155501
89.35097294731847 97.12609598034648 93.10842042828217
89.5291790306627 97.36324198497513 93.31731506569194
89.5291790306627 97.36324198497513 93.31731506569194
89.5291790306627 97.36324198497513 93.31731506569194
89.50613612482404 97.27427236031443 93.25908377688214
89.53683752742799 97.27641327191287 93.27184883411468
89.53683752742799 97.27641327191287 93.27184883411468
89.70707650868471 97.87479442106837 93.63991367793649
89.67681703513894 97.87143009947587 93.6253707976269
89.67681703513894 97.87143009947587 93.6253707976269
89.67681703513894 97.87143009947587 93.6253707976269
89.67681703513894 97.87143009947587 93.6253707976269
89.66922434699637 97.87143009947587 93.62294051581127
89.6919689787175 97.87647259689261 93.63749447431455
89.6919689787175 97.87647259689261 93.63749447431455
89.6919689787175 97.87647259689261 93.63749447431455
89.68439857086146 97.87647259689261 93.63507342959397
89.69952828318864 97.88315888009531 93.64957212337622
89.69952828318864 97.88315888009531 93.64957212337622
89.69952828318864 97.88315888009531 93.64957212337622
89.86603499412783 97.94010695187166 93.76101951807975
89.70707650868471 97.72034205531742 93.56875872833321
89.70707650868471 97.72034205531742 93.56875872833321
89.70707650868471 97.72034205531742 93.56875872833321
89.67681703513894 97.79402334231115 93.58970398970399
89.67681703513894 97.79402334231115 93.58970398970399
89.67681703513894 97.79402334231115 93.58970398970399
89.67681703513894 97.79402334231115 93.58970398970399
89.66922434699637 97.79402334231115 93.58726104152933
89.61858103417498 97.87647259689261 93.59945719778355
89.61858103417498 97.87647259689261 93.59945719778355
89.61858103417498 97.87647259689261 93.59945719778355
89.61095672886066 97.95382216621456 93.63265054167223
89.69952828318864 97.96026997679222 93.68513975426242
89.69952828318864 97.96026997679222 93.68513975426242
89.69952828318864 97.96026997679222 93.68513975426242
89.67681703513894 97.79576667592217 93.5921450772936
89.70707650868471 97.79750725627454 93.60432268071949
89.70707650868471 97.79750725627454 93.60432268071949
89.68439857086146 97.79402334231115 93.5921450772936
89.84847279669106 97.94686248902781 93.75135313463304
89.84847279669106 97.94686248902781 93.75135313463304
89.84847279669106 97.94686248902781 93.75135313463304
89.84847279669106 97.94686248902781 93.75135313463304
89.83351256621658 97.94686248902781 93.74658233855742
89.84847279669106 97.95173002990175 93.75849569551427
89.84847279669106 97.95173002990175 93.75849569551427
89.92357600605023 98.03967677113172 93.83966853562006
89.91615049094783 98.03967677113172 93.83731840349738
89.93839427662958 98.0458594382645 93.85373177302922
89.93839427662958 98.0458594382645 93.85373177302922
89.93099059324226 98.04122610274484 93.84436342664114
89.91615049094783 97.95896536231574 93.79680247550284
89.94578708024703 97.9605797597161 93.80861687342359
89.94578708024703 97.9605797597161 93.80861687342359
89.93839427662958 97.95896536231574 93.80389651868413
89.92357600605023 97.9573484069887 93.79680247550284
89.92357600605023 97.9573484069887 93.79680247550284
89.92357600605023 97.9573484069887 93.79680247550284
89.91615049094783 97.9573484069887 93.7944341832365
89.90871402375828 97.9573484069887 93.79206408191916
89.92357600605023 97.96219160525472 93.80389651868413
89.92357600605023 97.96219160525472 93.80389651868413
89.91615049094783 97.96219160525472 93.80153364116094
90.08840021551295 98.56857308659488 94.17425496688742
90.11030582988214 98.57311194429566 94.18982652039752
90.11030582988214 98.57311194429566 94.18982652039752
90.08840021551295 98.56629281208964 94.1697906095313
90.08840021551295 98.56629281208964 94.1697906095313
90.11758620003582 98.48904936918349 94.14493532256066
90.11758620003582 98.48904936918349 94.14493532256066
90.09571286141576 98.40825984082599 94.09768211920529
90.09571286141576 98.40825984082599 94.09768211920529
90.09571286141576 98.40825984082599 94.09768211920529
90.09571286141576 98.40825984082599 94.09768211920529
90.08107676331976 98.40825984082599 94.09315908290704
90.08840021551295 98.49024997852418 94.13821281173391
90.43835068054443 98.81493611428324 94.47551649355096
89.60613993336506 97.9161773811303 93.61100543897348
89.598507551551 97.9161773811303 93.60857401464659
89.44294876870694 97.80652298789438 93.4771685517694
89.86160474951849 98.38551022153793 93.96872136481103
89.86160474951849 98.38551022153793 93.96872136481103
89.83921037968639 98.29966293823396 93.9120736127893
89.86160474951849 98.37909787672557 93.95721152854284
89.86904761904762 98.37909787672557 93.95951700883697
89.86904761904762 98.37909787672557 93.95951700883697
89.85415093589795 98.37651865390818 93.95028451632226
90.40203114691829 99.02597402597402 94.54588915101692
90.49791866794749 99.13970572301558 94.65015866410029
90.49791866794749 99.13970572301558 94.65015866410029
90.47676354373509 99.21925829538061 94.68046307584899
90.49087741082694 99.22113325111962 94.69069806140278
90.49087741082694 99.22113325111962 94.69069806140278
90.49087741082694 99.22113325111962 94.69069806140278
90.48382571050627 99.22113325111962 94.68865421630339
90.5049495050495 99.22361922836377 94.70292817564903
90.5049495050495 99.22361922836377 94.70292817564903
90.5049495050495 99.22361922836377 94.70292817564903
90.48382571050627 99.2198842828353 94.68456180173051
90.56290396814279 98.99116458922902 94.61896451425247
90.77725403670644 98.58864027538726 94.54922925208906
90.77725403670644 98.58864027538726 94.54922925208906
90.76354432413973 98.58638969098823 94.5408423175689
90.83786987003073 98.58638969098823 94.57930905423811
90.83786987003073 98.58638969098823 94.57930905423811
91.34246353977295 99.38090583251874 95.21880658565432
91.32300840166009 99.38090583251874 95.21324531069895
91.33598819462694 99.46214404996854 95.2593693109293
91.33598819462694 99.46214404996854 95.2593693109293
91.33598819462694 99.46214404996854 95.2593693109293
91.32950315585046 99.46214404996854 95.25753341497366
91.27424661405243 99.46343574210299 95.22989045873668
91.27424661405243 99.46343574210299 95.22989045873668
91.27424661405243 99.46343574210299 95.22989045873668
91.26119387899493 99.46214404996854 95.22065747347716
91.35538523598225 99.54275560178564 95.3053506884232
91.35538523598225 99.54275560178564 95.3053506884232
91.35538523598225 99.54275560178564 95.3053506884232
89.94326664676022 98.46544562339926 94.04124180438065
89.7756601151479 98.25819892184447 93.8533596063179
89.9506683640993 98.46544562339926 94.04352095932185
91.07570844494572 99.45435968783288 95.10830928783507
90.40604457271124 98.80996090797176 94.45408900485462
90.32445075265379 98.7000968470892 94.3609568029185
90.32445075265379 98.7000968470892 94.3609568029185
90.32445075265379 98.7000968470892 94.3609568029185
90.31728884087545 98.7000968470892 94.35879358430705
90.33160207750699 98.70319477842666 94.3695931122977
90.33160207750699 98.70319477842666 94.3695931122977
90.33160207750699 98.70319477842666 94.3695931122977
90.31728884087545 98.7000968470892 94.35879358430705
90.34587306019867 98.70216377661745 94.37174805788587
90.51920540389304 99.52334524970209 94.84266006881997
90.51920540389304 99.52334524970209 94.84266006881997
90.17482936175308 99.13540921796789 94.47405329593268
90.18207925333546 99.13540921796789 94.47617662941884
90.18207925333546 99.13540921796789 94.47617662941884
90.35506623773652 99.39969654990435 95.23575227168041
90.33362704261455 99.39969654990435 95.2302097198495
90.60156406657309 98.90887448750165 95.6014532319711
89.6577041373152 99.87337073990787 94.64541882367617
89.6577041373152 99.87337073990787 94.64541882367617
89.65010524643552 99.87337073990787 94.64335853412507
89.6652918781726 99.87367687415602 94.65364415751563
89.6652918781726 99.87367687415602 94.65364415751563
89.6652918781726 99.87367687415602 94.65364415751563
89.65010524643552 99.87337073990787 94.64335853412507
89.68043400784065 99.87357499400571 94.65569654399634
89.68043400784065 99.87357499400571 94.65569654399634
89.68043400784065 99.87357499400571 94.65569654399634
89.6577041373152 99.87306311827015 94.63923319491711
89.6652918781726 99.87306311827015 94.6412966584828
89.88451370530125 99.60280014922425 94.88412357370825
90.29552715654951 99.09572121746803 95.33955145671766
90.27396986131401 99.09572121746803 95.33412374487195
90.28116626004879 99.09572121746803 95.33593438634027
90.28116626004879 99.09572121746803 95.33593438634027
90.28116626004879 99.09572121746803 95.33593438634027
90.27396986131401 99.09572121746803 95.33412374487195
90.12995296181137 99.26153171907526 95.18615550012002
90.12995296181137 99.26153171907526 95.18615550012002
90.12995296181137 99.26153171907526 95.18615550012002
90.11537386722026 99.17778706003914 95.21368415546372
90.14448911356128 99.17912249511643 95.22477480768629
90.14448911356128 99.17912249511643 95.22477480768629
90.14448911356128 99.17912249511643 95.22477480768629
90.1964695322629 99.09423483779972 95.28745380113286
90.20369927449573 99.09423483779972 95.289278687152
90.20369927449573 99.09423483779972 95.289278687152
90.20369927449573 99.09423483779972 95.289278687152
88.76928526448363 99.37011294526499 93.81143140332038
88.77745659056497 99.37011294526499 93.81379459816499
88.77745659056497 99.37011294526499 93.81379459816499
88.77745659056497 99.37011294526499 93.81379459816499
88.76928526448363 99.37011294526499 93.81143140332038
88.79376362243995 99.45267712276906 93.86837121212122
88.79376362243995 99.45267712276906 93.86837121212122
88.79376362243995 99.45267712276906 93.86837121212122
88.77745659056497 99.37162791705488 93.82087336604677
88.6188883019311 98.65340835874747 93.40554708056474
89.55276997904227 99.15598152225532 94.14678444646248
90.13731343283582 99.86303752337058 94.78846313689635
90.12276785714286 99.782073354109 94.73991026722047
90.13004600402286 99.782073354109 94.74193548387096
90.13004600402286 99.782073354109 94.74193548387096
90.11547896846766 99.78189749182116 94.73585515006928
90.42416710099026 99.82702371307832 95.08670217775777
90.43126414678605 99.82702371307832 95.08860388727327
90.43126414678605 99.82702371307832 95.08860388727327
90.42416710099026 99.82702371307832 95.08670217775777
90.42416710099026 99.82702371307832 95.08670217775777
90.44542672560354 99.7470341939986 95.14047551980637
90.44542672560354 99.7470341939986 95.14047551980637
90.43126414678605 99.82744309990827 95.09430019330235
90.43126414678605 99.82744309990827 95.09430019330235
90.45249230523244 99.82772156315423 95.10376473042027
90.45249230523244 99.82772156315423 95.10376473042027
90.43835068054443 99.90818668706962 95.0556397262421
90.43835068054443 99.90818668706962 95.0556397262421
90.22168175112635 99.23708792995079 94.54418957227858
90.43261065041463 99.65611056698226 94.85050526096468
90.0199560965875 99.26877427474125 94.45408900485462
90.0199560965875 99.26877427474125 94.45408900485462
90.02731968014038 99.26877427474125 94.45622129392937
90.02731968014038 99.26877427474125 94.45622129392937
90.0199560965875 99.26877427474125 94.45408900485462
90.02731968014038 99.19108900183844 94.42634516818494
90.0420142968081 99.1930263668925 94.43702299957543
90.0420142968081 99.1930263668925 94.43702299957543
90.02731968014038 99.19108900183844 94.42634516818494
90.03467240554758 99.1917358229599 94.4306212158912
90.0493453778503 99.19238161048608 94.43702299957543
90.0493453778503 99.19238161048608 94.43702299957543
90.03467240554758 99.18979224886809 94.42420468109398
90.0420142968081 99.18979224886809 94.42634516818494
90.0493453778503 99.18979224886809 94.42848401248717
90.0493453778503 99.18979224886809 94.42848401248717
90.0199560965875 99.18914231202845 94.41777334414031
90.61458793304162 99.81019700242162 95.02399146969967
90.95231379817474 99.78533251555244 95.3929624615643
90.95231379817474 99.78533251555244 95.3929624615643
90.94556451612902 99.78533251555244 95.39117288875825
90.96578222123875 99.78637136504338 95.40722916775644
90.96578222123875 99.78637136504338 95.40722916775644
90.96578222123875 99.78637136504338 95.40722916775644
90.95231379817474 99.78585320018355 95.39832285115304
90.97250140709174 99.78619892226803 95.40722916775644
90.97250140709174 99.78619892226803 95.40722916775644
90.7408521303258 99.93690714472196 95.15437348052464
90.0867311334862 99.35768070655122 94.5291880546146
90.101335881662 99.35768070655122 94.53339147769748
90.101335881662 99.35768070655122 94.53339147769748
90.101335881662 99.35768070655122 94.53339147769748
90.07208322517522 99.35716457455588 94.52287078552331
90.07941258629634 99.35716457455588 94.52497816230606
90.07941258629634 99.35716457455588 94.52497816230606
90.07941258629634 99.35716457455588 94.52497816230606
90.07208322517522 99.35716457455588 94.52287078552331
90.09403889065986 99.43976985139841 94.57805710255852
89.90059642147116 99.32160912586959 94.41844573747748
89.51973710258542 98.9049288956778 94.02031032527451
90.51285135731185 99.9585532917412 95.07939824488089
90.52690582959642 99.95862008885791 95.0869946175992
90.52690582959642 99.95862008885791 95.0869946175992
90.52690582959642 99.95862008885791 95.0869946175992
90.51285135731185 99.95848627862262 95.07559124270747
90.53391746184161 99.95848627862262 95.08129953945925
90.53391746184161 99.95848627862262 95.08129953945925
90.53391746184161 99.95848627862262 95.08129953945925
90.50580847093758 99.95845269073494 95.071778345122
90.51285135731185 99.95845269073494 95.07368553169681
90.51285135731185 99.95845269073494 95.07368553169681
90.51285135731185 99.95845269073494 95.07368553169681
90.50580847093758 99.95845269073494 95.071778345122
90.52690582959642 99.96086105675147 95.05221904900878
90.52690582959642 99.96086105675147 95.05221904900878
90.52690582959642 99.96086105675147 95.05221904900878
90.51285135731185 99.9585532917412 95.07939824488089
90.52690582959642 99.95862008885791 95.0869946175992
89.58535570655943 98.80406960486977 94.0083326458213
89.88630038960007 99.41995108542734 94.45348198650932
89.87140183939165 99.41808706980784 94.4406941602883
89.89373324063959 99.41808706980784 94.44709543568464
89.89373324063959 99.41808706980784 94.44709543568464
89.89373324063959 99.41808706980784 94.44709543568464
89.86393609179831 99.4176191924899 94.43641843787351
89.87140183939165 99.4176191924899 94.438557120891
89.87140183939165 99.4176191924899 94.438557120891
89.87140183939165 99.4176191924899 94.438557120891
89.86393609179831 99.4176191924899 94.43641843787351
89.87885659724294 99.41902057274166 94.44709543568464
89.87885659724294 99.41902057274166 94.44709543568464
89.87885659724294 99.41902057274166 94.44709543568464
89.86393609179831 99.4176191924899 94.43641843787351
89.88630038960007 99.57944026534284 94.52595995313003
89.88630038960007 99.57944026534284 94.52595995313003
89.88630038960007 99.57944026534284 94.52595995313003
89.87140183939165 99.65827964478495 94.54968911809354
89.72264625998692 98.8322396822656 94.08694933294754
89.72264625998692 98.8322396822656 94.08694933294754
89.72264625998692 98.8322396822656 94.08694933294754
89.69240252122562 98.83130630144088 94.0756232916425
89.69998013113451 98.83130630144088 94.07789196965463
89.69998013113451 98.83130630144088 94.07789196965463
89.69998013113451 98.83130630144088 94.07789196965463
89.69240252122562 98.83130630144088 94.0756232916425
89.70754660789802 98.834101978363 94.08694933294754
89.70754660789802 98.834101978363 94.08694933294754
89.27153102957737 98.31289658720631 93.61100543897348
88.64194619662402 97.60208217775312 92.94109223325798
88.57461853368068 97.42518399117691 92.82702999938901
88.57461853368068 97.42518399117691 92.82702999938901
88.57461853368068 97.42518399117691 92.82702999938901
88.55803370015104 97.41707623242058 92.81077770973668
88.58289293403797 97.41707623242058 92.81891305012692
88.58289293403797 97.41707623242058 92.81891305012692
88.58289293403797 97.41707623242058 92.81891305012692
88.54972321463626 97.4150413082361 92.80534390129309
88.55803370015104 97.4150413082361 92.8080618318818
88.72860203219275 97.61874279861733 92.99415838849274
88.55803370015104 97.4150413082361 92.8080618318818
88.54972321463626 97.09459029266326 92.65865124769276
88.56633213109613 97.02540884761038 92.63758737523274
88.56633213109613 97.02540884761038 92.63758737523274
88.56633213109613 97.02540884761038 92.63758737523274
88.54972321463626 96.94234314411035 92.5887807611963
88.57461853368068 97.03005851164951 92.64589304225868
88.57461853368068 97.03005851164951 92.64589304225868
88.57461853368068 97.03005851164951 92.64589304225868
88.55803370015104 96.94473851365657 92.59436507855695
88.58289293403797 96.94473851365657 92.6027257933279
88.58289293403797 96.94473851365657 92.6027257933279
88.58289293403797 96.94473851365657 92.6027257933279
88.54972321463626 97.01840698956654 92.62370282778446
88.55803370015104 97.01840698956654 92.62648392520506
88.55803370015104 97.01840698956654 92.62648392520506
88.54972321463626 97.01840698956654 92.62370282778446
88.54972321463626 97.01840698956654 92.62370282778446
88.56633213109613 97.02540884761038 92.63758737523274
88.54203409758965 97.02540884761038 92.62439341994161
88.53372031455298 97.01840698956654 92.61327165839693
88.52539445796374 97.01840698956654 92.610485975212
88.55033583331702 96.95428257841192 92.59789730306262
88.55033583331702 96.95428257841192 92.59789730306262
88.53372031455298 96.94473851365657 92.5811673436975
88.53372031455298 96.94473851365657 92.5811673436975
88.55862554790231 96.94473851365657 92.58954176581854
88.55862554790231 96.94473851365657 92.58954176581854
88.52539445796374 96.94234314411035 92.57557387237772
88.52539445796374 96.94234314411035 92.57557387237772
88.53372031455298 96.94234314411035 92.57837166194773
88.53372031455298 96.94234314411035 92.57837166194773
88.52539445796374 96.94234314411035 92.57557387237772
88.52539445796374 96.94234314411035 92.57557387237772
88.70891742254683 97.74296675191816 93.0437181924091
88.70891742254683 97.74296675191816 93.0437181924091
88.69248918600078 97.73761456130231 93.0305419324453
88.69248918600078 97.73761456130231 93.0305419324453
88.70891742254683 97.74474519241008 93.04634746810227
88.90965977291958 97.94498623588912 93.24733824733825
88.89348704305843 97.86096256684492 93.19657418329145
88.90157929975187 97.862654156069 93.20173415736555
88.92578547147937 97.862654156069 93.20945945945947
88.92578547147937 97.862654156069 93.20945945945947
88.89348704305843 97.86096256684492 93.19657418329145
89.0699601467861 98.59276339891817 93.62440647241192
89.0699601467861 98.59276339891817 93.62440647241192
89.0699601467861 98.59276339891817 93.62440647241192
89.0699601467861 98.59276339891817 93.62440647241192
89.08589440504335 98.59612159779851 93.63653185846167
89.08589440504335 99.00479253918225 93.82171772316187
89.08589440504335 99.00479253918225 93.82171772316187
89.06197555726668 99.00240202549176 93.80755729919471
89.07793308755397 99.00558683319312 93.82171772316187
89.07793308755397 99.00558683319312 93.82171772316187
89.07793308755397 99.00558683319312 93.82171772316187
89.06197555726668 98.9231966787753 93.7717369990815
89.09384412465303 98.92405747002269 93.78360561175089
89.09384412465303 98.92405747002269 93.78360561175089
88.89783731756664 98.51115557563631 93.48893087444038
89.42746124261528 99.39601981402625 94.18679382191355
89.4352106816696 99.39601981402625 94.18902255794916
89.4352106816696 99.39601981402625 94.18902255794916
89.4352106816696 99.39601981402625 94.18902255794916
89.4352106816696 99.39601981402625 94.18902255794916
89.45067552865311 99.39747285376797 94.20014065279445
89.45067552865311 99.39747285376797 94.20014065279445
89.45067552865311 99.39747285376797 94.20014065279445
89.42746124261528 99.47598443173663 94.22293198386444
89.44294876870694 99.47766531567655 94.23620092080078
89.44294876870694 99.47766531567655 94.23620092080078
89.44294876870694 99.47766531567655 94.23620092080078
89.42746124261528 99.39601981402625 94.18679382191355
89.45839098636094 99.47640566611628 94.23399366577657
89.45839098636094 99.47640566611628 94.23399366577657
89.45839098636094 99.47640566611628 94.23399366577657
89.42746124261528 99.47598443173663 94.22293198386444
89.4352106816696 99.47598443173663 94.22514771431533
89.4352106816696 99.47598443173663 94.22514771431533
89.54696921612187 99.20634920634922 94.16462934570919
89.85530322632009 99.42194019471489 94.43168950435803
90.06174068910575 99.65449804432855 94.65239530292008
90.06174068910575 99.65449804432855 94.65239530292008
90.06174068910575 99.65449804432855 94.65239530292008
90.03972135172359 99.65366268052016 94.6400299975002
90.05441173539553 99.6547756041427 94.65239530292008
90.05441173539553 99.6547756041427 94.65239530292008
90.05441173539553 99.6547756041427 94.65239530292008
90.03972135172359 99.5734122665738 94.60357124264668
90.06905884928453 99.57375551834373 94.61394575496207
90.06905884928453 99.57375551834373 94.61394575496207
90.06905884928453 99.57375551834373 94.61394575496207
90.03972135172359 99.5734122665738 94.60357124264668
90.04707196425721 99.5734122665738 94.60564934118774
89.87498009237139 98.13805826075765 93.85544656685596
89.87498009237139 98.13805826075765 93.85544656685596
89.87498009237139 98.13805826075765 93.85544656685596
89.88987397129567 98.14248111451133 93.86716133353944
90.06174068910575 98.95565864710325 94.3337993889493
90.06174068910575 98.95565864710325 94.3337993889493
90.04707196425721 98.95315136047064 94.32292207118398
90.06174068910575 98.9564917424863 94.33596985257579
90.06174068910575 98.9564917424863 94.33596985257579
90.06174068910575 98.9564917424863 94.33596985257579
90.03972135172359 99.03240470160401 94.35698263686965
90.06905884928453 98.95398845929417 94.33162726123625
90.06905884928453 98.95398845929417 94.33162726123625
90.06905884928453 98.95398845929417 94.33162726123625
90.03972135172359 98.95315136047064 94.32074159426158
90.04707196425721 98.95315136047064 94.32292207118398
90.04707196425721 98.95315136047064 94.32292207118398
90.04707196425721 98.95315136047064 94.32292207118398
90.04707196425721 98.95315136047064 94.32292207118398
90.06174068910575 98.95565864710325 94.3337993889493
90.06174068910575 98.95565864710325 94.3337993889493
90.06174068910575 98.95565864710325 94.3337993889493
90.04707196425721 98.87402476713277 94.28672191853289
90.06174068910575 98.87761476981409 94.29984787175692
90.06174068910575 98.87761476981409 94.29984787175692
89.88987397129567 98.26792557860706 93.92658715842207
89.86751668492879 98.26241972550956 93.91032928871158
89.89730449119044 98.26379946776548 93.92195091758735
89.89730449119044 98.26379946776548 93.92195091758735
89.89730449119044 98.26379946776548 93.92195091758735
89.86751668492879 98.26241972550956 93.91032928871158
89.87498009237139 98.26241972550956 93.91265716853839
89.87498009237139 98.26241972550956 93.91265716853839
89.87498009237139 98.26241972550956 93.91265716853839
89.87498009237139 98.26241972550956 93.91265716853839
89.88987397129567 98.34451997512491 93.96011925025016
89.88987397129567 98.34451997512491 93.96011925025016
89.88987397129567 98.34451997512491 93.96011925025016
89.87498009237139 98.41884478864151 93.98451151297084
89.88987397129567 98.50201734054426 94.03417886111743
89.88987397129567 98.50201734054426 94.03417886111743
89.88987397129567 98.50201734054426 94.03417886111743
89.86751668492879 98.49724423010679 94.01819066047204
89.89730449119044 98.42010231718326 93.99370257574975
89.89730449119044 98.42010231718326 93.99370257574975
90.2378721113393 98.4158713782134 94.17648458268253
89.69596945775587 97.8128407414534 93.61040138465341
89.70354474646321 97.8128407414534 93.61283611909249
89.70354474646321 97.8128407414534 93.61283611909249
89.70354474646321 97.8128407414534 93.61283611909249
89.70354474646321 97.8128407414534 93.61283611909249
89.71866195785881 97.81801894036344 93.62498201180026
89.71866195785881 97.81801894036344 93.62498201180026
89.70354474646321 97.8128407414534 93.61283611909249
89.70354474646321 97.8128407414534 93.61283611909249
89.71866195785881 97.74266365688487 93.59182415776499
89.71866195785881 97.74266365688487 93.59182415776499
89.71110890499354 97.66018257827831 93.54646320270645
89.69596945775587 97.65833457852156 93.53908871914184
89.726203929499 97.66018257827831 93.55137017971086
89.726203929499 97.66018257827831 93.55137017971086
89.70354474646321 97.65833457852156 93.54154875225109
89.69596945775587 97.65833457852156 93.53908871914184
89.70354474646321 97.65833457852156 93.54154875225109
89.70354474646321 97.65833457852156 93.54154875225109
89.57184238720686 97.65833457852156 93.47036987526864
89.57184238720686 97.65833457852156 93.47036987526864
89.58713051747364 97.66386984113463 93.48276782232074
89.58713051747364 97.66386984113463 93.48276782232074
89.57184238720686 97.65833457852156 93.47036987526864
89.57184238720686 97.65833457852156 93.47036987526864
89.58713051747364 97.66570911799127 93.48524176421705
89.58713051747364 97.66570911799127 93.48524176421705
89.56418147523082 97.65833457852156 93.46788462329754
89.56418147523082 97.65833457852156 93.46788462329754
89.59475778512463 97.66018257827831 93.48029200078031
89.59475778512463 97.66018257827831 93.48029200078031
89.63764519011218 97.65833457852156 93.50594576801218
89.63764519011218 97.65833457852156 93.50594576801218
89.64525217253284 97.65833457852156 93.50841653898755
89.64525217253284 97.65833457852156 93.50841653898755
89.57184238720686 97.65833457852156 93.47036987526864
89.57949205971569 97.66386984113463 93.48029200078031
89.58713051747364 97.66386984113463 93.48276782232074
89.58713051747364 97.66386984113463 93.48276782232074
89.42281028403913 97.52302182810368 93.32737838559314
89.43055638026244 97.52886885141314 93.33750230660407
89.4382911392405 97.53081172970676 93.34255275558287
89.4382911392405 97.53081172970676 93.34255275558287
89.48839421990526 97.60189290586631 93.40084838898532
89.51914145107418 97.60378282817526 93.41336395136653
89.51914145107418 97.60378282817526 93.41336395136653
89.51914145107418 97.60378282817526 93.41336395136653
89.42281028403913 97.44616498753967 93.2919382152204
89.43055638026244 97.44616498753967 93.29448456992777
89.43055638026244 97.44616498753967 93.29448456992777
89.43055638026244 97.44616498753967 93.29448456992777
89.42281028403913 97.44616498753967 93.2919382152204
89.4382911392405 97.45218869528262 93.30465068633477
89.4382911392405 97.45218869528262 93.30465068633477
89.4382911392405 97.45218869528262 93.30465068633477
89.42281028403913 97.44616498753967 93.2919382152204
89.4382911392405 97.45419028812876 93.30718740080076
89.4382911392405 97.45419028812876 93.30718740080076
89.4382911392405 97.45419028812876 93.30718740080076
89.57895154569626 97.21850648661274 93.2724755115647
89.60946464606498 97.22068994780838 93.28521703521704
89.60946464606498 97.22068994780838 93.28521703521704
89.60946464606498 97.22068994780838 93.28521703521704
89.57895154569626 97.21631959201021 93.26992140203986
89.51323485674631 97.21631959201021 93.23452484742806
89.51323485674631 97.21631959201021 93.23452484742806
89.51323485674631 97.21631959201021 93.23452484742806
89.50553593396563 97.21631959201021 93.23195632990621
89.59423046441592 97.2228699836764 93.28267259301742
89.59423046441592 97.2228699836764 93.28267259301742
89.59423046441592 97.2228699836764 93.28267259301742
89.57895154569626 97.21631959201021 93.26992140203986
89.59423046441592 97.22504660227081 93.28521703521704
89.59423046441592 97.22504660227081 93.28521703521704
89.59423046441592 97.22504660227081 93.28521703521704
89.57895154569626 97.14219035091442 93.23709141615059
89.60946464606498 97.1444319603146 93.24989510525292
89.60946464606498 97.1444319603146 93.24989510525292
89.60946464606498 97.1444319603146 93.24989510525292
88.966400630604 96.43963827230759 92.5802574757598
89.69998013113451 97.29074515141205 93.36955851839677
89.69998013113451 97.29074515141205 93.36955851839677
89.69998013113451 97.29074515141205 93.36955851839677
89.69240252122562 97.29074515141205 93.36703761932654
89.71510197603365 97.2971252784555 93.38213432575688
89.71510197603365 97.2971252784555 93.38213432575688
89.71510197603365 97.2971252784555 93.38213432575688
89.70754660789802 97.2971252784555 93.37962298209268
89.72264625998692 97.30558551699342 93.39466251893087
89.72264625998692 97.30558551699342 93.39466251893087
89.72264625998692 97.30558551699342 93.39466251893087
89.69998013113451 97.29287520452179 93.3720775020279
89.7301794841317 97.29500191090918 93.38464376486021
89.55985288883616 96.50815045701529 92.9275108101493
89.55985288883616 96.50815045701529 92.9275108101493
89.52921112124697 96.50269996625043 92.9114622728295
89.52921112124697 96.50269996625043 92.9114622728295
89.52921112124697 96.50269996625043 92.9114622728295
89.52921112124697 96.50269996625043 92.9114622728295
89.720945959385 96.89922480620154 93.20039798545507
89.25469761566399 96.51086933647593 92.76962406933991
89.25469761566399 96.51086933647593 92.76962406933991
89.25469761566399 96.51086933647593 92.76962406933991
89.24684456910344 96.51086933647593 92.76689829437777
89.26253920041025 96.52170264543605 92.78322218607677
89.26253920041025 96.52170264543605 92.78322218607677
89.26253920041025 96.52170264543605 92.78322218607677
89.23898003558016 96.43022619097763 92.72371319030917
89.27036934841736 96.50815045701529 92.77234779067399
89.27036934841736 96.50815045701529 92.77234779067399
89.27036934841736 96.50815045701529 92.77234779067399
89.23898003558016 96.50269996625043 92.75597461172677
89.23898003558016 96.50269996625043 92.75597461172677
89.23898003558016 96.50269996625043 92.75597461172677
89.23898003558016 96.50269996625043 92.75597461172677
89.23110398987203 96.50269996625043 92.75323853370219
89.1816674561819 96.58607472305295 92.76689829437777
89.1816674561819 96.58607472305295 92.76689829437777
89.1816674561819 96.58607472305295 92.76689829437777
89.06293154468337 96.84101611166248 92.82282986730853
88.97298785043054 97.3344052127187 93.0035155652927
88.78796201836302 97.11662269129287 92.80303415457513
88.20479837845213 96.43066733735748 92.17135759081407
88.1792257510059 96.4139818909244 92.14494163424125
88.21329801737234 96.41677362341406 92.15963913302923
88.21329801737234 96.41677362341406 92.15963913302923
88.21329801737234 96.41677362341406 92.15963913302923
88.18776227188445 96.41118580490169 92.14494163424125
88.18776227188445 96.41118580490169 92.14494163424125
88.18776227188445 96.41118580490169 92.14494163424125
88.18776227188445 96.41118580490169 92.14494163424125
88.1706768827818 96.41118580490169 92.13904719411036
88.18776227188445 96.34461460893678 92.11926828281193
88.02283220665873 95.38279153927746 91.58552287450206
88.02283220665873 95.38279153927746 91.58552287450206
88.01419269310252 95.38279153927746 91.58238993710692
88.04007392277016 95.54355726300487 91.67235837685817
88.04007392277016 95.54355726300487 91.67235837685817
88.01419269310252 95.56079642693159 91.66196274493993
87.82243317900634 95.2011643621998 91.39204631109234
87.85739224890406 95.20485332003656 91.40802118652569
87.85739224890406 95.20485332003656 91.40802118652569
87.84867131238232 95.27446002746682 91.43560130554859
87.83119180452151 95.27081901668019 91.42604359366203
87.83119180452151 95.27081901668019 91.42604359366203
87.83119180452151 95.27081901668019 91.42604359366203
87.82243317900634 95.27081901668019 91.42285294738853
87.81366193618719 95.27081901668019 91.41965992554583
87.83119180452151 95.28172525554724 91.43560130554859
87.83119180452151 95.28172525554724 91.43560130554859
87.82243317900634 95.28172525554724 91.43241777009786
87.82243317900634 95.28172525554724 91.43241777009786
87.84867131238232 95.22321336175673 91.420758459042
87.84867131238232 95.22321336175673 91.420758459042
87.82243317900634 95.2011643621998 91.39204631109234
87.82243317900634 95.2011643621998 91.39204631109234
87.85739224890406 95.20485332003656 91.40802118652569
87.85739224890406 95.20485332003656 91.40802118652569
87.83119180452151 95.19746972408339 91.39204631109234
87.9902629016553 95.34428142714239 91.54569432419916
87.9902629016553 95.34428142714239 91.54569432419916
87.9902629016553 95.34428142714239 91.54569432419916
87.97293080583509 95.34428142714239 91.53939149707838
87.98160310252763 95.42844063423364 91.58607642068611
87.9902629016553 95.42844063423364 91.58920811202319
87.9902629016553 95.42844063423364 91.58920811202319
87.98160310252763 95.42844063423364 91.58607642068611
87.98160310252763 95.42844063423364 91.58607642068611
88.00754511512135 95.51578816251116 91.64198287028205
88.00754511512135 95.51578816251116 91.64198287028205
87.98160310252763 95.34786864080299 91.54569432419916
88.00754511512135 95.35145033085021 91.55827184817353
88.01616758321836 95.35145033085021 91.56141038394678
88.01616758321836 95.35145033085021 91.56141038394678
87.99891023021387 95.34428142714239 91.54884221754838
87.99891023021387 95.34428142714239 91.54884221754838
87.99891023021387 95.34428142714239 91.54884221754838
87.99891023021387 95.34428142714239 91.54884221754838
87.97293080583509 95.34428142714239 91.53939149707838
87.79876413664451 94.9719397792458 91.27427293961965
88.11724783524456 96.05806086756174 91.94901988507256
88.11724783524456 96.05806086756174 91.94901988507256
88.10866722613633 96.05806086756174 91.9460103857267
88.13437195715676 96.07024284312293 91.96702975584688
88.13437195715676 96.07024284312293 91.96702975584688
88.13437195715676 96.07024284312293 91.96702975584688
88.10866722613633 96.05194151335249 91.93998463218345
88.07091287679764 95.98056259556374 91.88338545344496
88.07091287679764 95.98056259556374 91.88338545344496
88.07091287679764 95.98056259556374 91.88338545344496
88.05370958626469 95.97432293524093 91.87124931805783
88.12581607000175 95.97432293524093 91.90862985189227
88.12581607000175 95.97432293524093 91.90862985189227
88.12581607000175 95.97432293524093 91.90862985189227
87.93520215213069 95.39796067310299 91.54400282101658
87.95258117262323 95.40858783390198 91.55973451327434
87.95258117262323 95.40858783390198 91.55973451327434
87.95258117262323 95.40858783390198 91.55973451327434
87.94389792539204 95.48208448710209 91.59068494253567
88.01261215671772 95.84288871283826 91.7962655392823
87.6492479454179 95.41916602669212 91.40431588337292
87.6492479454179 95.41916602669212 91.40431588337292
87.6315074342948 95.33520424072341 91.35440611103861
87.72976427976525 95.41564538241037 91.44140080784997
87.72976427976525 95.41564538241037 91.44140080784997
87.72976427976525 95.41564538241037 91.44140080784997
87.70332699250747 95.39796067310299 91.41593365167128
87.7121520706042 95.39796067310299 91.4191253316183
87.7121520706042 95.39796067310299 91.4191253316183
87.7121520706042 95.39796067310299 91.4191253316183
87.68563875281859 95.39796067310299 91.40954316354967
87.70332699250747 95.40858783390198 91.42550157652683
87.70332699250747 95.40858783390198 91.42550157652683
87.70332699250747 95.40858783390198 91.42550157652683
87.69448922903595 95.40858783390198 91.42231463902199
87.7121520706042 95.41916602669212 91.43822568030963
87.7121520706042 95.41916602669212 91.43822568030963
87.7121520706042 95.41916602669212 91.43822568030963
87.69448922903595 95.33520424072341 91.38834775972526
87.72976427976525 95.34236908196517 91.40750240461686
87.72976427976525 95.34236908196517 91.40750240461686
87.72976427976525 95.34236908196517 91.40750240461686
87.70332699250747 95.324415551944 91.38194388616448
87.7121520706042 95.324415551944 91.38514701302876
87.7121520706042 95.324415551944 91.38514701302876
87.7121520706042 95.324415551944 91.38514701302876
87.68563875281859 95.324415551944 91.37553048130493
87.70332699250747 95.33520424072341 91.39154612890597
87.70332699250747 95.33520424072341 91.39154612890597
87.70332699250747 95.33520424072341 91.39154612890597
87.69448922903595 95.33520424072341 91.38834775972526
87.7121520706042 95.41916602669212 91.43822568030963
87.7121520706042 95.41916602669212 91.43822568030963
87.7121520706042 95.41916602669212 91.43822568030963
87.69448922903595 95.33520424072341 91.38834775972526
87.72976427976525 95.26920524307285 91.37362912514398
87.72976427976525 95.26920524307285 91.37362912514398
87.72976427976525 95.26920524307285 91.37362912514398
87.70332699250747 95.25098373966813 91.34797938703552
87.11566617862371 94.44478850560476 90.65660843655643
87.95954094534137 95.06098447856712 91.39616424043321
87.95954094534137 95.06098447856712 91.39616424043321
87.93348798222186 95.06098447856712 91.38655884778629
87.94218482156772 94.98795781081306 91.35577889447237
87.94218482156772 94.98795781081306 91.35577889447237
87.94218482156772 94.98795781081306 91.35577889447237
87.93348798222186 94.98795781081306 91.35256326473161
87.95954094534137 95.08366253697076 91.41531089926723
87.95954094534137 95.08366253697076 91.41531089926723
87.95954094534137 95.08366253697076 91.41531089926723
87.94218482156772 94.99948213360952 91.36541145054261
87.97684717582162 95.00713561811 91.38461230254525
87.97684717582162 95.00713561811 91.38461230254525
87.97684717582162 95.00713561811 91.38461230254525
87.95086913359158 94.91504325636397 91.32504469038102
87.95954094534137 94.91504325636397 91.32826695846845
87.95954094534137 94.91504325636397 91.32826695846845
87.95954094534137 94.91504325636397 91.32826695846845
87.93348798222186 94.98795781081306 91.35256326473161
87.8036447089484 95.09259836627798 91.33007796800901
87.42617014272159 94.65582521258767 90.92445884847757
87.49733511638273 94.73814996583214 91.00092103155534
87.48836307214896 94.73814996583214 90.99758640374156
87.5152406572352 94.7622286809721 91.02750938273576
87.5152406572352 94.7622286809721 91.02750938273576
87.5152406572352 94.7622286809721 91.02750938273576
87.49733511638273 94.75021693318459 91.01091010910109
87.53309498502271 94.68596046420548 90.99722715394283
87.53309498502271 94.68596046420548 90.99722715394283
87.53309498502271 94.68596046420548 90.99722715394283
87.5152406572352 94.59733068881451 90.94361116385039
87.52417420901988 94.59733068881451 90.9469583458196
87.52417420901988 94.59733068881451 90.9469583458196
87.50629430220398 94.59319756021917 90.93690936909368
87.48836307214896 94.59319756021917 90.93019764823617
87.49733511638273 94.59319756021917 90.93355475080531
87.49733511638273 94.59319756021917 90.93355475080531
87.48836307214896 94.59319756021917 90.93019764823617
87.48836307214896 94.59319756021917 90.93019764823617
87.88603191261927 95.20574895934723 91.43272508522158
87.21984338232458 94.4740140975319 90.73497368342504
87.2015761415437 94.46138002059732 90.71788839935408
87.2015761415437 94.46138002059732 90.71788839935408
87.22895746198176 94.46980914774596 90.73497368342504
87.22895746198176 94.46980914774596 90.73497368342504
87.21071628481538 94.4529251588415 90.71446377823203
87.21071628481538 94.4529251588415 90.71446377823203
87.22895746198176 94.4529251588415 90.72131049532179
87.22895746198176 94.4529251588415 90.72131049532179
87.19242292451919 94.52088756662947 90.73768936556917
87.19242292451919 94.52088756662947 90.73768936556917
87.2015761415437 94.52088756662947 90.74111046778606
87.2015761415437 94.52088756662947 90.74111046778606
87.19242292451919 94.52088756662947 90.73768936556917
87.19242292451919 94.52088756662947 90.73768936556917
87.21984338232458 94.54590325765054 90.76838857370359
87.21984338232458 94.54590325765054 90.76838857370359
87.2015761415437 94.53342403067218 90.75135862791046
87.21071628481538 94.53759011328528 90.75817814047569
87.43962286023417 94.93056129618914 91.06204940786452
87.10472121177128 94.54174985078313 90.7015833863781
87.08632885530906 94.52507277193996 90.6810071569546
87.09553158705701 94.52507277193996 90.6844428501679
87.10472121177128 94.52507277193996 90.68787601099646
87.10472121177128 94.52507277193996 90.68787601099646
87.06788395838561 94.52088756662947 90.67068485495604
87.07711298846584 94.52088756662947 90.67412816215786
87.07711298846584 94.52088756662947 90.67412816215786
87.07711298846584 94.52088756662947 90.67412816215786
87.06788395838561 94.52088756662947 90.67068485495604
87.09553158705701 94.61790190791776 90.73497368342504
87.09553158705701 94.61790190791776 90.73497368342504
87.09553158705701 94.61790190791776 90.73497368342504
87.07711298846584 94.60557801798828 90.71788839935408
87.10472121177128 94.61380020597322 90.73497368342504
87.10472121177128 94.61380020597322 90.73497368342504
87.10472121177128 94.61380020597322 90.73497368342504
87.08632885530906 94.59733068881451 90.71446377823203
86.89566452901194 94.20999567910125 90.42936742051786
86.71750752074192 94.03972149766888 90.25456492000238
86.87064514271455 94.25460084812055 90.43655326545816
86.83324029336464 94.25022146226901 90.41894715892128
86.84261147231946 94.25022146226901 90.42247356431605
86.84261147231946 94.25022146226901 90.42247356431605
86.84261147231946 94.25022146226901 90.42247356431605
86.83324029336464 94.25022146226901 90.41894715892128
86.86131386861314 94.27639808871481 90.45059163087788
86.86131386861314 94.27639808871481 90.45059163087788
86.86131386861314 94.27639808871481 90.45059163087788
86.84261147231946 94.26333963660282 90.43303722252031
86.86131386861314 94.27205188195214 90.44708590478837
86.86131386861314 94.27205188195214 90.44708590478837
86.86131386861314 94.27205188195214 90.44708590478837
86.84261147231946 94.25460084812055 90.4259973748061
86.87064514271455 94.18286537077034 90.4033283024863
86.87064514271455 94.18286537077034 90.4033283024863
86.87064514271455 94.18286537077034 90.4033283024863
86.83324029336464 94.17843468236651 90.38566753210581
86.84261147231946 94.17843468236651 90.38920488445169
86.8108835688876 94.00813709776847 90.29313307705297
86.8108835688876 94.00813709776847 90.29313307705297
86.80149322660098 94.00813709776847 90.28956416320528
86.8296242247355 94.03534609720177 90.32159022254797
86.8296242247355 94.03534609720177 90.32159022254797
86.8296242247355 94.03534609720177 90.32159022254797
86.8108835688876 94.0217725567378 90.30382409557262
86.8296242247355 93.95966290296187 90.28494458585479
86.8296242247355 93.95966290296187 90.28494458585479
86.8296242247355 93.95966290296187 90.28494458585479
86.8108835688876 93.94132129667624 90.26353665194303
86.83897459513393 93.94132129667624 90.27425239946062
86.83897459513393 93.94132129667624 90.27425239946062
86.83897459513393 93.94132129667624 90.27425239946062
86.80149322660098 93.9367184773012 90.2563796922649
86.8108835688876 93.9367184773012 90.25995948683322
86.8108835688876 93.9367184773012 90.25995948683322
86.8108835688876 93.9367184773012 90.25995948683322
86.80149322660098 93.9367184773012 90.2563796922649
86.82026055877945 93.95050600237637 90.27425239946062
86.65209136413326 93.72011280500266 90.07687208761637
87.05948091485385 94.04876648278407 90.44823269952911
87.04100337674868 94.03518868700156 90.43064581944127
87.0686999383857 94.05778405716977 90.45875383287189
87.0686999383857 94.05778405716977 90.45875383287189
87.0686999383857 94.05778405716977 90.45875383287189
87.0502487370329 93.96831260517999 90.40442199864796
87.07790583572239 93.96831260517999 90.41499915590026
87.07790583572239 93.96831260517999 90.41499915590026
87.07790583572239 93.96831260517999 90.41499915590026
87.04100337674868 93.89237778598695 90.36409384292547
87.0502487370329 93.89237778598695 90.36763828687319
87.0502487370329 93.89237778598695 90.36763828687319
87.0502487370329 93.89237778598695 90.36763828687319
87.04100337674868 93.89237778598695 90.36409384292547
87.05948091485385 93.83516798297663 90.3486052811765
87.05948091485385 93.83516798297663 90.3486052811765
87.05948091485385 93.83516798297663 90.3486052811765
87.04100337674868 93.82113487685335 90.33085457509841
87.0686999383857 93.84448802811146 90.35922445581063
87.0686999383857 93.84448802811146 90.35922445581063
87.0686999383857 93.84448802811146 90.35922445581063
87.0502487370329 93.82581967213115 90.33796268701198
87.07790583572239 93.82581967213115 90.3486052811765
87.07790583572239 93.82581967213115 90.3486052811765
87.07790583572239 93.82581967213115 90.3486052811765
87.04100337674868 93.82113487685335 90.33085457509841
87.0502487370329 93.82113487685335 90.3344099378882
87.0502487370329 93.82113487685335 90.3344099378882
87.0502487370329 93.82113487685335 90.3344099378882
87.04100337674868 93.82113487685335 90.33085457509841
87.05948091485385 93.83516798297663 90.3486052811765
87.05948091485385 93.83516798297663 90.3486052811765
87.05948091485385 93.83516798297663 90.3486052811765
87.04100337674868 93.82113487685335 90.33085457509841
87.0686999383857 93.84448802811146 90.35922445581063
87.0686999383857 93.84448802811146 90.35922445581063
87.0686999383857 93.84448802811146 90.35922445581063
87.0502487370329 93.75473513934108 90.30476966007606
87.07790583572239 93.75473513934108 90.31544489633964
87.07790583572239 93.75473513934108 90.31544489633964
87.07790583572239 93.75473513934108 90.31544489633964
87.04100337674868 93.75 90.2976397515528
87.0502487370329 93.75 90.30120601617293
87.0502487370329 93.75 90.30120601617293
87.04100337674868 93.75 90.2976397515528
87.04100337674868 93.75 90.2976397515528
87.05948091485385 93.76418392590624 90.31544489633964
87.05948091485385 93.76418392590624 90.31544489633964
87.0502487370329 93.6789729098839 90.26802649480133
87.04100337674868 93.6789729098839 90.26444934533389
87.0686999383857 93.70282730202766 90.29299312585431
87.0686999383857 93.70282730202766 90.29299312585431
87.0502487370329 93.68375823546262 90.27160101651842
87.0502487370329 93.68375823546262 90.27160101651842
87.07790583572239 93.68375823546262 90.28230884409055
87.07790583572239 93.68375823546262 90.28230884409055
87.04100337674868 93.6789729098839 90.26444934533389
87.04100337674868 93.6789729098839 90.26444934533389
87.0502487370329 93.6789729098839 90.26802649480133
87.22010780317227 93.83652958670905 90.43236897608341
87.21096589590906 93.83652958670905 90.42884582848157
87.21096589590906 93.83652958670905 90.42884582848157
87.22923665006371 93.92164492412296 90.47969232909657
87.22923665006371 93.92164492412296 90.47969232909657
87.21096589590906 93.97917051827201 90.49549325232807
87.21096589590906 93.97917051827201 90.49549325232807
87.22923665006371 93.99741956624138 90.51646178461048
87.22923665006371 93.99741956624138 90.51646178461048
87.21096589590906 93.97917051827201 90.49549325232807
87.22010780317227 93.98374317500718 90.50249305825098
87.2474552745219 93.98374317500718 90.51297345660603
87.2474552745219 93.98374317500718 90.51297345660603
87.21096589590906 93.97917051827201 90.49549325232807
87.22010780317227 93.97917051827201 90.49899444455507
87.22010780317227 93.97917051827201 90.49899444455507
87.22010780317227 93.97917051827201 90.49899444455507
87.22010780317227 93.97917051827201 90.49899444455507
87.23835246455099 93.99286768322675 90.51646178461048
87.23835246455099 93.99286768322675 90.51646178461048
86.45775576926754 92.82475812654334 89.55353016940487
87.24470060343495 93.55254278878597 90.31379526275508
87.63868414927457 93.99741956624138 90.73467151466853
87.63868414927457 93.99741956624138 90.73467151466853
87.63868414927457 93.99741956624138 90.73467151466853
87.62091604832757 94.05065372913411 90.74765795098176
87.65640131706373 94.05517553049444 90.7647217154649
87.65640131706373 94.05517553049444 90.7647217154649
87.65640131706373 94.05517553049444 90.7647217154649
87.62091604832757 94.05065372913411 90.74765795098176
87.62980647916304 94.05065372913411 90.75107574653315
87.62980647916304 94.05065372913411 90.75107574653315
87.62980647916304 94.05065372913411 90.75107574653315
87.62980647916304 94.05065372913411 90.75107574653315
87.64754908611634 94.06419854373911 90.76812691832423
87.64754908611634 94.06419854373911 90.76812691832423
87.64754908611634 94.06419854373911 90.76812691832423
87.62091604832757 93.97917051827201 90.71413595838783
87.63868414927457 93.99741956624138 90.73467151466853
87.63868414927457 93.99741956624138 90.73467151466853
87.85168478155198 94.34520750683467 91.01119104716227
87.68563875281859 94.3085073488487 90.90290630783852
87.7209644906187 94.31284501936229 90.9197124026363
87.7209644906187 94.31284501936229 90.9197124026363
87.7209644906187 94.31284501936229 90.9197124026363
87.68563875281859 94.3085073488487 90.90290630783852
87.69448922903595 94.3085073488487 90.90627250180015
87.69448922903595 94.3085073488487 90.90627250180015
87.69448922903595 94.3085073488487 90.90627250180015
87.69448922903595 94.3085073488487 90.90627250180015
87.7121520706042 94.24977907478575 90.88949647753807
87.7121520706042 94.24977907478575 90.88949647753807
87.7121520706042 94.24977907478575 90.88949647753807
87.68563875281859 94.23663178709731 90.86926954156333
87.70332699250747 94.25414818465583 90.88949647753807
87.70332699250747 94.25414818465583 90.88949647753807
87.70332699250747 94.25414818465583 90.88949647753807
87.68563875281859 94.23663178709731 90.86926954156333
87.7209644906187 94.24102089122157 90.88613154716153
87.7209644906187 94.24102089122157 90.88613154716153
87.7209644906187 94.24102089122157 90.88613154716153
87.4900599313408 94.05065372913411 90.67792381465625
87.49903093263043 94.05065372913411 90.68136472466082
87.49903093263043 94.05065372913411 90.68136472466082
87.49903093263043 94.05065372913411 90.68136472466082
87.49903093263043 94.05065372913411 90.68136472466082
87.5169343913296 94.06419854373911 90.69853124222055
87.5169343913296 94.06419854373911 90.69853124222055
87.5169343913296 94.06419854373911 90.69853124222055
87.56182237824628 93.97917051827201 90.68136472466082
87.57964867429745 93.99741956624138 90.70195695885012
87.57964867429745 93.99741956624138 90.70195695885012
87.57964867429745 93.99741956624138 90.70195695885012
87.4900599313408 93.97917051827201 90.64445331205107
87.52586690390083 93.98374317500718 90.66168782673637
87.52586690390083 93.98374317500718 90.66168782673637
87.52586690390083 93.98374317500718 90.66168782673637
87.4900599313408 93.97917051827201 90.64445331205107
87.49903093263043 93.97917051827201 90.6479053023126
87.62300331890613 93.97917051827201 90.71394355514751
87.62300331890613 93.97917051827201 90.71394355514751
87.62300331890613 93.97917051827201 90.71394355514751
87.64075430742098 93.99286768322675 90.73105619141539
87.64075430742098 93.99286768322675 90.73105619141539
87.64075430742098 93.99286768322675 90.73105619141539
87.62300331890613 93.97917051827201 90.71394355514751
87.64075430742098 94.0686997868503 90.76791281913357
87.64075430742098 94.0686997868503 90.76791281913357
87.64075430742098 94.0686997868503 90.76791281913357
87.6141086897409 94.05065372913411 90.74403275741535
87.64961072161755 94.05517553049444 90.76110252703982
87.64961072161755 94.05517553049444 90.76110252703982
87.64961072161755 94.05517553049444 90.76110252703982
87.6141086897409 94.05065372913411 90.74403275741535
87.62300331890613 94.05065372913411 90.74745175556819
87.62300331890613 94.05065372913411 90.74745175556819
87.62300331890613 94.05065372913411 90.74745175556819
87.62300331890613 94.05065372913411 90.74745175556819
87.64075430742098 94.06419854373911 90.76450892857143
87.64075430742098 94.06419854373911 90.76450892857143
86.8796710791754 93.61298224127373 90.14736883777552
86.86099086099087 93.59847787393359 90.12929581375057
86.8796710791754 93.61780243539273 90.15097550358146
86.8796710791754 93.61780243539273 90.15097550358146
86.8796710791754 93.61780243539273 90.15097550358146
86.85163079055798 93.59847787393359 90.12567324955117
86.88899128364628 93.53257205891366 90.11074931462109
86.88899128364628 93.53257205891366 90.11074931462109
86.88899128364628 93.53257205891366 90.11074931462109
86.85163079055798 93.59847787393359 90.12567324955117
86.86099086099087 93.59847787393359 90.12929581375057
86.86099086099087 93.59847787393359 90.12929581375057
86.86099086099087 93.59847787393359 90.12929581375057
86.86099086099087 93.59847787393359 90.12929581375057
86.8796710791754 93.61298224127373 90.14736883777552
86.8796710791754 93.61298224127373 90.14736883777552
86.87033761439668 93.52768010466923 90.0998731769182
86.86099086099087 93.59847787393359 90.12929581375057
87.66114180478822 94.43838604143949 90.95182959694968
87.66114180478822 94.43838604143949 90.95182959694968
87.65228524870024 94.35365878789128 90.90482138396203
87.67030105144501 94.78329327919118 91.11621423772324
87.18190749552119 94.35365878789128 90.64995320496226
87.18190749552119 94.35365878789128 90.64995320496226
87.15444015444017 94.2774125744431 90.60272907592174
87.14525819600874 94.2774125744431 90.59926213979459
87.15444015444017 94.2774125744431 90.60272907592174
87.15444015444017 94.2774125744431 90.60272907592174
86.58279314180507 93.784592677627 90.06678292576592
86.49487498802567 93.68280946042798 89.97228545976442
86.51399491094148 93.69713561884527 89.99061403942103
86.51399491094148 93.69713561884527 89.99061403942103
86.49487498802567 93.68280946042798 89.97228545976442
86.49487498802567 93.68280946042798 89.97228545976442
86.51399491094148 93.84366885440308 90.06009211488663
86.51399491094148 93.84366885440308 90.06009211488663
86.48529468154453 93.82498308074075 90.03458218967687
86.48529468154453 93.82498308074075 90.03458218967687
86.52353458494245 93.82966515021107 90.05281690140845
86.52353458494245 93.82966515021107 90.05281690140845
86.40217412106945 93.68280946042798 89.92244227687316
86.5612117726009 94.42529565953231 90.35147009124704
86.57073881054568 94.42529565953231 90.35501723915225
86.57073881054568 94.42529565953231 90.35501723915225
86.4998467198038 94.42529565953231 90.31825362916447
86.50941048076739 94.43803797207693 90.33247016102628
86.51896070102934 94.43803797207693 90.33601777284088
86.51896070102934 94.43803797207693 90.33601777284088
86.4998467198038 94.35324203926744 90.28506158124752
86.50941048076739 94.36613922097162 90.29932161701115
86.51896070102934 94.37042519944075 90.30643594775128
86.51896070102934 94.37042519944075 90.30643594775128
86.5612117726009 94.3575476558475 90.32181168057211
86.59923904938532 94.29000596720097 90.30643594775128
86.59923904938532 94.29000596720097 90.30643594775128
86.59923904938532 94.29000596720097 90.30643594775128
86.4998467198038 94.2094641901075 90.21875062032277
86.50941048076739 94.2094641901075 90.22234128047147
86.50941048076739 94.2094641901075 90.22234128047147
87.79705808056273 95.12027777200241 91.33788670148654
87.78827830280403 95.12027777200241 91.33466635853019
87.80582524271846 95.1315134417524 91.35074417298512
87.80582524271846 95.1315134417524 91.35074417298512
88.41701861410918 95.80121576737481 91.99010250972076
88.49207127036087 95.89787662187939 92.07386248531259
88.50873930829304 95.91056315954447 92.09164594829502
88.50873930829304 95.91056315954447 92.09164594829502
88.50873930829304 95.91056315954447 92.09164594829502
88.49207127036087 95.9010556300268 92.07683194783365
88.5253591322193 95.90422971474017 92.09164594829502
88.5253591322193 95.90422971474017 92.09164594829502
88.5253591322193 95.90422971474017 92.09164594829502
88.49207127036087 95.89787662187939 92.07386248531259
88.42793904493281 95.89787662187939 92.03936776662853
88.42793904493281 95.89787662187939 92.03936776662853
88.73906633906634 96.25904729843461 92.37421623324492
88.73087060859987 96.25904729843461 92.37134782343492
88.81992457573853 96.26776380696488 92.42321234690668
88.81992457573853 96.26776380696488 92.42321234690668
88.81992457573853 96.26776380696488 92.42321234690668
88.77514932411191 96.04397905759163 92.29669728118728
89.71553176727129 96.94064600408757 93.22104876105652
89.71553176727129 96.94064600408757 93.22104876105652
89.71553176727129 96.94064600408757 93.22104876105652
88.99446076208875 95.97342164836085 92.3798978026555
89.02647561766614 95.90222259428236 92.35954145085597
89.02647561766614 95.90222259428236 92.35954145085597
89.02647561766614 95.90222259428236 92.35954145085597
88.99446076208875 95.89586652133814 92.34231031014761
88.99446076208875 95.89586652133814 92.34231031014761
88.99446076208875 95.89586652133814 92.34231031014761
88.99446076208875 95.89586652133814 92.34231031014761
88.98642783871222 95.89586652133814 92.33943089430893
89.01049150640709 95.9053932537276 92.35667498124151
89.01049150640709 95.9053932537276 92.35667498124151
89.01049150640709 95.9053932537276 92.35667498124151
89.00248197612576 95.9053932537276 92.35380635999391
89.01848937844217 95.91802697687993 92.37098586132562
89.01848937844217 95.91802697687993 92.37098586132562
88.55515986381248 95.66672904580709 92.00596780209477
87.98331774243842 94.97998216026718 91.37551623308113
88.01787796346677 94.98383218638587 91.39151889593195
88.01787796346677 94.98383218638587 91.39151889593195
88.01787796346677 94.98383218638587 91.39151889593195
87.98331774243842 94.97612621963879 91.37230855833216
87.98331774243842 94.97612621963879 91.37230855833216
87.98331774243842 94.97612621963879 91.37230855833216
87.98331774243842 94.97612621963879 91.37230855833216
87.97464651389566 94.97612621963879 91.36909849665645
88.00062273771067 95.06052566122212 91.42226237077186
88.00062273771067 95.06052566122212 91.42226237077186
89.31287156090141 96.38713745271123 92.74317540805002
89.30505593548642 96.38713745271123 92.74044044247968
89.32067577169022 96.39834059671472 92.75681938290174
89.32067577169022 96.39834059671472 92.75681938290174
89.32067577169022 96.39834059671472 92.75681938290174
89.29722887038393 96.30650148286814 92.69724770642202
89.32846859284093 96.30937368642287 92.71099353919723
89.32846859284093 96.30937368642287 92.71099353919723
89.32846859284093 96.30937368642287 92.71099353919723
89.2672124016293 96.3827501211368 92.71529258167502
88.53719283795179 95.71329944141091 92.01234942807976
88.53719283795179 95.71329944141091 92.01234942807976
88.53719283795179 95.71329944141091 92.01234942807976
88.52886917611964 95.71329944141091 92.00935667777182
88.48134730245765 95.64936283813377 91.95552054296449
88.48134730245765 95.64936283813377 91.95552054296449
88.48134730245765 95.64936283813377 91.95552054296449
88.47299521831151 95.64936283813377 91.95251326092448
88.56209150326796 95.66275080569706 92.00782281722229
88.56209150326796 95.66275080569706 92.00782281722229
88.56209150326796 95.66275080569706 92.00782281722229
88.53719283795179 95.56877478605719 91.94649194649195
88.57036703885488 95.64600292214568 91.99588082666155
88.57036703885488 95.64600292214568 91.99588082666155
88.57036703885488 95.64600292214568 91.99588082666155
88.54550442894097 95.63926749728238 91.98090305874736
88.54550442894097 95.63926749728238 91.98090305874736
88.54550442894097 95.63926749728238 91.98090305874736
88.54550442894097 95.63926749728238 91.98090305874736
88.49587036274106 95.98640454860164 92.11849628938724
88.87992761035487 96.22736524056317 92.43819483222498
89.25389645023013 96.59014321819713 92.80755940185315
88.93941183417977 96.26574307304786 92.48796245504968
88.71116700398892 96.01180756186409 92.24890276412216
88.73573585349594 96.02412656008681 92.26919810748514
88.73573585349594 96.02412656008681 92.26919810748514
88.72755812812714 96.08926851735544 92.29218786399409
88.71116700398892 96.08015947959291 92.27771802001095
88.74390172221243 96.08320053677765 92.29218786399409
88.74390172221243 96.08320053677765 92.29218786399409
88.73573585349594 96.08015947959291 92.28640643846863
88.7193685202639 96.07711369650133 92.27771802001095
88.7193685202639 96.07711369650133 92.27771802001095
88.7193685202639 96.07711369650133 92.27771802001095
88.71116700398892 96.07711369650133 92.27481752936279
88.70295355330947 96.07711369650133 92.27191485904622
88.7193685202639 96.08623687904628 92.28640643846863
88.7193685202639 96.08623687904628 92.28640643846863
88.71116700398892 96.08623687904628 92.28351247211519
88.77047407436538 96.30212926798538 92.4156419135044
88.6089084679393 96.09833531758466 92.23562939607082
88.6089084679393 96.09833531758466 92.23562939607082
88.58409857938938 96.08015947959291 92.20941197943601
88.58409857938938 96.08015947959291 92.20941197943601
88.61715448426983 96.08320053677765 92.22399902837942
88.61715448426983 96.08320053677765 92.22399902837942
88.59238054155801 96.07711369650133 92.20941197943601
88.59238054155801 96.07711369650133 92.20941197943601
88.81353933246845 96.33404223958225 92.44751690133685
88.5229521365177 96.07711369650133 92.17202688046706
88.50628838267899 96.07711369650133 92.16615103717604
88.50628838267899 96.07711369650133 92.16615103717604
88.5229521365177 96.08623687904628 92.18082413688367
88.5229521365177 96.08623687904628 92.18082413688367
88.51462630381931 96.08623687904628 92.17789391591464
88.51462630381931 96.08623687904628 92.17789391591464
88.53956764159248 96.09833531758466 92.19835946339097
88.53956764159248 96.09833531758466 92.19835946339097
88.51462630381931 96.00561939109285 92.13747264326821
88.53299919729037 95.97252183383249 92.13045414069457
88.92160904646916 96.36608344549124 92.51896150839181
88.92160904646916 96.36608344549124 92.51896150839181
88.90549122151661 96.36041956274485 92.50770278927406
88.90549122151661 96.36041956274485 92.50770278927406
88.90549122151661 96.36041956274485 92.50770278927406
88.90549122151661 96.36041956274485 92.50770278927406
88.8812263556116 96.36041956274485 92.49923648579863
88.89741470900721 96.4438930013459 92.5481306796235
88.89741470900721 96.4438930013459 92.5481306796235
88.89741470900721 96.4438930013459 92.5481306796235
88.88932642895115 96.4438930013459 92.54532697450706
88.91355599214145 96.52980299183854 92.59965707212645
88.91355599214145 96.52980299183854 92.59965707212645
88.91355599214145 96.52980299183854 92.59965707212645
88.88932642895115 96.5888954518606 92.6094528123186
88.84897029664096 96.59155582723804 92.58574071438737
88.84897029664096 96.59155582723804 92.58574071438737
88.84897029664096 96.59155582723804 92.58574071438737
88.83274679039774 96.58623092026095 92.5745698869999
89.83273074019628 97.77312361087365 93.6610727890456
89.83273074019628 97.77312361087365 93.6610727890456
89.83273074019628 97.77312361087365 93.6610727890456
89.81026141318415 97.77312361087365 93.65382038569766
89.82525198306197 97.77839370615952 93.66589852269453
89.82525198306197 97.77839370615952 93.66589852269453
89.82525198306197 97.77839370615952 93.66589852269453
89.81776221550216 97.77839370615952 93.66348657466013
89.84019851116625 97.78538181972753 93.68033173896086
89.84019851116625 97.78538181972753 93.68033173896086
89.84019851116625 97.78538181972753 93.68033173896086
89.82525198306197 97.78014486578611 93.66830863524645
89.84765532016186 97.78189326691785 93.67793077246918
89.84765532016186 97.78189326691785 93.67793077246918
89.84765532016186 97.78189326691785 93.67793077246918
89.82525198306197 97.61874279861733 93.5873290314613
89.83273074019628 97.61874279861733 93.58976996831406
89.83273074019628 97.61874279861733 93.58976996831406
89.83273074019628 97.61874279861733 93.58976996831406
89.98224651413297 98.4251968503937 94.04738492749422
89.99701224977592 98.3508470941454 94.0228223266381
89.99701224977592 98.3508470941454 94.0228223266381
89.99701224977592 98.3508470941454 94.0228223266381
89.98963482698134 98.3508470941454 94.02053761441353
90.00437880657617 98.43268242548818 94.06783157634146
90.00437880657617 98.43268242548818 94.06783157634146
90.00437880657617 98.43268242548818 94.06783157634146
89.98963482698134 98.42894855450389 94.05648970142929
90.01907941807775 98.43143977543018 94.07009475887527
90.46135410425404 98.95306003748303 94.54975075395633
91.09814963797265 99.51687681442003 95.15425853689064
91.17563968036161 99.71013229300613 95.28180303649452
91.18222329764282 99.71013229300613 95.28363148854162
91.18222329764282 99.71013229300613 95.28363148854162
91.18222329764282 99.71013229300613 95.28363148854162
91.1624429085324 99.71013229300613 95.2781418759503
91.17563968036161 99.71083184763229 95.28728414442699
91.17563968036161 99.71083184763229 95.28728414442699
91.17563968036161 99.71083184763229 95.28728414442699
90.37152694371046 98.69797271122972 94.38717305179316
90.42010757633321 98.80077369439071 94.46245636568918
90.26848986924843 98.62273136825847 94.2983589945093
90.26848986924843 99.0306320279178 94.48594548110695
90.25409328082206 99.10749016726456 94.51165688768887
90.28284398732285 99.10891516354535 94.52428069666483
90.28284398732285 99.10891516354535 94.52428069666483
90.28284398732285 99.10891516354535 94.52428069666483
90.2612968956011 99.02597402597402 94.4711088948451
90.26848986924843 99.02597402597402 94.47323329352511
90.26848986924843 99.02597402597402 94.47323329352511
90.26848986924843 99.02597402597402 94.47323329352511
90.2468790012804 99.02597402597402 94.46685519421109
90.25409328082206 99.02597402597402 94.46898286236892
90.25409328082206 99.02597402597402 94.46898286236892
90.25409328082206 99.02597402597402 94.46898286236892
90.2468790012804 99.02597402597402 94.46685519421109
89.82737728690331 98.50861403959887 94.00674164252801
88.86879962267118 97.84607525966287 93.1816324028283
88.86879962267118 97.84607525966287 93.1816324028283
88.85258807321394 97.84097454824739 93.16871922443003
88.85357815442562 97.70286078910986 93.10242777397924
88.66919854351826 97.48307548651344 92.90143885624676
88.66919854351826 97.48307548651344 92.90143885624676
88.64452335641836 97.55005437216145 92.91509144783898
88.65276035131744 97.55005437216145 92.91776890314279
88.65276035131744 97.55005437216145 92.91776890314279
88.65276035131744 97.55005437216145 92.91776890314279
88.62801343890602 97.55005437216145 92.9097304593235
88.63627439431421 97.55005437216145 92.91241196733209
88.63627439431421 97.55005437216145 92.91241196733209
88.63627439431421 97.55005437216145 92.91241196733209
88.62801343890602 97.15232209976429 92.72768094052333
88.65276035131744 97.16568385010463 92.75231130684188
88.65276035131744 97.16568385010463 92.75231130684188
88.65276035131744 97.16568385010463 92.75231130684188
88.63627439431421 97.15901868564892 92.73864840629331
88.66919854351826 97.08748124194196 92.72015854464149
88.66919854351826 97.08748124194196 92.72015854464149
88.66919854351826 97.08748124194196 92.72015854464149
88.65276035131744 97.07834199088306 92.70369653570737
88.66098540503478 97.07834199088306 92.7064453721617
88.66098540503478 97.07834199088306 92.7064453721617
88.65276035131744 97.07604820913257 92.70094562647753
88.62801343890602 97.07604820913257 92.69268043866361
88.63627439431421 97.07604820913257 92.69543758030633
88.63627439431421 97.07604820913257 92.69543758030633
88.62801343890602 97.15232209976429 92.72768094052333
88.62801343890602 97.15232209976429 92.72768094052333
88.65276035131744 97.16568385010463 92.75231130684188
88.65276035131744 97.16568385010463 92.75231130684188
88.63627439431421 97.15901868564892 92.73864840629331
88.63627439431421 97.15901868564892 92.73864840629331
88.66919854351826 97.16346560622726 92.75503771935175
88.66919854351826 97.16346560622726 92.75503771935175
88.65276035131744 97.15455780003394 92.73864840629331
88.65276035131744 97.15455780003394 92.73864840629331
88.66098540503478 97.15455780003394 92.7413851058845
88.66098540503478 97.15455780003394 92.7413851058845
88.62801343890602 97.15232209976429 92.72768094052333
88.62801343890602 97.15232209976429 92.72768094052333
88.63627439431421 97.15232209976429 92.73042591175721
88.80365081238443 97.15232209976429 92.82132973889247
88.79549615165055 97.15232209976429 92.81861643443796
88.62801343890602 96.36650868878357 92.36571382100598
88.65276035131744 96.53318774541712 92.46078819032556
88.65276035131744 96.53318774541712 92.46078819032556
88.63627439431421 96.52508839872033 92.44662048229486
88.64452335641836 96.5277923825948 92.45229395046691
88.66098540503478 96.53049216156012 92.46078819032556
88.66098540503478 96.53049216156012 92.46078819032556
88.64452335641836 96.51966777688773 92.44378054852706
88.65276035131744 96.51966777688773 92.44662048229486
88.66098540503478 96.51966777688773 92.44945828214006
88.66098540503478 96.51966777688773 92.44945828214006
88.62801343890602 96.44167123403179 92.40046778868155
88.63627439431421 96.44167123403179 92.4033261497174
88.63627439431421 96.44167123403179 92.4033261497174
88.63627439431421 96.44167123403179 92.4033261497174
88.62801343890602 96.44167123403179 92.40046778868155
88.65276035131744 96.60824612280922 92.49548654076312
88.65276035131744 96.60824612280922 92.49548654076312
88.81992457573853 96.60824612280922 92.58563625657374
88.80365081238443 96.60031595576619 92.57168431438365
88.82804373000451 96.53049216156012 92.55087024915005
88.82804373000451 96.53049216156012 92.55087024915005
88.82804373000451 96.53049216156012 92.55087024915005
88.8117936117936 96.51966777688773 92.53404941360756
88.82804373000451 96.51966777688773 92.5396647931129
88.82804373000451 96.51966777688773 92.5396647931129
88.82804373000451 96.51966777688773 92.5396647931129
88.79549615165055 96.51695111917469 92.52561047636505
88.80365081238443 96.44167123403179 92.49358948268143
88.80365081238443 96.44167123403179 92.49358948268143
88.80365081238443 96.44167123403179 92.49358948268143
88.79549615165055 96.44167123403179 92.49076232453505
88.98772040302268 97.91484739409171 93.2778954043798
88.98772040302268 97.91484739409171 93.2778954043798
88.98772040302268 97.91484739409171 93.2778954043798
88.97166055732923 97.90990606319386 93.26515135988195
88.81992457573853 96.92155125121323 92.72882631782393
88.75193813664109 97.14086323936812 92.79301288707018
88.41356117780471 96.92155125121323 92.5086259387051
88.39677318295739 96.91190788638193 92.49171057181798
88.42193697125998 96.91190788638193 92.50017779313006
88.42193697125998 96.91190788638193 92.50017779313006
88.42193697125998 96.91190788638193 92.50017779313006
88.38836092877436 96.9854998728059 92.52089973219832
88.39677318295739 96.9854998728059 92.52371646105615
88.39677318295739 96.9854998728059 92.52371646105615
88.39677318295739 96.9854998728059 92.52371646105615
88.38836092877436 96.9854998728059 92.52089973219832
88.41356117780471 96.99962020508926 92.54617414248021
88.41356117780471 96.99962020508926 92.54617414248021
88.41356117780471 96.99962020508926 92.54617414248021
88.39677318295739 96.99257661315906 92.53215393218443
88.41356117780471 96.99727600988238 92.54337431347268
88.41356117780471 96.99727600988238 92.54337431347268
88.41356117780471 96.99727600988238 92.54337431347268
88.39677318295739 96.98786248384842 92.52653106907745
88.42193697125998 96.98786248384842 92.53496219204813
88.5880948186427 97.58317171415783 92.89751856991266
88.5880948186427 97.58317171415783 92.89751856991266
88.55493825948683 97.58126439723573 92.88408656450937
88.56324544883867 97.58126439723573 92.88677702840793
88.56324544883867 97.58126439723573 92.88677702840793
88.56324544883867 97.58126439723573 92.88677702840793
88.55493825948683 97.58126439723573 92.88408656450937
88.57154058769333 97.66386984113463 92.93260250482285
88.40517325715628 97.06853490242561 92.5697727619338
88.40517325715628 97.06853490242561 92.5697727619338
88.38836092877436 96.9854998728059 92.52089973219832
88.41356117780471 96.99727600988238 92.54337431347268
88.41356117780471 96.99727600988238 92.54337431347268
88.41356117780471 96.99727600988238 92.54337431347268
88.39677318295739 96.91190788638193 92.49171057181798
88.42193697125998 96.91190788638193 92.50017779313006
88.42193697125998 96.91190788638193 92.50017779313006
88.42193697125998 96.91190788638193 92.50017779313006
88.38836092877436 96.9854998728059 92.52089973219832
88.39677318295739 96.9854998728059 92.52371646105615
88.56324544883867 97.58126439723573 92.88677702840793
88.23092557848655 97.58126439723573 92.7048912821768
88.22240910602179 97.58126439723573 92.7021374279447
88.23942974318915 97.58697733801468 92.71588594704684
88.23942974318915 97.58697733801468 92.71588594704684
88.23942974318915 97.58697733801468 92.71588594704684
88.22240910602179 97.58126439723573 92.7021374279447
88.24792162679053 97.59077099577217 92.72411022164356
88.24792162679053 97.59077099577217 92.72411022164356
88.24792162679053 97.59077099577217 92.72411022164356
88.23092557848655 97.66018257827831 92.74262636152247
88.09148418491483 96.59500854412354 92.17522475095164
88.09148418491483 96.59500854412354 92.17522475095164
88.09148418491483 96.59500854412354 92.17522475095164
88.05707927460128 96.59234861920446 92.16054203730563
88.06569912609238 96.59234861920446 92.16348298657581
88.06569912609238 96.59234861920446 92.16348298657581
88.06569912609238 96.59234861920446 92.16348298657581
88.05707927460128 96.59234861920446 92.16054203730563
88.07430654373209 96.60031595576619 92.17522475095164
88.20153434712164 96.60031595576619 92.24433142185569
88.20153434712164 96.60031595576619 92.24433142185569
88.1844662092155 96.59234861920446 92.22976745130282
88.21004993757803 96.6808385250042 92.28760022677574
88.21004993757803 96.6808385250042 92.28760022677574
88.21004993757803 96.6808385250042 92.28760022677574
88.1930064465716 96.67046702136643 92.27022748949814
88.21855324457613 96.67046702136643 92.27892363046672
88.21855324457613 96.67046702136643 92.27892363046672
88.21855324457613 96.67046702136643 92.27892363046672
88.1844662092155 96.66786400997317 92.26441917140536
88.1930064465716 96.66786400997317 92.26732442116588
88.1930064465716 96.66786400997317 92.26732442116588
88.1930064465716 96.66786400997317 92.26732442116588
88.1844662092155 96.66786400997317 92.26441917140536
88.20153434712164 96.75112339402122 92.31354179340552
88.20153434712164 96.75112339402122 92.31354179340552
88.1930064465716 96.74349756819623 92.30199025182777
88.1844662092155 96.74349756819623 92.29909693934562
88.21004993757803 96.75618746708794 92.32218272415155
88.52433342468971 97.08953331078796 92.64589304225868
88.34640126703557 96.88154083595848 92.45037687166047
88.33796423120572 96.87909948796073 92.44469746258946
88.36323876837768 96.80331508065709 92.41849039749889
88.36323876837768 96.80331508065709 92.41849039749889
88.32951496994262 96.8008124920655 92.40422654096876
88.32951496994262 96.8008124920655 92.40422654096876
88.33796423120572 96.8008124920655 92.4070836044242
88.33796423120572 96.8008124920655 92.4070836044242
88.32951496994262 96.8008124920655 92.40422654096876
88.32951496994262 96.8008124920655 92.40422654096876
88.34640126703557 96.80830853017541 92.41849039749889
88.34640126703557 96.80830853017541 92.41849039749889
88.32951496994262 96.8008124920655 92.40422654096876
88.32951496994262 96.8008124920655 92.40422654096876
88.34640126703557 96.73530465572112 92.38665179024241
88.34640126703557 96.73530465572112 92.38665179024241
88.32951496994262 96.72508932535571 92.36946974625894
88.32951496994262 96.72508932535571 92.36946974625894
88.36323876837768 96.80331508065709 92.41849039749889
88.03836128078434 95.8749502690705 91.81549569900064
88.00382379335908 95.87175188600168 91.80019802380328
88.01247684959547 95.87175188600168 91.80326213200021
88.01247684959547 95.87175188600168 91.80326213200021
88.01247684959547 95.87175188600168 91.80326213200021
88.07600764758672 95.87175188600168 91.83758006829801
88.08460863631933 95.88133219042044 91.84976696325889
88.09319722590197 95.88133219042044 91.85280800298499
88.09319722590197 95.88133219042044 91.85280800298499
88.00382379335908 95.87175188600168 91.80019802380328
88.0211174316216 95.88451575165037 91.81854838709678
88.0211174316216 95.88451575165037 91.81854838709678
88.0211174316216 95.88451575165037 91.81854838709678
88.00382379335908 95.87175188600168 91.80019802380328
88.03836128078434 95.8749502690705 91.81549569900064
88.03836128078434 95.8749502690705 91.81549569900064
88.03836128078434 95.8749502690705 91.81549569900064
88.00382379335908 95.87175188600168 91.80019802380328
88.01247684959547 95.87175188600168 91.80326213200021
88.01247684959547 95.87175188600168 91.80326213200021
87.83610257208451 95.51148225469728 91.54162218775807
88.01934062506092 95.72531542276066 91.73933228371887
88.0366007982089 95.73522044088176 91.75472705477037
88.0366007982089 95.73522044088176 91.75472705477037
88.0366007982089 95.73522044088176 91.75472705477037
88.0106918484411 95.72531542276066 91.73624642846325
88.02797693266832 95.73851192090278 91.75472705477037
87.86364343497199 94.78945085809876 91.22539936902199
87.86364343497199 94.78945085809876 91.22539936902199
87.84615384615384 94.77347585606861 91.20584603956917
87.88108276049556 94.7774787828607 91.22214652132094
87.88108276049556 94.7774787828607 91.22214652132094
87.88108276049556 94.7774787828607 91.22214652132094
87.84615384615384 94.77347585606861 91.20584603956917
88.01934062506092 95.53342103614608 91.65053438193183
88.01934062506092 95.53342103614608 91.65053438193183
88.01934062506092 95.53342103614608 91.65053438193183
88.01934062506092 95.53342103614608 91.65053438193183
88.0366007982089 95.54375 91.66607960549489
88.0366007982089 95.54375 91.66607960549489
87.84505701575462 95.15914844171473 91.38465551664979
87.93005984288806 95.38006087645415 91.53293642398783
87.75101961545931 95.16680835182152 91.34066727504288
87.75101961545931 95.16680835182152 91.34066727504288
87.75101961545931 95.16680835182152 91.34066727504288
87.73339038431617 95.15193111624134 91.32134637225244
87.76859824683888 95.15565900494617 91.33745310086073
87.76859824683888 95.15565900494617 91.33745310086073
87.76859824683888 95.15565900494617 91.33745310086073
87.73339038431617 95.07876470343739 91.28739928064782
87.7422113385031 95.07876470343739 91.29063683200933
87.7422113385031 95.07876470343739 91.29063683200933
87.7422113385031 95.07876470343739 91.29063683200933
87.7422113385031 95.07876470343739 91.29063683200933
87.75981524249423 95.09009102407265 91.3067885640964
87.75981524249423 95.09009102407265 91.3067885640964
87.75981524249423 95.09009102407265 91.3067885640964
87.80535241948031 95.00571072578133 91.29063683200933
87.82287822878229 95.09385488749844 91.3438790649184
87.82287822878229 95.09385488749844 91.3438790649184
87.97151917203277 95.05643574609091 91.4061873043897
87.87524594315548 94.37075847274077 91.03314230753817
88.09148418491483 94.58169799628176 91.24317282156636
88.6731454994318 95.24473197012875 91.86366800859642
88.6731454994318 95.24473197012875 91.86366800859642
88.64020436235016 95.24106919810143 91.84845237854557
88.64845759616706 95.24106919810143 91.85150005557632
88.64845759616706 95.24106919810143 91.85150005557632
88.64845759616706 95.24106919810143 91.85150005557632
88.64845759616706 95.24106919810143 91.85150005557632
88.66492813866394 95.25204062558414 91.86670432081333
88.66492813866394 95.25204062558414 91.86670432081333
88.66492813866394 95.25204062558414 91.86670432081333
88.64845759616706 95.31448571845247 91.88585407274124
88.83213829682742 96.36363636363636 92.47577003095347
88.83213829682742 96.36363636363636 92.47577003095347
88.83213829682742 96.36363636363636 92.47577003095347
88.80773319683428 96.20237194044915 92.38637519064565
88.8402496957324 96.20532431239887 92.40066981275689
88.8402496957324 96.20532431239887 92.40066981275689
89.28367101343486 96.96937608539116 92.9933508329333
88.87772392323757 96.53120648183314 92.57651709662957
88.88582622905633 96.53120648183314 92.57931455925039
88.88582622905633 96.53120648183314 92.57931455925039
88.88582622905633 96.53120648183314 92.57931455925039
88.88582622905633 96.53120648183314 92.57931455925039
88.90199547822668 96.53931165140511 92.5932703059876
88.90199547822668 96.53931165140511 92.5932703059876
88.90199547822668 96.53931165140511 92.5932703059876
88.88582622905633 96.53120648183314 92.57931455925039
88.90199547822668 96.5420049640318 92.59605515867774
88.90199547822668 96.5420049640318 92.59605515867774
88.90199547822668 96.5420049640318 92.59605515867774
88.87772392323757 96.60662626433262 92.61142991101914
88.9100624729873 96.60927543570916 92.6253357206804
88.9100624729873 96.60927543570916 92.6253357206804
88.9100624729873 96.60927543570916 92.6253357206804
88.87772392323757 96.60662626433262 92.61142991101914
88.88582622905633 96.60662626433262 92.61421526674003
88.88582622905633 96.60662626433262 92.61421526674003
88.88582622905633 96.60662626433262 92.61421526674003
88.71814019297659 96.02266764613286 92.25327812284334
88.73452247797336 96.10637272365305 92.30239156870694
88.73452247797336 96.10637272365305 92.30239156870694
88.7263372869374 96.02266764613286 92.25618602197446
88.71814019297659 96.02266764613286 92.25327812284334
88.73452247797336 96.0349842027075 92.27069283269539
88.73452247797336 96.0349842027075 92.27069283269539
88.73452247797336 96.0349842027075 92.27069283269539
88.70993117010816 95.94815653705801 92.21572687045833
88.74269579199185 95.95129822502567 92.23031494068904
88.74269579199185 95.95129822502567 92.23031494068904
88.71814019297659 95.94815653705801 92.2186488652619
88.70993117010816 95.94815653705801 92.21572687045833
88.71814019297659 95.94815653705801 92.2186488652619
88.71814019297659 95.94815653705801 92.2186488652619
88.71814019297659 95.94815653705801 92.2186488652619
88.71814019297659 95.94815653705801 92.2186488652619
88.73452247797336 95.9575670077208 92.23322599590902
88.73452247797336 95.9575670077208 92.23322599590902
89.21958064069881 96.52713309140012 92.75692113023868
88.74255498987675 95.94815653705801 92.23174876972249
88.75890631440517 95.96069412502614 92.24920781153507
88.75890631440517 95.96069412502614 92.24920781153507
88.73436147611929 95.94815653705801 92.22883127956312
88.73436147611929 95.94815653705801 92.22883127956312
88.7670641769967 95.95129822502567 92.24339685723838
88.7670641769967 95.95129822502567 92.24339685723838
88.80714454323709 96.02266764613286 92.30105299499397
88.80714454323709 96.02266764613286 92.30105299499397
88.81528512177384 96.02266764613286 92.30394445685053
88.81528512177384 96.02266764613286 92.30394445685053
88.74255498987675 96.02266764613286 92.26638786820682
88.7507365939894 96.03191222045398 92.27798836478624
88.75890631440517 96.03191222045398 92.2808830532
88.92647145582191 96.61456138872504 92.64130025732564
88.9103334186738 96.60662626433262 92.62742780280026
88.91840831266974 96.53931165140511 92.60366765325115
88.92647145582191 96.5420049640318 92.60923033142602
88.92647145582191 96.5420049640318 92.60923033142602
88.85783455035723 96.1770327892957 92.40148759322861
89.25549748545508 96.68734438958518 92.84906064282
89.26333215088093 96.68734438958518 92.8517567457406
89.26333215088093 96.68734438958518 92.8517567457406
89.16671604353064 96.60662626433262 92.76544066620403
89.17462698350043 96.60662626433262 92.7681713848508
89.17462698350043 96.60662626433262 92.7681713848508
89.17462698350043 96.60662626433262 92.7681713848508
89.16671604353064 96.60662626433262 92.76544066620403
89.18252637806923 96.61456138872504 92.77907367606164
89.18252637806923 96.61456138872504 92.77907367606164
89.18252637806923 96.61456138872504 92.77907367606164
89.16671604353064 96.60662626433262 92.76544066620403
89.18252637806923 96.69250863739782 92.81676224623878
89.18252637806923 96.69250863739782 92.81676224623878
89.18252637806923 96.69250863739782 92.81676224623878
89.16671604353064 96.68475621344257 92.80320039188472
89.19829063195415 96.68734438958518 92.81676224623878
89.19829063195415 96.68734438958518 92.81676224623878
89.19829063195415 96.68734438958518 92.81676224623878
89.20018967833715 96.882808860277 92.9114622728295
88.96289435828719 96.60662626433262 92.65575307836582
88.96289435828719 96.60662626433262 92.65575307836582
88.96289435828719 96.60662626433262 92.65575307836582
88.9548412541905 96.60662626433262 92.65298214486015
89.04379332073094 96.61456138872504 92.7044742091764
89.04379332073094 96.61456138872504 92.7044742091764
89.04379332073094 96.61456138872504 92.7044742091764
89.0278051666338 96.60662626433262 92.6907114523744
89.04379332073094 96.69250863739782 92.7421324756748
89.04379332073094 96.69250863739782 92.7421324756748
89.04379332073094 96.69250863739782 92.7421324756748
89.0278051666338 96.60927543570916 92.69346815624235
88.8919417513836 95.76193262559558 92.22213225917454
88.8919417513836 95.76193262559558 92.22213225917454
88.8919417513836 95.76193262559558 92.22213225917454
88.85958351375822 95.82958044448169 92.23923610054085
88.85958351375822 95.82958044448169 92.23923610054085
88.85958351375822 95.82958044448169 92.23923610054085
88.85958351375822 95.82958044448169 92.23923610054085
89.05318434871876 95.98439073514602 92.41644459814073
89.27936821322804 96.22534620226605 92.64978130403824
89.27936821322804 96.22534620226605 92.64978130403824
89.27936821322804 96.22534620226605 92.64978130403824
89.27153102957737 96.30010709111144 92.6819088725111
89.2871939550575 96.31156978082937 92.69840947409047
89.2871939550575 96.31156978082937 92.69840947409047
89.2871939550575 96.31156978082937 92.69840947409047
89.26368237899399 96.21947631656369 92.63869929300544
89.2950082801041 96.22241353967621 92.65254659521896
89.2950082801041 96.22241353967621 92.65254659521896
89.2950082801041 96.22241353967621 92.65254659521896
89.26368237899399 96.21653452228229 92.63592356687897
89.26368237899399 96.21653452228229 92.63592356687897
89.26368237899399 96.21653452228229 92.63592356687897
89.26368237899399 96.21653452228229 92.63592356687897
89.25582223629276 96.21653452228229 92.63314574667645
89.27936821322804 96.30010709111144 92.68466414986823
89.27936821322804 96.30010709111144 92.68466414986823
89.27936821322804 96.30010709111144 92.68466414986823
89.41462835431014 95.66332916145181 92.45978552278821
89.82415052397586 96.12041950444993 92.89465648854961
89.82415052397586 96.12041950444993 92.89465648854961
89.82415052397586 96.12041950444993 92.89465648854961
89.80168281184731 96.10234237259677 92.87049235577071
89.83161777830666 96.10536691764015 92.88393712666408
89.83161777830666 96.10536691764015 92.88393712666408
89.83161777830666 96.10536691764015 92.88393712666408
89.80168281184731 96.17405928105948 92.902915895874
89.80168281184731 96.17405928105948 92.902915895874
89.80168281184731 96.17405928105948 92.902915895874
89.80168281184731 96.17405928105948 92.902915895874
89.79417151047058 96.17405928105948 92.90023106966852
89.74318231473573 96.18296596128437 92.87856530787121
89.74318231473573 96.18296596128437 92.87856530787121
89.74318231473573 96.18296596128437 92.87856530787121
89.73563903796462 96.18296596128437 92.87587635599188
89.82415052397586 96.19477722720525 92.9296528972743
89.82415052397586 96.19477722720525 92.9296528972743
89.82415052397586 96.19477722720525 92.9296528972743
89.63052671285911 95.98348112278053 92.72371319030917
89.62187617483528 95.86811439569865 92.66102625638105
89.62187617483528 95.86811439569865 92.66102625638105
89.62187617483528 95.86811439569865 92.66102625638105
89.59903228365194 95.86170770036668 92.64719366703005
89.59903228365194 95.86170770036668 92.64719366703005
89.59903228365194 95.86170770036668 92.64719366703005
89.59903228365194 95.86170770036668 92.64719366703005
89.58374707073918 95.86170770036668 92.64164602004506
89.59903228365194 95.8713103102266 92.65549947081333
89.59903228365194 95.8713103102266 92.65549947081333
89.59903228365194 95.8713103102266 92.65549947081333
89.59139528884126 95.8713103102266 92.65273295529742
89.6142727020712 95.88404468156052 92.67205491135796
89.6142727020712 95.88404468156052 92.67205491135796
89.6142727020712 95.88404468156052 92.67205491135796
89.59139528884126 95.86491352958419 92.64719366703005
89.62187617483528 95.86811439569865 92.66102625638105
89.62187617483528 95.86811439569865 92.66102625638105
89.6142727020712 95.86491352958419 92.65549947081333
89.37748501572607 95.4636507804023 92.34237436152604
89.73070659729117 95.86170770036668 92.71709540268559
89.73070659729117 95.86170770036668 92.71709540268559
89.72315519605701 95.86170770036668 92.71434691254768
89.71559268098648 95.86170770036668 92.71159634712515
89.73070659729117 95.8713103102266 92.72532844485181
89.73070659729117 95.8713103102266 92.72532844485181
89.72315519605701 95.8713103102266 92.72258616649516
89.72315519605701 95.8713103102266 92.72258616649516
89.74577615610374 95.88404468156052 92.74173881233996
89.74577615610374 95.88404468156052 92.74173881233996
89.72315519605701 95.79070691855478 92.68213135472298
89.72315519605701 95.79070691855478 92.68213135472298
89.7532943624294 95.71992563658011 92.66102625638105
89.7532943624294 95.71992563658011 92.66102625638105
89.73070659729117 95.71329944141091 92.64719366703005
89.73070659729117 95.71329944141091 92.64719366703005
89.73070659729117 95.71329944141091 92.64719366703005
89.73070659729117 95.71329944141091 92.64719366703005
89.51619304651533 95.34428142714239 92.36195820118728
89.84603740514271 95.67526872725752 92.69268043866361
90.43835068054443 96.25362045082483 93.28012622174866
90.43835068054443 96.25362045082483 93.28012622174866
90.43126414678605 96.25362045082483 93.27757791921614
90.43126414678605 96.25362045082483 93.27757791921614
90.45249230523244 96.19075494971881 93.26010320339243
90.45249230523244 96.19075494971881 93.26010320339243
90.43126414678605 96.1729925014178 93.23709141615059
90.44542672560354 96.17596440414725 93.24477945167601
90.45954744263146 96.17596440414725 93.24989510525292
90.45954744263146 96.17596440414725 93.24989510525292
90.44542672560354 96.17001597578407 93.23965603829085
90.44542672560354 96.17001597578407 93.23965603829085
90.44542672560354 96.17001597578407 93.23965603829085
90.44542672560354 96.17001597578407 93.23965603829085
90.42416710099026 96.244872199432 93.26736535243941
90.43835068054443 96.25362045082483 93.28012622174866
90.43835068054443 96.25362045082483 93.28012622174866
90.43835068054443 96.25362045082483 93.28012622174866
90.43126414678605 96.25362045082483 93.27757791921614
90.64634366174616 96.44279545549827 93.48171212602297
90.64634366174616 96.44279545549827 93.48171212602297
90.64634366174616 96.44279545549827 93.48171212602297
90.62550184679621 96.42616460281359 93.45940390544708
90.57921703626612 96.42894720228952 93.43386161973638
90.57921703626612 96.42894720228952 93.43386161973638
90.57921703626612 96.42894720228952 93.43386161973638
90.56524353577872 96.49862898122758 93.45940390544708
90.63940669472841 96.49862898122758 93.49743062692703
90.63940669472841 96.49862898122758 93.49743062692703
90.63940669472841 96.49862898122758 93.49743062692703
90.61853391992607 96.49862898122758 93.4900040127998
90.63245943072633 96.43172547205518 93.46685692580921
90.63245943072633 96.43172547205518 93.46685692580921
90.63245943072633 96.43172547205518 93.46685692580921
90.62550184679621 96.43172547205518 93.4643744736788
90.64634366174616 96.44279545549827 93.48171212602297
90.64634366174616 96.44279545549827 93.48171212602297
90.64634366174616 96.44279545549827 93.48171212602297
90.63245943072633 96.43449942220822 93.46933749281668
90.48484727410752 96.24934520691461 93.3014256202573
90.86240446147364 96.6320262537866 93.68177850798378
90.86240446147364 96.6320262537866 93.68177850798378
90.84201214363263 96.61886760575278 93.66251583598554
90.8488196885987 96.61886760575278 93.66493009080988
90.8488196885987 96.61886760575278 93.66493009080988
90.8488196885987 96.61886760575278 93.66493009080988
90.82836662371135 96.61886760575278 93.65768180178323
90.84201214363263 96.62677510429396 93.66975308641975
90.84201214363263 96.62677510429396 93.66975308641975
90.84201214363263 96.62677510429396 93.66975308641975
90.83519446288807 96.62677510429396 93.66734250692136
90.8488196885987 96.63464570239422 93.679377080166
90.8488196885987 96.63464570239422 93.679377080166
90.8488196885987 96.63464570239422 93.679377080166
90.83519446288807 96.70216130732736 93.7030249366802
90.86240446147364 96.70729910103371 93.71738505156758
90.86240446147364 96.70729910103371 93.71738505156758
90.86240446147364 96.70729910103371 93.71738505156758
90.84201214363263 96.69442448323964 93.69822363269176
90.8488196885987 96.69442448323964 93.70062519955917
90.8488196885987 96.69442448323964 93.70062519955917
90.8488196885987 96.69442448323964 93.70062519955917
90.82836662371135 96.69442448323964 93.69341500134051
90.84201214363263 96.77766523170422 93.7411197825505
90.84201214363263 96.77766523170422 93.7411197825505
90.84201214363263 96.77766523170422 93.7411197825505
90.83519446288807 96.77766523170422 93.7387345631328
90.8488196885987 96.78519547779953 93.75064251495775
90.8488196885987 96.78519547779953 93.75064251495775
90.8488196885987 96.78519547779953 93.75064251495775
90.83519446288807 96.77766523170422 93.7387345631328
90.86240446147364 96.70729910103371 93.71738505156758
90.86240446147364 96.70729910103371 93.71738505156758
90.86240446147364 96.70729910103371 93.71738505156758
90.84201214363263 96.69442448323964 93.69822363269176
90.8488196885987 96.69442448323964 93.70062519955917
90.8488196885987 96.69442448323964 93.70062519955917
90.8488196885987 96.69442448323964 93.70062519955917
90.82836662371135 96.69442448323964 93.69341500134051
90.83519446288807 96.69442448323964 93.69582023398443
90.83519446288807 96.69442448323964 93.69582023398443
90.83519446288807 96.69442448323964 93.69582023398443
90.82836662371135 96.69442448323964 93.69341500134051
90.8488196885987 96.70986199932683 93.71499624913936
90.8488196885987 96.70986199932683 93.71499624913936
90.8488196885987 96.70986199932683 93.71499624913936
90.83519446288807 96.70216130732736 93.7030249366802
90.86240446147364 96.70729910103371 93.71738505156758
90.86240446147364 96.70729910103371 93.71738505156758
90.86240446147364 96.70729910103371 93.71738505156758
90.84201214363263 96.69442448323964 93.69822363269176
90.8488196885987 96.69442448323964 93.70062519955917
90.8488196885987 96.69442448323964 93.70062519955917
90.8488196885987 96.69442448323964 93.70062519955917
90.82836662371135 96.69442448323964 93.69341500134051
90.83519446288807 96.69442448323964 93.69582023398443
90.83519446288807 96.69442448323964 93.69582023398443
90.83519446288807 96.69442448323964 93.69582023398443
90.82836662371135 96.69442448323964 93.69341500134051
90.8488196885987 96.70986199932683 93.71499624913936
90.8488196885987 96.70986199932683 93.71499624913936
90.8488196885987 96.70986199932683 93.71499624913936
90.83519446288807 96.62677510429396 93.66734250692136
90.86240446147364 96.70729910103371 93.71738505156758
90.86240446147364 96.70729910103371 93.71738505156758
90.86240446147364 96.70729910103371 93.71738505156758
90.8488196885987 96.697007454964 93.7030249366802
90.8556171203726 96.697007454964 93.70542284614514
90.8556171203726 96.697007454964 93.70542284614514
90.8488196885987 96.69442448323964 93.70062519955917
90.82836662371135 96.69442448323964 93.69341500134051
90.83519446288807 96.69442448323964 93.69582023398443
90.83519446288807 96.69442448323964 93.69582023398443
90.82836662371135 96.69442448323964 93.69341500134051
90.82836662371135 96.69442448323964 93.69341500134051
90.8488196885987 96.70986199932683 93.71499624913936
90.8488196885987 96.70986199932683 93.71499624913936
90.83519446288807 96.70216130732736 93.7030249366802
90.83519446288807 96.70216130732736 93.7030249366802
90.86240446147364 96.74599831508004 93.73568001315127
90.47942469037156 96.51223868053367 93.42276381137678
90.4653302924819 96.50135941155395 93.40777765233545
90.4653302924819 96.50135941155395 93.40777765233545
90.47238270395617 96.50135941155395 93.41028008618036
90.47238270395617 96.50135941155395 93.41028008618036
90.44411027568923 96.49862898122758 93.39774888215038
90.44411027568923 96.49862898122758 93.39774888215038
90.45119410161885 96.49862898122758 93.40025893425947
90.45119410161885 96.49862898122758 93.40025893425947
90.44411027568923 96.49862898122758 93.39774888215038
90.44411027568923 96.49862898122758 93.39774888215038
90.4653302924819 96.58997793885914 93.4556932189668
90.4653302924819 96.58997793885914 93.4556932189668
90.45119410161885 96.58200657063432 93.44326255698387
90.45119410161885 96.58200657063432 93.44326255698387
90.47238270395617 96.58732495058665 93.4556932189668
90.47238270395617 96.58732495058665 93.4556932189668
90.45826743278144 96.57667158827252 93.4407707556569
90.4653302924819 96.57667158827252 93.44326255698387
90.41454400159824 96.36122569239835 93.31358702893277
90.78089583375123 96.57667158827252 93.60908053422165
90.75344532743185 96.5739978468748 93.59690146068111
90.7603232680632 96.5739978468748 93.59934098748906
90.7603232680632 96.5739978468748 93.59934098748906
90.7603232680632 96.5739978468748 93.59934098748906
90.75344532743185 96.5739978468748 93.59690146068111
90.77404849847439 96.51494793416191 93.58324439701174
90.77404849847439 96.51494793416191 93.58324439701174
90.77404849847439 96.51494793416191 93.58324439701174
90.7603232680632 96.58200657063432 93.60664842737539
90.78089583375123 96.58732495058665 93.6187904856741
90.78089583375123 96.58732495058665 93.6187904856741
90.78089583375123 96.58732495058665 93.6187904856741
90.76719098414993 96.57667158827252 93.6042144687156
90.78089583375123 96.57667158827252 93.60908053422165
90.78089583375123 96.57667158827252 93.60908053422165
90.78089583375123 96.57667158827252 93.60908053422165
90.75344532743185 96.5739978468748 93.59690146068111
90.7603232680632 96.5739978468748 93.59934098748906
90.45300635130532 96.61274654728217 93.45499408831543
90.97797392338231 97.55421455530204 94.17633651056777
89.81204953609684 96.43557260597375 93.03244698823553
89.83451536643025 96.52710704237182 93.09126915263927
89.83451536643025 96.52710704237182 93.09126915263927
89.83451536643025 96.52710704237182 93.09126915263927
89.81954917135866 96.51899400189414 93.07819754955102
89.83451536643025 96.52440690075437 93.0886587831628
89.83451536643025 96.52440690075437 93.0886587831628
89.83451536643025 96.52440690075437 93.0886587831628
89.81954917135866 96.51356421660589 93.07295504789977
89.84198197482829 96.51356421660589 93.0808158257936
89.84198197482829 96.51356421660589 93.0808158257936
89.84198197482829 96.51356421660589 93.0808158257936
89.81204953609684 96.51084296683824 93.06770459899622
89.81954917135866 96.51084296683824 93.07033081798356
89.81954917135866 96.51084296683824 93.07033081798356
89.81954917135866 96.51084296683824 93.07033081798356
89.81204953609684 96.51084296683824 93.06770459899622
89.83451536643025 96.52710704237182 93.09126915263927
89.83451536643025 96.52710704237182 93.09126915263927
89.83451536643025 96.52710704237182 93.09126915263927
89.81954917135866 96.51899400189414 93.07819754955102
89.83451536643025 96.52440690075437 93.0886587831628
89.83451536643025 96.52440690075437 93.0886587831628
89.83451536643025 96.52440690075437 93.0886587831628
89.81954917135866 96.43835039386663 93.03772214321523
89.84198197482829 96.43835039386663 93.04561991579119
89.84198197482829 96.43835039386663 93.04561991579119
89.84198197482829 96.43835039386663 93.04561991579119
89.81204953609684 96.43557260597375 93.03244698823553
89.81954917135866 96.43557260597375 93.03508556456235
89.81954917135866 96.43557260597375 93.03508556456235
89.81954917135866 96.43557260597375 93.03508556456235
89.81204953609684 96.43557260597375 93.03244698823553
89.82703777335985 96.4438930013459 93.04561991579119
89.82703777335985 96.4438930013459 93.04561991579119
89.82703777335985 96.4438930013459 93.04561991579119
89.81204953609684 96.43557260597375 93.03244698823553
89.83451536643025 96.4494183849158 93.05349979073732
90.20006781959987 96.9665625263869 93.49059022614225
90.03484320557492 96.77861115793021 93.31449804993397
90.02013917967737 96.76853495646293 93.29927052233063
90.04217898213362 96.76853495646293 93.30689294718071
90.04217898213362 96.76853495646293 93.30689294718071
90.04217898213362 96.76853495646293 93.30689294718071
90.01277088238815 96.84179331950384 93.32963556432064
90.02013917967737 96.84179331950384 93.33216966311747
90.02013917967737 96.84179331950384 93.33216966311747
90.02013917967737 96.84179331950384 93.33216966311747
90.01277088238815 96.84179331950384 93.32963556432064
90.02749661273612 96.92493025615015 93.37770758122743
90.02749661273612 96.92493025615015 93.37770758122743
90.02749661273612 96.92493025615015 93.37770758122743
90.01277088238815 96.9176993962504 93.36511883599297
90.03484320557492 96.85411263626204 93.34985458567157
90.03484320557492 96.85411263626204 93.34985458567157
90.03484320557492 96.85411263626204 93.34985458567157
90.02013917967737 96.84426489561962 93.33470183721646
90.04217898213362 96.84426489561962 93.34228683322911
90.07622952451088 97.03308114523068 93.44862978548701
90.02964053392746 96.39165491252815 93.12365756366984
90.56031800204774 96.84179331950384 93.62101120006594
90.56732466698764 96.84179331950384 93.62344216706148
90.56732466698764 96.84179331950384 93.62344216706148
90.56732466698764 96.84179331950384 93.62344216706148
90.56031800204774 96.84179331950384 93.62101120006594
90.57432093815775 96.84919646062552 93.63314753491433
91.199564015098 97.37356151004289 94.21156651938618
91.29723176399273 97.48326070783293 94.31501527943233
91.28419944957099 97.47730856095794 94.30409963674104
91.30373331718053 97.64055691359337 94.39382015491033
91.30373331718053 97.64055691359337 94.39382015491033
91.30373331718053 97.64055691359337 94.39382015491033
91.29072048207388 97.4792957356667 94.30847092010288
91.31022516342506 97.4792957356667 94.31501527943233
91.31022516342506 97.4792957356667 94.31501527943233
91.31022516342506 97.4792957356667 94.31501527943233
91.28419944957099 97.47730856095794 94.30409963674104
91.29072048207388 97.40052372740628 94.27009873060649
91.42567841231268 98.0392156862745 94.64209485137175
90.70379523034578 97.44201401461098 93.97770977213514
90.69687952388612 97.44201401461098 93.97540517339456
90.54346519177588 97.410790144435 93.88030768596234
90.54346519177588 97.410790144435 93.88030768596234
90.53644841070891 97.40467116608828 93.87095441683707
90.52942120895881 97.40467116608828 93.86861163052575
90.5504715753219 97.49135131693444 93.9230959446093
90.5504715753219 97.49135131693444 93.9230959446093
90.54346519177588 97.4854273922478 93.91381516489866
90.53644841070891 97.48344652856139 93.9091641365636
90.55746758444053 97.48344652856139 93.91613801640105
90.55746758444053 97.48344652856139 93.91613801640105
90.52942120895881 97.55837509329352 93.94042781964993
90.52942120895881 97.55837509329352 93.94042781964993
90.53644841070891 97.55837509329352 93.94274493592394
90.53644841070891 97.55837509329352 93.94274493592394
90.52942120895881 97.55837509329352 93.94042781964993
90.52942120895881 97.55837509329352 93.94042781964993
90.54346519177588 97.56414074798961 93.95199570726875
90.54346519177588 97.56414074798961 93.95199570726875
90.52942120895881 97.55837509329352 93.94042781964993
90.52942120895881 97.55837509329352 93.94042781964993
90.54346519177588 97.64285410373144 93.99017624963884
90.54346519177588 97.64285410373144 93.99017624963884
90.52942120895881 97.63540910836997 93.97637713836544
90.52942120895881 97.63540910836997 93.97637713836544
90.21448790017143 97.24328342359563 93.62063115032237
90.21448790017143 97.24328342359563 93.62063115032237
90.1855332080451 97.24111545655501 93.60847258566336
90.1927879332734 97.24111545655501 93.61090800490202
90.1927879332734 97.24111545655501 93.61090800490202
90.1927879332734 97.24111545655501 93.61090800490202
90.25950657763205 97.24111545655501 93.64659097933365
90.266706622715 97.24760915201765 93.65626350114181
90.2738960313024 97.24760915201765 93.65867703159864
90.2738960313024 97.24760915201765 93.65867703159864
90.1855332080451 97.24111545655501 93.60847258566336
90.20003194122815 97.32606713458725 93.65867703159864
90.20003194122815 97.32606713458725 93.65867703159864
90.20003194122815 97.32606713458725 93.65867703159864
90.1855332080451 97.3176490608581 93.64416823836173
90.21448790017143 97.31975854446523 93.65626350114181
90.21448790017143 97.31975854446523 93.65626350114181
90.8629135881786 98.06596701649175 94.35117826276192
90.83568264196536 98.1422687489274 94.37658398770202
90.84250558383806 98.1422687489274 94.37874430243062
90.84250558383806 98.1422687489274 94.37874430243062
90.84250558383806 98.1422687489274 94.37874430243062
90.84250558383806 98.1422687489274 94.37874430243062
90.85612103433726 98.22445919897194 94.42572645939809
90.85612103433726 98.22445919897194 94.42572645939809
90.85612103433726 98.22445919897194 94.42572645939809
90.83568264196536 98.22022799974238 94.41286796413097
90.84931837374835 98.3816689173258 94.4982207144117
90.84931837374835 98.3816689173258 94.4982207144117
90.84931837374835 98.3816689173258 94.4982207144117
90.83568264196536 98.37651865390818 94.48551967971716
90.8629135881786 98.29966293823396 94.45983379501385
91.35077308142586 98.56629281208964 94.84556487317047
92.11120835283822 99.44183824168186 95.66071634953823
92.0873736858222 99.44138935379398 95.65226545393296
92.09334584472278 99.44138935379398 95.65395826537161
92.09334584472278 99.44138935379398 95.65395826537161
92.09334584472278 99.44138935379398 95.65395826537161
92.09334584472278 99.44138935379398 95.65395826537161
92.10526315789474 99.52257980512576 95.69959128781113
92.10526315789474 99.52257980512576 95.69959128781113
92.10526315789474 99.52257980512576 95.69959128781113
92.0873736858222 99.44138935379398 95.65226545393296
92.09930899529138 99.44318058715199 95.66240258785473
92.09930899529138 99.44318058715199 95.66240258785473
92.09930899529138 99.44318058715199 95.66240258785473
92.0873736858222 99.44138935379398 95.65226545393296
92.11120835283822 99.44183824168186 95.66071634953823
92.11120835283822 99.44183824168186 95.66071634953823
92.11120835283822 99.44183824168186 95.66071634953823
92.0873736858222 99.44138935379398 95.65226545393296
92.09334584472278 99.44138935379398 95.65395826537161
92.09334584472278 99.44138935379398 95.65395826537161
92.17043343337212 99.66668845173518 95.80013490156402
92.97909587066214 99.62923147802812 96.56135803518315
92.98977976104793 99.63013218944235 96.56810254344208
92.98977976104793 99.63013218944235 96.56810254344208
92.98977976104793 99.63013218944235 96.56810254344208
93.05000206109074 99.54769014579308 96.63732431800301
93.06058610470859 99.54915521316642 96.64524203470366
93.06058610470859 99.54915521316642 96.64524203470366
93.06058610470859 99.54915521316642 96.64524203470366
92.97374170410981 99.54769014579308 96.59798856073654
92.99510952204825 99.54805730457866 96.60466646153193
92.99510952204825 99.54805730457866 96.60466646153193
92.99510952204825 99.54805730457866 96.60466646153193
92.97374170410981 99.62923147802812 96.56000595117908
92.97909587066214 99.62923147802812 96.56135803518315
92.97909587066214 99.62923147802812 96.56135803518315
92.97909587066214 99.62923147802812 96.56135803518315
92.97909587066214 99.62923147802812 96.56135803518315
92.54635504072695 99.90615042123183 96.20194338825517
92.10901535829225 99.58957654723127 95.73278399058269
92.52552534119043 99.93017521656593 96.1795949399168
91.88155082934772 99.38090583251874 95.51224125249553
91.89375927167795 99.38288980793799 95.52268534048977
92.2292473995513 99.7283966712296 95.86336044101712
92.46687387534762 99.99782120835783 96.11818440733747
92.44973664255119 99.99781415987235 96.10755008356074
92.4725690116671 99.99781592626567 96.1151519630095
92.4725690116671 99.99781592626567 96.1151519630095
92.4725690116671 99.99781592626567 96.1151519630095
92.44973664255119 99.99781415987235 96.10755008356074
92.11777428635557 99.6124368576903 95.74665304359733
92.11777428635557 99.6124368576903 95.74665304359733
92.11777428635557 99.6124368576903 95.74665304359733
91.78254858908676 99.22571409981131 95.38695629361456
91.79489261499737 99.2275736725951 95.39589442815249
91.79489261499737 99.2275736725951 95.39589442815249
91.13628118827845 98.46910293296689 94.68978709248171
91.12304214435653 98.46544562339926 94.67955461580925
91.13628118827845 98.47031816523997 94.6918288665579
90.73761939160447 97.85936633832246 94.1935950712233
90.8780321147933 98.06007776780754 94.36234660591312
91.0538745685392 98.27930656699104 94.55729925488075
91.08052083962245 98.2806731347128 94.56775761604537
91.08052083962245 98.2806731347128 94.56775761604537
91.08052083962245 98.2806731347128 94.56775761604537
91.0538745685392 98.27930656699104 94.55729925488075
91.06055105086935 98.27930656699104 94.55939414744769
91.06055105086935 98.27930656699104 94.55939414744769
91.06055105086935 98.27930656699104 94.55939414744769
91.06055105086935 98.27930656699104 94.55939414744769
92.03964910138201 99.04114026563006 95.43987593780125
92.03964910138201 99.04114026563006 95.43987593780125
92.03964910138201 99.04114026563006 95.43987593780125
92.02764131520476 99.03883621249513 95.43101909691238
92.03964910138201 99.04190583056408 95.44164318707907
92.03964910138201 99.04190583056408 95.44164318707907
92.03964910138201 99.04190583056408 95.44164318707907
92.02162382700938 99.03883621249513 95.42924359863045
91.81595017345965 98.8173087299018 95.211553343233
90.71538816171902 97.6768495605427 94.09083862966982
90.80549861328832 97.5708588368274 94.09086676254825
90.79180420256017 97.5708588368274 94.08633883176456
90.79865650328834 97.5708588368274 94.08860366421695
90.79865650328834 97.5708588368274 94.08860366421695
90.79865650328834 97.5708588368274 94.08860366421695
90.79865650328834 97.5708588368274 94.08860366421695
90.0384286084065 96.87374580173633 93.35820589561723
89.91668489391739 96.87374580173633 93.29318256309406
89.84099818909077 96.79057270400068 93.21253512172112
89.7802525604057 96.79057270400068 93.18004756437593
89.70086487344282 96.76793658156059 93.12981000173748
89.70086487344282 96.76793658156059 93.12981000173748
89.67813761157831 96.68216398985629 93.0762848157671
89.67813761157831 96.68216398985629 93.0762848157671
89.70841840274336 96.68475621344257 93.08938101956934
89.70841840274336 96.68475621344257 93.08938101956934
89.75169479732014 96.68216398985629 93.11418649675787
89.75169479732014 96.68216398985629 93.11418649675787
89.75922762128015 96.68216398985629 93.11679534702738
89.75922762128015 96.68216398985629 93.11679534702738
89.55585090555633 96.68216398985629 93.0093828979546
89.56351094196003 96.68992852775611 93.01995320753174
89.57115975042092 96.68992852775611 93.02259079210752
89.57115975042092 96.68992852775611 93.02259079210752
89.55585090555633 96.68216398985629 93.0093828979546
89.56351094196003 96.68992852775611 93.01995320753174
89.57115975042092 96.69250863739782 93.02522638408216
89.57115975042092 96.69250863739782 93.02522638408216
89.54817961646881 96.68216398985629 93.00673531639609
89.57115975042092 96.68475621344257 93.01731362809427
89.57879735560745 96.68475621344257 93.01995320753174
89.57879735560745 96.68475621344257 93.01995320753174
89.55585090555633 96.68216398985629 93.0093828979546
89.56351094196003 96.68216398985629 93.01202847557482
89.56351094196003 96.68216398985629 93.01202847557482
89.56351094196003 96.68216398985629 93.01202847557482
89.55585090555633 96.68216398985629 93.0093828979546
89.57115975042092 96.76541334346119 93.05775498319353
89.57115975042092 96.76541334346119 93.05775498319353
89.57115975042092 96.76541334346119 93.05775498319353
89.55585090555633 96.83359437836008 93.0798611466664
89.57115975042092 96.84348229733722 93.09555675885532
89.57115975042092 96.84348229733722 93.09555675885532
89.57115975042092 96.84348229733722 93.09555675885532
89.55585090555633 96.7603550295858 93.0472419191454
89.58642378211594 96.76288616255253 93.06037828342662
89.58642378211594 96.76288616255253 93.06037828342662
89.58642378211594 96.76288616255253 93.06037828342662
89.55585090555633 96.7578199352833 93.04460867607018
89.49016809387884 96.7578199352833 93.0093828979546
89.49016809387884 96.7578199352833 93.0093828979546
89.49016809387884 96.7578199352833 93.0093828979546
89.48245422626015 96.7578199352833 93.00673531639609
89.57115975042092 96.76541334346119 93.05775498319353
89.57115975042092 96.76541334346119 93.05775498319353
89.57115975042092 96.76541334346119 93.05775498319353
89.55585090555633 96.7578199352833 93.04460867607018
89.57115975042092 96.76793658156059 93.06037828342662
89.57115975042092 96.76793658156059 93.06037828342662
90.35326086956522 97.74058221001299 93.93239663117095
90.12796709987822 97.43366033238992 93.6673396234189
90.48484727410752 97.81420765027322 94.0312677364429
90.48484727410752 97.81420765027322 94.0312677364429
90.48484727410752 97.81420765027322 94.0312677364429
90.45663106854475 97.81074956172232 94.01756254977607
90.45663106854475 97.81074956172232 94.01756254977607
90.45663106854475 97.81074956172232 94.01756254977607
90.45663106854475 97.81074956172232 94.01756254977607
90.44955085017645 97.81074956172232 94.01527223061483
90.47076005841987 97.8159326010451 94.02898790106123
90.47076005841987 97.8159326010451 94.02898790106123
90.47076005841987 97.8159326010451 94.02898790106123
90.4637007968606 97.8159326010451 94.02670632338818
90.47780887644942 97.82280526438883 94.04036969490896
90.47780887644942 97.82280526438883 94.04036969490896
90.47780887644942 97.82280526438883 94.04036969490896
90.90469766224352 98.32921722323633 94.50056116722784
91.933912478688 99.00185801322215 95.36073843062562
91.933912478688 99.00185801322215 95.36073843062562
91.933912478688 99.00185801322215 95.36073843062562
91.69493246674114 98.7545060116131 95.12044536531256
91.8927720898044 98.98098267021483 95.33193497640274
91.8927720898044 98.98098267021483 95.33193497640274
91.8927720898044 98.98098267021483 95.33193497640274
91.88666177788642 98.98098267021483 95.3301228583719
91.90496514440176 98.90444046669111 95.30406395178504
91.90496514440176 98.90444046669111 95.30406395178504
91.90496514440176 98.90444046669111 95.30406395178504
91.89887320506041 98.90444046669111 95.30224525043178
91.9110479285134 98.98666092943202 95.34997910572504
91.9110479285134 98.98666092943202 95.34997910572504
91.9110479285134 99.39725198755617 95.54162130474835
91.8927720898044 99.39434724091521 95.52602552655077
91.91712157801814 99.39483330802767 95.53470329209478
91.91712157801814 99.39483330802767 95.53470329209478
91.91712157801814 99.39483330802767 95.53470329209478
91.8927720898044 99.47382153417986 95.56144279391512
91.8927720898044 99.47382153417986 95.56144279391512
91.30549094953989 98.6565458348608 94.86630904422968
90.9211745277319 98.2455386861941 94.46898286236892
90.91440433722313 98.2455386861941 94.46685519421109
90.86027992277992 98.24971078452376 94.44121735161713
90.86027992277992 98.24971078452376 94.44121735161713
90.41301476767919 97.73463472849716 93.96169167578277
89.83742264143434 97.15078591704444 93.38285843277686
89.92588471397063 97.08383448334071 93.40039706093043
89.92588471397063 97.08383448334071 93.40039706093043
89.92588471397063 97.08383448334071 93.40039706093043
89.90361637725029 97.07010960588522 93.37783026133388
89.93328568024779 97.07240605007837 93.39038638925899
89.93328568024779 97.07240605007837 93.39038638925899
89.93328568024779 97.07240605007837 93.39038638925899
89.90361637725029 97.0678095561402 93.37531330895345
89.90361637725029 97.0678095561402 93.37531330895345
89.90361637725029 97.0678095561402 93.37531330895345
89.90361637725029 97.0678095561402 93.37531330895345
89.89617170529505 97.0678095561402 93.37279444256045
89.911050086562 97.15078591704444 93.42082311536133
89.911050086562 97.15078591704444 93.42082311536133
89.911050086562 97.15078591704444 93.42082311536133
89.7142402925162 96.93312478863714 93.2154782145564
89.92588471397063 97.15969083921104 93.43577563702256
89.92588471397063 97.15969083921104 93.43577563702256
90.097748402381 97.95401319991484 93.89718212775588
90.0758180367119 97.78950066208193 93.80454292257227
90.10503700167104 97.79124607866152 93.81634355019716
90.10503700167104 97.79124607866152 93.81634355019716
90.097748402381 97.78950066208193 93.81162869772186
90.08313894371673 97.78775248477076 93.80454292257227
90.08313894371673 97.78775248477076 93.80454292257227
90.08313894371673 97.78775248477076 93.80454292257227
90.0758180367119 97.78775248477076 93.80217739022754
90.06848631272089 97.78775248477076 93.79981005079077
90.08313894371673 97.79298874104401 93.81162869772186
90.08313894371673 97.79298874104401 93.81162869772186
90.0758180367119 97.79298874104401 93.80926857425578
90.0758180367119 97.79298874104401 93.80926857425578
90.097748402381 97.79993197857326 93.82575173477255
90.097748402381 97.79993197857326 93.82575173477255
90.0758180367119 97.63519276697373 93.73299249608313
89.96273638483152 97.89613221868252 93.79293273098584
89.28444707273803 97.42946441859971 93.20601863690763
89.10704097893019 97.22068994780838 93.01383147042311
89.08320189274448 97.29281415477531 93.03581842177957
89.08320189274448 97.29281415477531 93.03581842177957
89.08320189274448 97.29281415477531 93.03581842177957
89.08320189274448 97.29281415477531 93.03581842177957
89.06725111558661 97.29281415477531 93.0305419324453
89.06725111558661 97.29281415477531 93.0305419324453
89.08320189274448 97.29918954470233 93.0437181924091
89.08320189274448 97.29918954470233 93.0437181924091
89.07523232642109 97.37562902095675 93.07629372059726
89.07523232642109 97.37562902095675 93.07629372059726
89.09910619364491 97.46017624131504 93.12973204628477
89.09910619364491 97.46017624131504 93.12973204628477
89.07523232642109 97.3714990536546 93.0710498843469
89.09115984002207 97.45018395253386 93.11413376968704
89.10704097893019 97.45018395253386 93.1193410591289
89.10704097893019 97.45018395253386 93.1193410591289
89.14209115281501 98.00351313139967 93.39184888615132
89.32875034569949 98.22655444864307 93.59554723348216
89.67418248160708 98.45273192881275 93.8872605680317
89.67418248160708 98.45273192881275 93.8872605680317
89.65140313220446 98.45273192881275 93.88025003874567
89.66660051597539 98.45641906397596 93.89192533773331
89.66660051597539 98.45641906397596 93.89192533773331
89.66660051597539 98.45641906397596 93.89192533773331
89.65900740770164 98.45641906397596 93.88959384317003
89.6817533291059 98.53933306204623 93.94163964798517
89.6817533291059 98.53933306204623 93.94163964798517
89.6817533291059 98.53933306204623 93.94163964798517
89.65900740770164 98.53235490326885 93.92080312325712
89.61604720698601 98.5335225562293 93.89425505375901
89.61604720698601 98.5335225562293 93.89425505375901
89.61604720698601 98.5335225562293 93.89425505375901
89.60080909036824 98.53118538938664 93.88492551027782
89.67418248160708 98.53118538938664 93.92312536780268
89.67418248160708 98.53118538938664 93.92312536780268
89.67418248160708 98.53118538938664 93.92312536780268
89.65140313220446 98.53118538938664 93.91615330549469
89.66660051597539 98.61308218294414 93.96363110964333
89.66660051597539 98.61308218294414 93.96363110964333
89.66660051597539 98.61308218294414 93.96363110964333
89.65900740770164 98.61308218294414 93.96132522532754
89.6817533291059 98.61748188794101 93.97742951872979
89.6817533291059 98.61748188794101 93.97742951872979
89.6817533291059 98.61748188794101 93.97742951872979
89.66660051597539 98.53585229712323 93.9300814684954
89.8601329233211 99.07043954621922 94.27617778053342
89.8601329233211 99.07043954621922 94.27617778053342
89.8601329233211 99.07043954621922 94.27617778053342
89.83775400644211 99.06671574890107 94.25861622181912
89.84522461306153 99.06671574890107 94.2608173076923
89.84522461306153 99.06671574890107 94.2608173076923
89.84522461306153 99.06671574890107 94.2608173076923
89.82277976901632 99.06671574890107 94.25420898123463
89.83775400644211 98.98983358155799 94.22911729091416
89.83775400644211 98.98983358155799 94.22911729091416
89.83775400644211 98.98983358155799 94.22911729091416
89.8302723998647 98.98983358155799 94.22690659101734
89.67418248160708 98.0568649617132 93.71595930531291
89.08238446081714 97.58230561864532 93.17687206890562
89.08238446081714 97.58230561864532 93.17687206890562
89.06644570707071 97.57659574468084 93.16395053640161
89.09827681170823 97.58040531928454 93.17945051577979
89.09827681170823 97.58040531928454 93.17945051577979
89.09827681170823 97.58040531928454 93.17945051577979
89.07442089699359 97.5708588368274 93.15876820947815
89.08238446081714 97.5708588368274 93.16136035473266
89.08238446081714 97.5708588368274 93.16136035473266
89.08238446081714 97.5708588368274 93.16136035473266
89.22757392938384 98.65867333735875 93.74271358857698
89.24331904639632 98.66187638491492 93.75463382486201
89.24331904639632 98.66187638491492 93.75463382486201
89.24331904639632 98.66187638491492 93.75463382486201
89.2354522454143 98.66187638491492 93.75225341231007
89.25117435755735 98.66506417135254 93.76413736376722
89.25117435755735 98.66506417135254 93.76413736376722
89.25117435755735 98.66506417135254 93.76413736376722
89.2354522454143 98.66187638491492 93.75225341231007
89.32670689859188 98.81257125648031 93.86684226230284
89.138606262177 98.58565480533974 93.66061987331507
89.138606262177 98.58565480533974 93.66061987331507
89.1148278174431 98.50148559617621 93.60563264297772
89.12276552553263 98.50148559617621 93.60806708854247
89.12276552553263 98.50148559617621 93.60806708854247
89.12276552553263 98.50148559617621 93.60806708854247
89.09891759500672 98.50148559617621 93.60075818447781
89.10687851574065 98.50148559617621 93.60319634232991
89.10687851574065 98.50148559617621 93.60319634232991
89.10687851574065 98.50148559617621 93.60319634232991
89.09891759500672 98.50148559617621 93.60075818447781
89.12276552553263 98.58677703673521 93.65821094793057
89.12276552553263 98.58677703673521 93.65821094793057
89.12276552553263 98.58677703673521 93.65821094793057
89.10687851574065 98.50505831561311 93.61049968114213
89.138606262177 98.50743067916193 93.62505644267478
89.138606262177 98.50743067916193 93.62505644267478
89.138606262177 98.50743067916193 93.62505644267478
89.1148278174431 98.50148559617621 93.60563264297772
89.12276552553263 98.50148559617621 93.60806708854247
89.12276552553263 98.50148559617621 93.60806708854247
89.12276552553263 98.50148559617621 93.60806708854247
89.09891759500672 98.58001680708483 93.63644795284273
89.10687851574065 98.58001680708483 93.63887343675958
89.10687851574065 98.58001680708483 93.63887343675958
89.10687851574065 98.58001680708483 93.63887343675958
89.09891759500672 98.58001680708483 93.63644795284273
89.12276552553263 98.58677703673521 93.65821094793057
89.12276552553263 98.58677703673521 93.65821094793057
89.12276552553263 98.58677703673521 93.65821094793057
89.10687851574065 98.58340498710231 93.64613880742914
89.138606262177 98.58565480533974 93.66061987331507
89.138606262177 98.58565480533974 93.66061987331507
89.138606262177 98.58565480533974 93.66061987331507
89.12276552553263 98.65974272231679 93.68180508090748
89.13069166535371 98.65974272231679 93.6842105263158
89.13069166535371 98.65974272231679 93.6842105263158
89.13069166535371 98.65974272231679 93.6842105263158
89.09891759500672 98.58001680708483 93.63644795284273
89.2037146808931 99.19774501300954 93.97188049209139
89.2037146808931 99.19774501300954 93.97188049209139
89.19581594922191 99.19774501300954 93.96957380575637
89.19581594922191 99.19774501300954 93.96957380575637
89.21947754715492 99.20158819213673 93.99027064910437
89.21947754715492 99.20158819213673 93.99027064910437
89.21160187177918 99.19967121628345 93.9810896178699
89.2037146808931 99.19967121628345 93.97878997532037
89.23519445210607 99.20095022135838 93.99256153220074
89.23519445210607 99.20095022135838 93.99256153220074
89.21947754715492 99.19838811014581 93.97878997532037
89.21947754715492 99.19838811014581 93.97878997532037
89.22734173222136 99.19838811014581 93.9810896178699
89.22734173222136 99.19838811014581 93.9810896178699
89.19581594922191 99.19774501300954 93.96957380575637
89.19581594922191 99.19774501300954 93.96957380575637
89.2037146808931 99.19774501300954 93.97188049209139
89.2037146808931 99.19774501300954 93.97188049209139
89.19581594922191 99.19774501300954 93.96957380575637
89.19581594922191 99.19774501300954 93.96957380575637
89.21243686868688 99.4376189652189 94.09306644655386
89.21243686868688 99.4376189652189 94.09306644655386
89.19666495436044 99.4362654755968 94.08176978342895
89.19666495436044 99.4362654755968 94.08176978342895
89.22030556924594 99.43716852473212 94.09306644655386
89.22030556924594 99.43716852473212 94.09306644655386
89.20455667212887 99.43535952396465 94.07950526381103
89.37394916427654 99.51719446090372 94.64326584964941
89.38948033735606 99.59871941057801 94.61099622790519
89.38948033735606 99.59871941057801 94.61099622790519
89.358372456964 99.59839357429718 94.60061635848743
89.36616651490557 99.59839357429718 94.60269552999948
89.36616651490557 99.59839357429718 94.60269552999948
89.36616651490557 99.59839357429718 94.60269552999948
89.358372456964 99.59839357429718 94.60061635848743
89.38172043010752 99.51914670396923 94.6556090675081
89.38172043010752 99.51914670396923 94.6556090675081
89.38172043010752 99.51914670396923 94.6556090675081
89.36616651490557 99.5179772572906 94.64532701047223
89.38948033735606 99.6000174855744 94.61927143316629
89.38948033735606 99.6000174855744 94.61927143316629
89.76357650045618 99.43076081007115 94.90285452634427
89.9540106313086 99.17422707654364 95.11924802124612
89.96878913782479 99.17422707654364 95.12302146998903
89.96878913782479 99.17422707654364 95.12302146998903
89.96878913782479 99.17422707654364 95.12302146998903
89.93918851560163 99.17355371900827 95.11357688684183
89.94660503665924 99.17355371900827 95.11546872874528
89.94660503665924 99.17355371900827 95.11546872874528
89.94660503665924 99.17355371900827 95.11546872874528
89.93918851560163 99.17355371900827 95.11357688684183
89.96140532367804 99.01368538980296 95.20404221779118
89.96140532367804 99.01368538980296 95.20404221779118
89.96140532367804 99.01368538980296 95.20404221779118
89.94660503665924 99.01127455298159 95.19476172545082
89.96140532367804 99.01288308490524 95.20218898821958
89.96140532367804 99.01288308490524 95.20218898821958
89.96140532367804 99.01288308490524 95.20218898821958
89.94660503665924 99.09201101928375 95.15418502202643
89.96878913782479 99.09201101928375 95.15980685214991
90.3171087030274 98.65872822646688 95.54727673417987
89.83663179625623 99.09201101928375 95.08626451666807
89.80668538095522 99.09127001632186 95.07675243546413
89.8141885170891 99.09127001632186 95.0786577967449
89.8141885170891 99.09127001632186 95.0786577967449
89.8141885170891 99.09127001632186 95.0786577967449
89.80668538095522 99.09127001632186 95.07675243546413
89.82916170043703 99.17757747220212 95.05717293640619
89.82916170043703 99.17757747220212 95.05717293640619
89.82916170043703 99.17757747220212 95.05717293640619
89.8141885170891 99.1755705052104 95.04762302615089
89.82916170043703 99.17690956979807 95.05526590198123
89.82916170043703 99.17690956979807 95.05526590198123
89.82916170043703 99.17690956979807 95.05526590198123
89.8141885170891 99.2563092697309 95.0070521861777
89.83663179625623 99.2563092697309 95.01283576482375
89.83663179625623 99.2563092697309 95.01283576482375
89.83663179625623 99.2563092697309 95.01283576482375
89.80668538095522 99.25570333832468 95.00318900889786
89.71958902203939 99.72602739726028 94.74172433919786
89.71958902203939 99.72602739726028 94.74172433919786
90.10098590987108 99.25570333832468 95.16426223329634
90.09367073438655 99.25570333832468 95.16238832856799
90.11558389796733 99.25932418810535 95.17920136931973
90.11558389796733 99.25932418810535 95.17920136931973
90.11558389796733 99.25932418810535 95.17920136931973
90.10098590987108 99.25751817762449 95.16987524704848
90.11558389796733 99.2587231616115 95.17733902711507
90.11558389796733 99.2587231616115 95.17733902711507
90.11558389796733 99.2587231616115 95.17733902711507
90.10098590987108 99.2563092697309 95.16613468682958
90.12286675826911 99.2563092697309 95.17174335709656
90.12286675826911 99.2563092697309 95.17174335709656
90.12286675826911 99.2563092697309 95.17174335709656
90.09367073438655 99.25570333832468 95.16238832856799
90.10098590987108 99.25570333832468 95.16426223329634
90.10098590987108 99.25570333832468 95.16426223329634
90.10098590987108 99.25570333832468 95.16426223329634
90.09367073438655 99.25570333832468 95.16238832856799
90.10829028977125 99.1755705052104 95.20856643905091
90.56342827363653 98.28557487579845 95.86013750407984
90.01852848006693 98.53312093455463 95.44611126835865
90.00379097747361 98.61271163903909 95.40018689037515
90.02588094764086 98.45252569912678 95.48839888964542
90.02588094764086 98.45252569912678 95.48839888964542
90.02588094764086 98.45252569912678 95.48839888964542
90.01116516468618 98.4474460487502 95.47788288903122
90.03322259136213 98.4474460487502 95.48314701008871
90.03322259136213 98.4474460487502 95.48314701008871
90.03322259136213 98.4474460487502 95.48314701008871
90.00379097747361 98.44617092119867 95.47436665300675
90.01116516468618 98.44617092119867 95.47612545427809
90.01116516468618 98.44617092119867 95.47612545427809
90.01116516468618 98.44617092119867 95.47612545427809
90.00379097747361 98.44617092119867 95.47436665300675
90.01852848006693 98.44999003565023 95.48314701008871
90.01852848006693 98.44999003565023 95.48314701008871
90.01852848006693 98.44999003565023 95.48314701008871
90.00379097747361 98.44617092119867 95.47436665300675
90.02588094764086 98.45252569912678 95.48839888964542
90.02588094764086 98.45252569912678 95.48839888964542
90.17308766052484 98.45252569912678 95.5704895002254
90.15856532332148 98.4474460487502 95.56015594623848
90.1803327687556 98.4474460487502 95.56532874296751
90.1803327687556 98.4474460487502 95.56532874296751
90.1803327687556 98.4474460487502 95.56532874296751
90.15128804684534 98.44617092119867 95.55670070566956
90.15856532332148 98.44617092119867 95.55842899793954
90.15856532332148 98.44617092119867 95.55842899793954
90.15856532332148 98.44617092119867 95.55842899793954
90.15128804684534 98.44617092119867 95.55670070566956
90.16583185328571 98.36672280826167 95.6024570798551
90.16583185328571 98.36672280826167 95.6024570798551
90.15856532332148 98.36269522138049 95.5956124391347
90.15128804684534 98.36269522138049 95.59389794844819
90.17308766052484 98.36939687596796 95.60757661569443
90.17308766052484 98.36939687596796 95.60757661569443
90.16583185328571 98.2819089900111 95.63791889534579
90.15856532332148 98.28049674538467 95.63452417259984
90.1803327687556 98.28049674538467 95.63961427761087
90.1803327687556 98.28049674538467 95.63961427761087
90.15856532332148 98.36269522138049 95.5956124391347
90.15128804684534 98.36269522138049 95.59389794844819
90.15856532332148 98.36269522138049 95.5956124391347
90.15856532332148 98.36269522138049 95.5956124391347
90.15128804684534 98.36269522138049 95.59389794844819
90.15128804684534 98.36269522138049 95.59389794844819
90.16583185328571 98.36672280826167 95.6024570798551
90.16583185328571 98.36672280826167 95.6024570798551
90.15128804684534 98.36269522138049 95.59389794844819
90.15128804684534 98.36269522138049 95.59389794844819
90.16583185328571 98.3680609375346 95.60416491728945
90.16583185328571 98.3680609375346 95.60416491728945
90.15128804684534 98.44617092119867 95.55670070566956
90.15128804684534 98.44617092119867 95.55670070566956
90.1803327687556 98.4474460487502 95.56532874296751
90.00815417354467 99.51719446090372 94.99102746014523
89.97865677298387 99.51680210849989 94.98134074825167
89.97865677298387 99.51680210849989 94.98134074825167
89.9860474387084 99.51680210849989 94.98328108672936
89.9519815098926 99.73262032085562 94.86729912228519
90.19458984296959 99.43507792407623 95.13537840015908
90.20183266455052 99.5179772572906 95.10612961183304
90.20906479412703 99.5179772572906 95.10802034061126
90.20906479412703 99.5179772572906 95.10802034061126
90.12066967674912 99.51680210849989 95.05984265148979
90.12796709987822 99.5179772572906 95.06748004846864
90.13525375039897 99.51836770436535 95.07128989833622
90.13525375039897 99.51836770436535 95.07128989833622
90.12066967674912 99.59839357429718 95.02305978812186
90.14979482889129 99.59871941057801 95.03267018767092
90.14979482889129 99.59871941057801 95.03267018767092
90.14979482889129 99.98034762861386 94.84260088751849
90.29384683133831 99.09127001632186 95.34712894560109
90.3010301030103 99.09127001632186 95.34893478648527
90.3010301030103 99.09127001632186 95.34893478648527
90.3010301030103 99.09127001632186 95.34893478648527
90.3010301030103 99.09127001632186 95.34893478648527
90.31536479658072 99.09348940570749 95.35794300550681
90.31536479658072 99.09348940570749 95.35794300550681
90.42010757633321 98.51515822084532 95.67546559384881
89.66209501093222 99.27344782034346 94.91486472370208
89.67727850111147 99.35752658699704 94.89003948369084
89.67727850111147 99.35752658699704 94.89003948369084
89.67727850111147 99.35752658699704 94.89003948369084
89.66209501093222 99.35543480652045 94.87819394989924
89.6924174561021 99.35595902756408 94.88806903451726
89.6924174561021 99.35595902756408 94.88806903451726
89.6924174561021 99.35595902756408 94.88806903451726
89.66209501093222 99.35543480652045 94.87819394989924
89.66969233519376 99.35543480652045 94.88017201786981
89.66969233519376 99.35543480652045 94.88017201786981
89.66969233519376 99.35543480652045 94.88017201786981
89.66969233519376 99.35543480652045 94.88017201786981
89.68485353325003 99.35700491573034 94.89003948369084
89.68485353325003 99.35700491573034 94.89003948369084
89.68485353325003 99.35700491573034 94.89003948369084
89.66209501093222 99.43728843363961 94.84155150098117
89.67727850111147 99.35752658699704 94.89003948369084
89.67727850111147 99.35752658699704 94.89003948369084
89.67727850111147 98.7715312851503 95.15173674588665
89.66209501093222 98.76750824242693 95.14046679161912
89.52209518534636 99.40902500109846 94.76954783912066
89.52209518534636 99.40902500109846 94.76954783912066
89.52209518534636 99.40902500109846 94.76954783912066
89.49133039717493 99.40854422725974 94.75945644352205
89.4990385187241 99.49031152511094 94.72494034034659
89.4990385187241 99.49031152511094 94.72494034034659
89.4990385187241 99.49031152511094 94.72494034034659
89.4990385187241 99.49031152511094 94.72494034034659
89.5144208880179 99.49155142562843 94.73509038337528
89.5144208880179 99.49155142562843 94.73509038337528
89.5144208880179 99.49155142562843 94.73509038337528
89.564734357021 99.49031152511094 94.76147783662066
89.58003169572108 99.49196338632682 94.77357352359952
89.58003169572108 99.49196338632682 94.77357352359952
89.58003169572108 99.49196338632682 94.77357352359952
89.49133039717493 99.49031152511094 94.72290563362662
89.52209518534636 99.57229338480435 94.69660724315105
89.52209518534636 99.57229338480435 94.69660724315105
89.49377101048053 99.78769971547385 94.58445875753169
89.8424585233723 99.06455456029651 95.10859894279584
89.84993830354655 99.06455456029651 95.11049261289918
89.84993830354655 99.06455456029651 95.11049261289918
89.84993830354655 99.06455456029651 95.11049261289918
89.84993830354655 99.06455456029651 95.11049261289918
89.86486486486487 98.98458149779735 95.15670706226493
89.86486486486487 98.98458149779735 95.15670706226493
89.86486486486487 98.98458149779735 95.15670706226493
89.84993830354655 98.98209278191172 95.14732820432302
89.86486486486487 98.9854083676299 95.1585784851238
89.86486486486487 98.9854083676299 95.1585784851238
89.86486486486487 98.9854083676299 95.1585784851238
89.8424585233723 98.98209278191172 95.14544807221094
89.87231169450126 98.98292370824691 95.15483419207173
89.87231169450126 98.98292370824691 95.15483419207173
89.87231169450126 98.98292370824691 95.15483419207173
89.8424585233723 98.98209278191172 95.14544807221094
89.84993830354655 98.98209278191172 95.14732820432302
89.84993830354655 98.98209278191172 95.14732820432302
89.84993830354655 98.98209278191172 95.14732820432302
89.84993830354655 98.98209278191172 95.14732820432302
89.86486486486487 98.98458149779735 95.15670706226493
89.86486486486487 98.98458149779735 95.15670706226493
89.86486486486487 98.98458149779735 95.15670706226493
89.84993830354655 98.98209278191172 95.14732820432302
89.86486486486487 98.9854083676299 95.1585784851238
89.86486486486487 98.9854083676299 95.1585784851238
89.86486486486487 98.9854083676299 95.1585784851238
89.8424585233723 98.98209278191172 95.14544807221094
89.87231169450126 98.98292370824691 95.15483419207173
89.87231169450126 98.98292370824691 95.15483419207173
89.87231169450126 98.98292370824691 95.15483419207173
89.8424585233723 98.89949615486609 95.18232576654341
89.84993830354655 98.89949615486609 95.18419233910657
89.84993830354655 98.89949615486609 95.18419233910657
89.84993830354655 98.89949615486609 95.18419233910657
89.84993830354655 98.89949615486609 95.18419233910657
89.86486486486487 98.90218900866344 95.1935035481747
89.6937480165027 99.5399881711244 94.81299509717176
89.6937480165027 99.5399881711244 94.81299509717176
89.6785983870327 99.53886693017128 94.80298700486014
89.6937480165027 99.45893846794156 94.85150988372698
89.6937480165027 99.45893846794156 94.85150988372698
89.6937480165027 99.45893846794156 94.85150988372698
89.67100685816519 99.37535740993269 94.8742312391016
89.70130616613481 99.45761967501097 94.84754096652881
89.70130616613481 99.45761967501097 94.84754096652881
89.68617876496158 99.45717864756169 94.84157610396112
89.50020832919982 99.91046275468979 94.45899866932801
89.50791070224831 99.91046275468979 94.46112918143179
89.50791070224831 99.91046275468979 94.46112918143179
89.50791070224831 99.91046275468979 94.46112918143179
89.50791070224831 99.91046275468979 94.46112918143179
89.52328159645234 99.99127875286166 94.5080257737842
89.52328159645234 99.99127875286166 94.5080257737842
89.50791070224831 99.99125759496438 94.49746340652028
89.50791070224831 99.99125759496438 94.49746340652028
89.52328159645234 99.99128578275457 94.51013338311863
89.52328159645234 99.99128578275457 94.51013338311863
89.31060426071117 99.79931067579948 94.30409963674104
89.31060426071117 99.79931067579948 94.30409963674104
89.34183512318383 99.79947252555635 94.31501527943233
89.34183512318383 99.79947252555635 94.31501527943233
89.38385998257702 99.79931067579948 94.3425012973534
89.38385998257702 99.79931067579948 94.3425012973534
89.39163121970522 99.79931067579948 94.34467303682031
89.39163121970522 99.79931067579948 94.34467303682031
89.31842912256404 99.79931067579948 94.30628611742247
89.32624253687082 99.88021604669396 94.35117826276192
89.33404452873427 99.88021604669396 94.3533433469726
89.33404452873427 99.88021604669396 94.3533433469726
89.31842912256404 99.96067121132668 94.37874430243062
89.31842912256404 99.96067121132668 94.37874430243062
89.33404452873427 99.95858671723447 94.42786378992311
89.33404452873427 99.95858671723447 94.42786378992311
89.31060426071117 99.95845269073494 94.41286796413097
89.33404452873427 99.95848627862262 94.42144687561601
89.34183512318383 99.96070298002402 94.38736898850313
89.34183512318383 99.96070298002402 94.38736898850313
89.31842912256404 99.96067121132668 94.37874430243062
89.32624253687082 99.96067121132668 94.38090295796574
89.32624253687082 99.96067121132668 94.38090295796574
89.32624253687082 99.96067121132668 94.38090295796574
89.31842912256404 99.96067121132668 94.37874430243062
89.33404452873427 99.96076636369581 94.38952102634252
89.33404452873427 99.96076636369581 94.38952102634252
89.33404452873427 99.96076636369581 94.38952102634252
89.31842912256404 99.96067121132668 94.37874430243062
89.33404452873427 99.96079797891802 94.39167141451287
89.33404452873427 99.96079797891802 94.39167141451287
89.33404452873427 99.96079797891802 94.39167141451287
89.31842912256404 99.96070298002402 94.38090295796574
89.34961434517587 99.96073469743902 94.39167141451287
89.34961434517587 99.96073469743902 94.39167141451287
89.1807281104176 99.33665727292434 94.01768487087155
89.14910842992832 99.33559145388223 94.00395048450314
89.08402067958482 99.33559145388223 93.96799470713503
89.08402067958482 99.33559145388223 93.96799470713503
89.08402067958482 99.33559145388223 93.96799470713503
88.94782505816934 99.33559145388223 93.89480210809134
89.03678034181303 99.33718890116316 93.94461348048063
89.03678034181303 99.33718890116316 93.94461348048063
89.03678034181303 99.33718890116316 93.94461348048063
89.02078321568008 99.25585229861366 93.89713553771938
89.03678034181303 99.25823403473109 93.91109874367457
89.03678034181303 99.25823403473109 93.91109874367457
89.03678034181303 99.25823403473109 93.91109874367457
89.02078321568008 99.25644916540213 93.8994671843377
89.05273091895718 99.25704507548681 93.91109874367457
89.05273091895718 99.25704507548681 93.91109874367457
89.05273091895718 99.25704507548681 93.91109874367457
89.02078321568008 99.33559145388223 93.93303709827427
89.02078321568008 99.33559145388223 93.93303709827427
89.02078321568008 99.33559145388223 93.93303709827427
89.02078321568008 99.33559145388223 93.93303709827427
89.01276713301893 99.33559145388223 93.93071650832705
89.03678034181303 99.25764003116613 93.90877598152426
88.86879962267118 98.23708336903437 93.3543784847491
88.86879962267118 98.23708336903437 93.3543784847491
88.86069974629771 98.23708336903437 93.35185735817329
88.87688772804934 98.24265459514862 93.36695548985709
88.87688772804934 98.24265459514862 93.36695548985709
88.87688772804934 98.24265459514862 93.36695548985709
88.85258807321394 98.23428448830724 93.34428248819545
88.88496408807252 98.23568503869488 93.3568976999129
88.88496408807252 98.23568503869488 93.3568976999129
88.88496408807252 98.23568503869488 93.3568976999129
88.85258807321394 98.23288171258025 93.3417536941766
88.85258807321394 98.23288171258025 93.3417536941766
88.85258807321394 98.23288171258025 93.3417536941766
88.85258807321394 98.23288171258025 93.3417536941766
88.84446457762985 98.23288171258025 93.33922297783165
88.86879962267118 98.23708336903437 93.3543784847491
88.86879962267118 98.23708336903437 93.3543784847491
88.86879962267118 98.23708336903437 93.3543784847491
88.86069974629771 98.23708336903437 93.35185735817329
88.87688772804934 98.24265459514862 93.36695548985709
88.87688772804934 98.24265459514862 93.36695548985709
88.87688772804934 98.24265459514862 93.36695548985709
88.65193912616593 98.0323727144264 93.14254693693601
88.6848236837468 98.11159165845929 93.19076693359514
88.51843889855185 97.51032046644252 92.82621761763598
88.51843889855185 97.51032046644252 92.82621761763598
88.48513357245056 97.42956321741167 92.7749086529629
88.48513357245056 97.42956321741167 92.7749086529629
88.48513357245056 97.42956321741167 92.7749086529629
88.48513357245056 97.42956321741167 92.7749086529629
88.47677702808724 97.42956321741167 92.7721791690916
88.42939622272237 97.43562505311463 92.7508327985086
88.42939622272237 97.43562505311463 92.7508327985086
88.42939622272237 97.43562505311463 92.7508327985086
88.42101139880137 97.43562505311463 92.74809938242667
88.51013064225926 97.44366316502881 92.80209053564892
88.51013064225926 97.44366316502881 92.80209053564892
88.51013064225926 97.44366316502881 92.80209053564892
88.31895455523603 96.6419013044029 92.32549875628204
88.35267726519066 96.64452177580934 92.33988650182408
88.35267726519066 96.64452177580934 92.33988650182408
88.35267726519066 96.64452177580934 92.33988650182408
88.7460439150007 97.27419629188637 92.84598020489668
88.14479284626499 95.90993899498962 91.89235637238549
88.14479284626499 95.90993899498962 91.89235637238549
88.14479284626499 95.90993899498962 91.89235637238549
88.13622242629101 95.90993899498962 91.88932262696952
88.15335089259584 95.9194344516021 91.9044686929048
88.15335089259584 95.9194344516021 91.9044686929048
88.15335089259584 95.9194344516021 91.9044686929048
88.14479284626499 95.9194344516021 91.90144400686661
88.17042997136122 95.93202668890743 91.92256946892405
88.17042997136122 95.93202668890743 91.92256946892405
88.17042997136122 95.93202668890743 91.92256946892405
88.14479284626499 95.83882783882784 91.861040679644
88.17895105711949 95.84204802141721 91.8762225493557
88.17895105711949 95.84204802141721 91.8762225493557
88.17895105711949 95.84204802141721 91.8762225493557
88.15335089259584 95.83560266454397 91.861040679644
88.15335089259584 95.83560266454397 91.861040679644
88.15335089259584 95.83560266454397 91.861040679644
88.14479284626499 95.83560266454397 91.85799749383564
88.3191385217817 96.04887470607994 92.05223540377075
88.15335089259584 95.9194344516021 91.9044686929048
88.15335089259584 95.9194344516021 91.9044686929048
88.14479284626499 95.9194344516021 91.90144400686661
88.14479284626499 95.9194344516021 91.90144400686661
88.17042997136122 95.93202668890743 91.92256946892405
88.17042997136122 95.93202668890743 91.92256946892405
88.14479284626499 95.9875055030293 91.9297607133109
88.14479284626499 95.9875055030293 91.9297607133109
88.17895105711949 95.99061544262433 91.9448256377139
88.17895105711949 95.99061544262433 91.9448256377139
88.15335089259584 95.98439073514602 91.9297607133109
88.15335089259584 95.98439073514602 91.9297607133109
88.15335089259584 95.98439073514602 91.9297607133109
88.15335089259584 95.98439073514602 91.9297607133109
88.13622242629101 95.98439073514602 91.92371895391776
88.13622242629101 95.98439073514602 91.92371895391776
88.15335089259584 95.99372056514913 91.93880642229627
88.15335089259584 95.99372056514913 91.93880642229627
88.14479284626499 95.99372056514913 91.9357934399402
88.25334766884959 95.74321503131524 91.87824945737216
88.16355950363314 95.32383043964697 91.63646221347604
89.27662596413705 96.41046058421693 92.73891175125743
89.25309398600292 96.31865704609042 92.67929758762318
89.26094944586025 96.32152015806953 92.68481459981872
89.28444707273803 96.32152015806953 92.69307454427084
89.28444707273803 96.32152015806953 92.69307454427084
89.26879343019583 96.3157894736842 92.68205713354253
89.26879343019583 96.3157894736842 92.68205713354253
89.26879343019583 96.3157894736842 92.68205713354253
89.26879343019583 96.3157894736842 92.68205713354253
89.24522702542289 96.3157894736842 92.6737722474374
89.26094944586025 96.24958025520483 92.65267078469883
89.26094944586025 96.24958025520483 92.65267078469883
89.26094944586025 96.24958025520483 92.65267078469883
89.25309398600292 96.24958025520483 92.64990328820116
89.27662596413705 96.26119340530587 92.66923209698545
89.27662596413705 96.26119340530587 92.66923209698545
89.27662596413705 96.26119340530587 92.66923209698545
89.25309398600292 96.24374658426872 92.64436203594279
89.28444707273803 96.24666568650102 92.65819953020612
89.28444707273803 96.24666568650102 92.65819953020612
89.28444707273803 96.24666568650102 92.65819953020612
89.26879343019583 96.24082293792205 92.64713370606866
89.26879343019583 96.24082293792205 92.64713370606866
89.26879343019583 96.24082293792205 92.64713370606866
89.26879343019583 96.24082293792205 92.64713370606866
89.24522702542289 96.24082293792205 92.63881242225894
89.26094944586025 96.24958025520483 92.65267078469883
89.26094944586025 96.24958025520483 92.65267078469883
89.26094944586025 96.24958025520483 92.65267078469883
89.25309398600292 96.24958025520483 92.64990328820116
89.27662596413705 96.1867330085924 92.63443152061384
89.27662596413705 96.1867330085924 92.63443152061384
89.27662596413705 96.1867330085924 92.63443152061384
89.26094944586025 96.1778634592012 92.6205753449731
89.28444707273803 96.18082455662808 92.63166444983703
89.28444707273803 96.18082455662808 92.63166444983703
89.28444707273803 96.18082455662808 92.63166444983703
89.26094944586025 96.1659730104679 92.6094528123186
89.7079828598635 95.95016883035171 92.74536390420944
89.87200890372844 96.13566160247116 92.91966702415607
89.87200890372844 96.13566160247116 92.91966702415607
89.84961657205459 96.13566160247116 92.91163057038264
89.86455577875455 96.14465408805032 92.92501454393289
89.86455577875455 96.14465408805032 92.92501454393289
89.86455577875455 96.14465408805032 92.92501454393289
89.85709167628677 96.14465408805032 92.92234179412306
89.87200890372844 96.15360481897471 92.93568538730422
89.87200890372844 96.15360481897471 92.93568538730422
89.87200890372844 96.15360481897471 92.93568538730422
89.85709167628677 96.07013427739489 92.88725134977904
89.88688231792023 96.15062586344037 92.93834807057577
89.88688231792023 96.15062586344037 92.93834807057577
89.88688231792023 96.15062586344037 92.93834807057577
89.86455577875455 96.21046433378197 92.95213173738387
89.87200890372844 96.21046433378197 92.9547962561818
89.87200890372844 96.21046433378197 92.9547962561818
89.87200890372844 96.21046433378197 92.9547962561818
89.84961657205459 96.21046433378197 92.94679664883333
89.65058830532352 95.9053932537276 92.69889429636116
89.99521969485718 96.29404107000377 93.06464142611824
89.99521969485718 96.29404107000377 93.06464142611824
89.98784109709183 96.29404107000377 93.06201748555652
90.00258742511394 96.30265831535287 93.07511737089203
90.00258742511394 96.30265831535287 93.07511737089203
90.00258742511394 96.30265831535287 93.07511737089203
89.98784109709183 96.29404107000377 93.06201748555652
90.01729037899716 96.22515030270021 93.04260917453648
90.01729037899716 96.22515030270021 93.04260917453648
90.01729037899716 96.22515030270021 93.04260917453648
89.99521969485718 96.06097509763575 92.95118161746667
90.00258742511394 96.06097509763575 92.95384646823815
90.00258742511394 96.06097509763575 92.95384646823815
90.00258742511394 96.06097509763575 92.95384646823815
89.98045160775553 96.06097509763575 92.94584586427709
89.98784109709183 96.06097509763575 92.94851475024286
89.98784109709183 96.06097509763575 92.94851475024286
89.98784109709183 96.06097509763575 92.94851475024286
89.98045160775553 96.13566160247116 92.98103785266217
90.0384286084065 95.61564059900167 92.76929493504777
90.74854505318082 96.18780600075323 93.41452921412767
90.74854505318082 96.18780600075323 93.41452921412767
90.90286726804125 96.2152522815483 93.5075876665742
90.9298964105035 96.22111900123589 93.52236266158215
90.9298964105035 96.22111900123589 93.52236266158215
90.9298964105035 96.22111900123589 93.52236266158215
90.90963964507756 96.13162152507827 93.46708876372159
90.91640194619808 96.13162152507827 93.46957227547801
90.91640194619808 96.13162152507827 93.46957227547801
90.91640194619808 96.13162152507827 93.46957227547801
90.89608479255244 96.13162152507827 93.46211606904072
90.90286726804125 96.13162152507827 93.464603362295
90.90286726804125 96.13162152507827 93.464603362295
90.90286726804125 96.13162152507827 93.464603362295
90.89608479255244 96.13162152507827 93.46211606904072
90.91640194619808 96.29862376673161 93.55540281297127
90.91640194619808 96.29862376673161 93.55540281297127
90.91640194619808 96.29862376673161 93.55540281297127
90.90286726804125 96.28999748047366 93.54314846030506
90.9298964105035 96.2957527986248 93.557848103862
90.9298964105035 96.2957527986248 93.557848103862
90.9298964105035 96.2957527986248 93.557848103862
90.91640194619808 96.20936731734992 93.5075876665742
90.92315419387242 96.20936731734992 93.51005484460696
90.92315419387242 96.20936731734992 93.51005484460696
90.92315419387242 96.20936731734992 93.51005484460696
91.24542346825253 96.59234861920446 93.86473280234708
91.25197073210171 96.59234861920446 93.8670769739152
91.25197073210171 96.59234861920446 93.8670769739152
91.24542346825253 96.59234861920446 93.86473280234708
91.24542346825253 96.59234861920446 93.86473280234708
91.26503592475983 96.68342131275107 93.92154237515062
91.26503592475983 96.68342131275107 93.92154237515062
91.25850821029671 96.6756608625996 93.9122631486658
91.25197073210171 96.6756608625996 93.90993891365362
91.27806214985289 96.60560684767293 93.88809418447892
91.27806214985289 96.60560684767293 93.88809418447892
91.26503592475983 96.51966777688773 93.83828593817665
91.26503592475983 96.51966777688773 93.83828593817665
91.12086496063785 96.51966777688773 93.76139230729622
91.12086496063785 96.51966777688773 93.76139230729622
91.09432742987539 96.51695111917469 93.74948411060669
91.09432742987539 96.51695111917469 93.74948411060669
91.10097667285496 96.44167123403179 93.71610615089592
91.10097667285496 96.44167123403179 93.71610615089592
91.09432742987539 96.44167123403179 93.7137081386594
91.09432742987539 96.44167123403179 93.7137081386594
91.11424541607899 96.45824590851866 93.73522458628841
91.11424541607899 96.45824590851866 93.73522458628841
91.10097667285496 96.37498423906192 93.68759136110025
91.10097667285496 96.37498423906192 93.68759136110025
91.12086496063785 96.38061267310113 93.6995900418178
91.12086496063785 96.38061267310113 93.6995900418178
91.10761599419273 96.21947631656369 93.61384661295136
91.10761599419273 96.21947631656369 93.61384661295136
91.12086496063785 96.21947631656369 93.61870584969101
91.12086496063785 96.21947631656369 93.61870584969101
91.09432742987539 96.29146320929449 93.64223804763427
91.10097667285496 96.29146320929449 93.6446614744303
91.10097667285496 96.29146320929449 93.6446614744303
91.10097667285496 96.29146320929449 93.6446614744303
91.09432742987539 96.29146320929449 93.64223804763427
91.11424541607899 96.30871077219592 93.66398258083069
91.11424541607899 96.30871077219592 93.66398258083069
91.11424541607899 96.30871077219592 93.66398258083069
91.10097667285496 96.22534620226605 93.6162771560237
91.12086496063785 96.23119788829764 93.6284021724623
91.12086496063785 96.23119788829764 93.6284021724623
90.77361253184107 95.84967865787497 93.26454014583611
90.75989795713396 95.83682183523108 93.24921329656925
90.77361253184107 95.83682183523108 93.25432999088423
90.77361253184107 95.83682183523108 93.25432999088423
90.77361253184107 95.83682183523108 93.25432999088423
90.7461425496389 95.8335951737573 93.24152368442657
90.75302536887389 95.8335951737573 93.24408883417962
90.75302536887389 95.8335951737573 93.24408883417962
90.75302536887389 95.8335951737573 93.24408883417962
90.7461425496389 95.8335951737573 93.24152368442657
90.76676033721397 95.9268842333695 93.29984449173351
90.72305593451568 95.71517801374141 93.17592006048592
90.91640194619808 95.9268842333695 93.37818189265016
90.90286726804125 95.91742831447515 93.36561445264012
90.91640194619808 95.92373713116295 93.37567221510884
90.91640194619808 95.92373713116295 93.37567221510884
90.91640194619808 95.92373713116295 93.37567221510884
90.90286726804125 95.91109993925302 93.36057410962701
90.92315419387242 95.91109993925302 93.36813175544025
90.92315419387242 95.91109993925302 93.36813175544025
90.92315419387242 95.91109993925302 93.36813175544025
90.89608479255244 95.9079283887468 93.35552610218947
90.90286726804125 95.9079283887468 93.3580510650535
90.90286726804125 95.9079283887468 93.3580510650535
90.90286726804125 95.9079283887468 93.3580510650535
90.89608479255244 95.9079283887468 93.35552610218947
90.91640194619808 96.07523510971787 93.44898962987253
90.91640194619808 96.07523510971787 93.44898962987253
90.91640194619808 96.07523510971787 93.44898962987253
91.3313507717829 96.32033268225064 93.78220188780347
91.77439977269498 96.79696554630702 94.24158464973948
91.57739119868769 96.58123252244486 94.03548586754692
91.98909638309125 96.9931797546401 94.44761026554907
91.97701898785755 96.98375378619389 94.43480969936134
91.99512145543245 96.90780562140196 94.40498532812127
91.99512145543245 96.90780562140196 94.40498532812127
91.99512145543245 96.90780562140196 94.40498532812127
91.97096662385059 96.90538222024529 94.39423216771593
91.97701898785755 96.90538222024529 94.39638610519758
91.97701898785755 96.90538222024529 94.39638610519758
91.97701898785755 96.90538222024529 94.39638610519758
92.30784971760662 97.27419629188637 94.7466110531804
92.32528226382736 97.36323781688799 94.80123913676243
92.32528226382736 97.36323781688799 94.80123913676243
92.66393442622952 97.73374718312854 95.15536634737786
92.65279316997086 97.72838664308394 95.14599646639415
92.66393442622952 97.73196314972022 95.15349526622894
93.3448930724135 98.47786472290706 95.86597818885465
93.3448930724135 98.47786472290706 95.86597818885465
93.334711598098 98.47301976471601 95.85630408888233
93.34997215403973 98.47301976471601 95.86114679188866
93.55645594740977 98.65974272231679 96.05836489665869
93.55645594740977 98.65974272231679 96.05836489665869
93.53668145813462 98.65867333735875 96.05065646208165
93.54163645028282 98.65867333735875 96.0522005600465
93.54163645028282 98.65867333735875 96.0522005600465
93.54163645028282 98.65867333735875 96.0522005600465
93.53668145813462 98.65867333735875 96.05065646208165
92.9595720604876 98.05854305202163 95.46312412187808
92.9595720604876 98.05854305202163 95.46312412187808
92.9595720604876 98.05854305202163 95.46312412187808
92.9488368259463 98.13174320585144 95.49142424751976
92.96492742897084 98.21676751694498 95.54244269528671
92.96492742897084 98.21676751694498 95.54244269528671
92.96492742897084 98.21676751694498 95.54244269528671
92.95420853236699 98.21110658287037 95.53204677010999
92.97027465642269 98.13322474173776 95.50017307026653
92.97027465642269 98.13322474173776 95.50017307026653
92.73025304784346 97.86892954856361 95.24840724351128
92.5009227740639 97.6 95.00318900889786
93.65418525049269 98.73958648077006 96.14973714551667
93.89376481843517 99.00240202549176 96.40058116721283
93.89376481843517 99.00240202549176 96.40058116721283
93.88906233739203 99.00240202549176 96.39916822271262
93.8984600677487 99.00479253918225 96.40622187397423
93.8984600677487 99.00479253918225 96.40622187397423
93.8984600677487 99.00479253918225 96.40622187397423
94.73297351786127 99.73839110529758 97.19212296896896
94.88040285354596 99.73944197155575 97.2715146988209
94.9481375719145 99.73944197155575 97.30681781791398
95.015969070432 99.73944197155575 97.34214657170011
95.11429474349521 99.77337604323287 97.40777239813188
95.12569362703884 99.77337604323287 97.4108508885489
95.12569362703884 99.77337604323287 97.4108508885489
95.12569362703884 99.77337604323287 97.4108508885489
95.11048325883445 99.77319317834868 97.40571600094337
95.11429474349521 99.77319317834868 97.40674460720754
95.11429474349521 99.77319317834868 97.40674460720754
95.11429474349521 99.77319317834868 97.40674460720754
95.11048325883445 99.77319317834868 97.40571600094337
95.11810029051408 99.77374088980746 97.4108508885489
95.08006986384967 99.57444036737087 97.29530445190109
94.90235647768598 99.38522364390762 97.11016623221231
94.19294215911464 98.62251826941731 96.3756509933283
94.2063707006104 98.62798986559025 96.38699444885012
93.31985058918217 97.88816434386055 95.5704895002254
93.31474597273854 97.8831571077646 95.56360581718906
93.3096335489738 97.88148274830048 95.56015594623848
93.32494741617519 97.88148274830048 95.56532874296751
93.32494741617519 97.88148274830048 95.56532874296751
93.3096335489738 97.87980573800303 95.55842899793954
93.30451329996276 97.87980573800303 95.55670070566956
93.3096335489738 97.87980573800303 95.55842899793954
93.3096335489738 97.87980573800303 95.55842899793954
93.30451329996276 97.87980573800303 95.55670070566956
92.71576264567447 97.28040145442174 94.96247988127338
92.08241623868916 96.92288183950801 94.46179384759039
92.08241623868916 96.92288183950801 94.46179384759039
92.07045760705392 96.83974345405669 94.41483005496846
92.07045760705392 96.83974345405669 94.41483005496846
92.01303329599837 96.77405751876529 94.35529818818435
92.01303329599837 96.77405751876529 94.35529818818435
92.00097897248679 96.76395939086294 94.34228696618247
92.00097897248679 96.76395939086294 94.34228696618247
92.09433885474748 96.8422165820643 94.42554603721143
92.09433885474748 96.8422165820643 94.42554603721143
92.07045760705392 96.83974345405669 94.41483005496846
92.07045760705392 96.83974345405669 94.41483005496846
92.07644143501051 96.83974345405669 94.41697654610799
92.07644143501051 96.83974345405669 94.41697654610799
92.14597705841531 96.83974345405669 94.45327680621799
92.15190389753421 96.84715124382312 94.46179384759039
92.1578217983207 96.84715124382312 94.4639190226297
92.1578217983207 96.84715124382312 94.4639190226297
92.07045760705392 96.83974345405669 94.41483005496846
92.07644143501051 96.92288183950801 94.4596670403122
92.08241623868916 96.9252861426701 94.4639190226297
92.08241623868916 96.9252861426701 94.4639190226297
92.07045760705392 96.91564631614625 94.45114345114345
92.09433885474748 96.91806193510149 94.46179384759039
92.09433885474748 96.91806193510149 94.46179384759039
92.15622391007759 97.11952487008166 94.59035468655847
91.94847020933977 96.91564631614625 94.38736820235806
91.95453804790614 96.91564631614625 94.3895246204648
91.95453804790614 96.91564631614625 94.3895246204648
91.95453804790614 96.91564631614625 94.3895246204648
91.95453804790614 96.91564631614625 94.3895246204648
91.96664632906244 96.92288183950801 94.40028190326157
91.96664632906244 96.92288183950801 94.40028190326157
91.96664632906244 96.92288183950801 94.40028190326157
91.94847020933977 96.91564631614625 94.38736820235806
91.96059674760345 96.9252861426701 94.40028190326157
91.96059674760345 96.9252861426701 94.40028190326157
91.96059674760345 96.9252861426701 94.40028190326157
91.94847020933977 96.91564631614625 94.38736820235806
91.97268681285183 96.91806193510149 94.39813374805598
91.97268681285183 96.91806193510149 94.39813374805598
91.97268681285183 96.91806193510149 94.39813374805598
91.94847020933977 96.91564631614625 94.38736820235806
91.95453804790614 96.91564631614625 94.3895246204648
91.95453804790614 96.91564631614625 94.3895246204648
92.1516196852483 97.83166538362843 94.92872434859798
91.64653579911086 97.62082577616559 94.5623452551859
91.46255132380008 97.40665222377979 94.36507360939879
91.08855047941343 97.13021009827177 94.0367540780508
91.08855047941343 97.13021009827177 94.0367540780508
91.06858054226475 97.19979603977225 94.05906771151437
91.08190376358175 97.20857336496103 94.07268934034269
91.08190376358175 97.20857336496103 94.07268934034269
91.08190376358175 97.20857336496103 94.07268934034269
91.06858054226475 97.12344761702579 94.02305511289555
91.09518729494172 97.12570531585423 94.03447527963397
91.09518729494172 97.12570531585423 94.03447527963397
91.09518729494172 97.12570531585423 94.03447527963397
91.06858054226475 97.12344761702579 94.02305511289555
91.07524712527739 97.12344761702579 94.02534264287561
91.07524712527739 97.12344761702579 94.02534264287561
91.07524712527739 97.12344761702579 94.02534264287561
91.07524712527739 97.12344761702579 94.02534264287561
91.67207265650342 97.99777768280696 94.7548009903668
92.06213481544819 98.40571624753241 95.15372481012922
92.51606039526985 99.10320684588123 95.7227231645543
91.74151595204228 98.19914572109296 94.88512406183781
91.75391607824041 98.20484840704367 94.89694962560273
92.21420123169787 98.72448430879095 95.385694396466
92.8122819260293 99.32697093639767 95.98655865839399
92.72529189278079 99.40465843907526 95.9755788406287
92.74735634068367 99.4051366665943 95.98342768588508
92.74735634068367 99.4051366665943 95.98342768588508
91.92411593849654 98.3968366535577 95.0723638869745
91.89976571253948 98.39556090846524 95.06282629392871
91.90586702495827 98.39556090846524 95.06473676504423
91.90586702495827 98.39556090846524 95.06473676504423
91.90586702495827 98.39556090846524 95.06473676504423
91.90586702495827 98.39556090846524 95.06473676504423
91.9180421172453 98.39938206707147 95.07426698537624
91.9180421172453 98.39938206707147 95.07426698537624
91.9180421172453 98.39938206707147 95.07426698537624
91.90586702495827 98.3173231899942 95.02796508284983
91.9180421172453 98.32265804074463 95.03947766409044
91.9180421172453 98.32265804074463 95.03947766409044
91.9180421172453 98.32265804074463 95.03947766409044
91.89976571253948 98.3173231899942 95.02604112196448
91.92411593849654 98.3186600815976 95.0356460653633
91.92411593849654 98.3186600815976 95.0356460653633
91.92411593849654 98.3186600815976 95.0356460653633
91.89976571253948 98.3173231899942 95.02604112196448
91.90586702495827 98.3173231899942 95.02796508284983
91.90586702495827 98.3173231899942 95.02796508284983
91.90586702495827 98.3173231899942 95.02796508284983
91.90586702495827 98.3173231899942 95.02796508284983
91.9180421172453 98.24339667102248 95.00088655256214
91.9180421172453 98.24339667102248 95.00088655256214
91.9180421172453 98.24339667102248 95.00088655256214
91.90586702495827 98.2392097917114 94.99122183672615
91.9180421172453 98.32265804074463 95.03947766409044
91.9180421172453 98.32265804074463 95.03947766409044
91.9180421172453 98.32265804074463 95.03947766409044
91.89976571253948 98.3173231899942 95.02604112196448
91.92411593849654 98.3186600815976 95.0356460653633
91.92411593849654 98.3186600815976 95.0356460653633
92.24074677971629 98.2785636094357 95.18467795050861
92.5901598965496 98.52906338164668 95.49142424751976
92.78799712259789 98.74384874384874 95.69625317148662
92.78799712259789 98.74384874384874 95.69625317148662
92.78799712259789 98.74384874384874 95.69625317148662
92.78799712259789 98.74384874384874 95.69625317148662
92.79894929097662 98.74685097861895 95.70461900558988
92.79894929097662 98.74685097861895 95.70461900558988
92.79894929097662 98.74685097861895 95.70461900558988
92.78799712259789 98.74384874384874 95.69625317148662
92.79894929097662 98.66930369542318 95.6691094639145
92.79894929097662 98.66930369542318 95.6691094639145
92.79894929097662 98.66930369542318 95.6691094639145
92.78250853593319 98.58638969098823 95.62005388112476
92.80441291063445 98.58751587968047 95.62856452646284
92.80441291063445 98.58751587968047 95.62856452646284
92.79347736794546 98.50784833021122 95.58627213959112
92.78250853593319 98.50784833021122 95.58283628407023
91.53504592364308 97.43993866075994 94.4179572673543
91.30733759404579 97.1853425385024 94.17731223904102
91.54061397461373 97.6270752422005 94.50925348305262
91.14695847045284 97.1853425385024 94.09249943067718
91.16016530591673 97.19196371805197 94.1037906416919
91.16016530591673 97.19196371805197 94.1037906416919
91.14695847045284 97.1853425385024 94.09249943067718
91.14695847045284 97.1853425385024 94.09249943067718
91.16016530591673 97.19416386083053 94.10604370636592
91.16016530591673 97.19416386083053 94.10604370636592
91.1403402432618 97.10901681100357 94.05419953212015
91.1403402432618 97.10901681100357 94.05419953212015
91.16675395834173 97.11128549916222 94.0655639470612
91.16675395834173 97.11128549916222 94.0655639470612
91.2150967794076 97.10901681100357 94.09249943067718
91.2150967794076 97.10901681100357 94.09249943067718
91.22165916294846 97.10901681100357 94.0947611311735
91.22165916294846 97.10901681100357 94.0947611311735
91.14695847045284 97.10901681100357 94.05647589582277
91.14695847045284 97.10901681100357 94.05647589582277
91.16016530591673 97.11581221015183 94.06783161895319
91.16016530591673 97.11581221015183 94.06783161895319
91.14695847045284 97.03281087615856 94.02047993380224
91.14695847045284 97.03281087615856 94.02047993380224
91.16016530591673 97.04209569317293 94.03417886111743
91.16016530591673 97.04209569317293 94.03417886111743
91.1403402432618 97.03281087615856 94.01819066047204
91.1535668173015 97.035137540796 94.02505322777353
91.16675395834173 97.035137540796 94.02961953154046
91.16675395834173 97.035137540796 94.02961953154046
91.14695847045284 97.10901681100357 94.05647589582277
91.1535668173015 97.10901681100357 94.05875051717004
91.1535668173015 97.10901681100357 94.05875051717004
91.1535668173015 97.10901681100357 94.05875051717004
91.14695847045284 97.10901681100357 94.05647589582277
91.16016530591673 97.19196371805197 94.1037906416919
91.16016530591673 97.19196371805197 94.1037906416919
91.16016530591673 97.19196371805197 94.1037906416919
91.14695847045284 97.26178834134105 94.1285505700587
91.16016530591673 97.27037680667995 94.1420173363226
91.16016530591673 97.27037680667995 94.1420173363226
91.16016530591673 97.27037680667995 94.1420173363226
91.15431986593171 97.99460662614501 94.47797944956416
92.3312133072407 98.67143257035809 95.41765709917588
92.3312133072407 98.67143257035809 95.41765709917588
92.3312133072407 98.67143257035809 95.41765709917588
92.30800687004171 98.6693122263679 95.4069797953293
92.23822658085606 98.6693122263679 95.36994292429075
92.23822658085606 98.6693122263679 95.36994292429075
92.23822658085606 98.6693122263679 95.36994292429075
92.23235462501023 98.6693122263679 95.368144843873
92.31962761830876 98.67249021042214 95.41588099727635
92.31962761830876 98.67249021042214 95.41588099727635
92.31962761830876 98.67249021042214 95.41588099727635
92.30800687004171 98.6693122263679 95.4069797953293
92.31962761830876 98.67354616790283 95.41765709917588
92.31962761830876 98.67354616790283 95.41765709917588
92.31962761830876 98.67354616790283 95.41765709917588
92.30800687004171 98.67037324368589 95.40876280006715
92.3312133072407 98.67143257035809 95.41765709917588
92.3312133072407 98.67143257035809 95.41765709917588
92.3312133072407 98.67143257035809 95.41765709917588
92.243880511626 98.52057626461658 95.30294928653058
92.4459916043821 98.74811137491906 95.51725949666368
92.4459916043821 98.74811137491906 95.51725949666368
92.4459916043821 98.74811137491906 95.51725949666368
92.44026394524366 98.74811137491906 95.5155159364225
92.45742092457421 98.7511035507418 95.52595700052439
92.45742092457421 98.7511035507418 95.52595700052439
92.45742092457421 98.7511035507418 95.52595700052439
92.45171059093141 98.7511035507418 95.52422020081207
92.4631226249336 98.75507093949216 95.53462081959492
92.4631226249336 98.75507093949216 95.53462081959492
92.4631226249336 98.75507093949216 95.53462081959492
92.4459916043821 98.67037324368589 95.48189292201724
92.4688157115734 98.59288265415896 95.45364075381569
92.4688157115734 98.59288265415896 95.45364075381569
92.4688157115734 98.59288265415896 95.45364075381569
92.4459916043821 98.59063873803983 95.44304329108874
92.4459916043821 98.59063873803983 95.44304329108874
92.4459916043821 98.59063873803983 95.44304329108874
92.4459916043821 98.59063873803983 95.44304329108874
92.25499018324608 98.3828652531074 95.24518333717687
92.45742092457421 98.51563842584636 95.41488146991965
92.45742092457421 98.51563842584636 95.41488146991965
92.45742092457421 98.51563842584636 95.41488146991965
92.45171059093141 98.51563842584636 95.41310362173037
92.4631226249336 98.5203426124197 95.42375007841414
92.4631226249336 98.5203426124197 95.42375007841414
92.4631226249336 98.5203426124197 95.42375007841414
92.4459916043821 98.51327509789579 95.40776179534795
92.4688157115734 98.51445770181661 95.41665794048043
92.4688157115734 98.51445770181661 95.41665794048043
92.4688157115734 98.51445770181661 95.41665794048043
92.4459916043821 98.51209060959066 95.40597842058861
92.4459916043821 98.51209060959066 95.40597842058861
92.4459916043821 98.51209060959066 95.40597842058861
92.4459916043821 98.51209060959066 95.40597842058861
92.44026394524366 98.51209060959066 95.40419366016023
92.45742092457421 98.59400193485972 95.4518779342723
92.45742092457421 98.59400193485972 95.4518779342723
92.45742092457421 98.59400193485972 95.4518779342723
92.65076793733468 99.50962310412915 95.98646340692011
91.67645748085727 98.69787197528746 95.08970431955991
91.67645748085727 98.69787197528746 95.08970431955991
91.48927567873531 98.4844917267804 94.8900024952175
91.47013534322068 98.47725561888375 94.87224963745814
91.49563671622495 98.4002233245292 94.84558616885077
91.49563671622495 98.4002233245292 94.84558616885077
91.49563671622495 98.4002233245292 94.84558616885077
91.47013534322068 98.39767716958812 94.83364805792324
91.47013534322068 98.39767716958812 94.83364805792324
91.47013534322068 98.39767716958812 94.83364805792324
91.47013534322068 98.39767716958812 94.83364805792324
91.4637360854843 98.39767716958812 94.8316529943432
91.4765250136659 98.40149336995236 94.84161293346806
91.4765250136659 98.40149336995236 94.84161293346806
91.4765250136659 98.40149336995236 94.84161293346806
91.47013534322068 98.40149336995236 94.83962401784039
91.48927567873531 98.32873843260455 94.81705416692638
91.48927567873531 98.32873843260455 94.81705416692638
91.48927567873531 98.32873843260455 94.81705416692638
91.64839626471782 98.28278275055273 94.87620895802685
91.46053348948972 98.04232011810265 94.65936714383662
91.46053348948972 98.04232011810265 94.65936714383662
91.46053348948972 98.04232011810265 94.65936714383662
91.44135027928438 98.0392156862745 94.64908354757122
91.44135027928438 98.0392156862745 94.64908354757122
91.44135027928438 98.0392156862745 94.64908354757122
91.44135027928438 98.0392156862745 94.64908354757122
91.42851351899145 98.1170112378828 94.68144968009503
91.44135027928438 98.12148312972036 94.69168287381306
91.44135027928438 98.12148312972036 94.69168287381306
91.43493670886076 98.12148312972036 94.68963938656178
91.43493670886076 98.12148312972036 94.68963938656178
91.45414864810249 98.12741271567812 94.70391084639888
91.45414864810249 98.12741271567812 94.70391084639888
91.43493670886076 98.04076913194297 94.64908354757122
91.43493670886076 98.04076913194297 94.64908354757122
91.46053348948972 98.04232011810265 94.65936714383662
91.46053348948972 98.04232011810265 94.65936714383662
91.44135027928438 98.1170112378828 94.68554768846315
91.2456076578214 97.89446655539864 94.47699788056352
91.44135027928438 98.1170112378828 94.68554768846315
91.44135027928438 98.1170112378828 94.68554768846315
91.42851351899145 98.1170112378828 94.68144968009503
91.42851351899145 98.1170112378828 94.68144968009503
91.44135027928438 98.04386865059004 94.65525845219777
91.44135027928438 98.04386865059004 94.65525845219777
91.43493670886076 98.04386865059004 94.65320173477136
91.43493670886076 98.04386865059004 94.65320173477136
91.45414864810249 98.05003835990111 94.66756560522768
91.45414864810249 98.05003835990111 94.66756560522768
91.43493670886076 97.88566786386181 94.57623945668792
91.44135027928438 97.88733898703352 94.58041049623279
91.46053348948972 97.88733898703352 94.58665504069091
91.46053348948972 97.88733898703352 94.58665504069091
91.44775425185546 97.88399409486725 94.57832577868342
91.44775425185546 97.88399409486725 94.57832577868342
91.44775425185546 97.88399409486725 94.57832577868342
91.44775425185546 97.88399409486725 94.57832577868342
91.42851351899145 97.88399409486725 94.57206199194395
91.03969373362885 97.34255937851547 94.11223551057958
91.7309566347247 97.96637686112832 94.77250726040658
91.7309566347247 97.96637686112832 94.77250726040658
91.72474044576282 97.96637686112832 94.77049316894369
91.74336103790796 98.12741271567812 94.85745762183397
91.74336103790796 98.12741271567812 94.85745762183397
91.74336103790796 98.12741271567812 94.85745762183397
91.72474044576282 98.19636270052328 94.87620895802685
91.74954929406283 98.19779277831351 94.88607964011996
91.74954929406283 98.19779277831351 94.88607964011996
91.74954929406283 98.19779277831351 94.88607964011996
91.73716349177367 98.19493035135541 94.87818614158775
91.73716349177367 98.19493035135541 94.87818614158775
91.73716349177367 98.19493035135541 94.87818614158775
91.73716349177367 98.19493035135541 94.87818614158775
91.71851490382662 98.19493035135541 94.87225000783101
91.7309566347247 98.19922059012463 94.88213593447134
91.7309566347247 98.19922059012463 94.88213593447134
91.7309566347247 98.19922059012463 94.88213593447134
91.72474044576282 98.19922059012463 94.88016179981443
91.57999109636165 98.20490928495198 94.80720488635892
91.57999109636165 98.20490928495198 94.80720488635892
91.57999109636165 98.20490928495198 94.80720488635892
91.56103595838319 98.19636270052328 94.7891801740762
91.57999109636165 98.19779277831351 94.79720658180948
91.57999109636165 98.19779277831351 94.79720658180948
91.57999109636165 98.19779277831351 94.79720658180948
91.56736381322958 98.19493035135541 94.7891801740762
91.57368218545594 98.19493035135541 94.7911890968199
91.57368218545594 98.19493035135541 94.7911890968199
91.57368218545594 98.19493035135541 94.7911890968199
91.55469859955349 98.19493035135541 94.78515767621869
91.56736381322958 98.19922059012463 94.79520229889845
91.56736381322958 98.19922059012463 94.79520229889845
91.56736381322958 98.19922059012463 94.79520229889845
91.56103595838319 98.19922059012463 94.79319647116417
91.57368218545594 98.2811698306824 94.83968925819232
91.57368218545594 98.2811698306824 94.83968925819232
91.57368218545594 98.2811698306824 94.83968925819232
91.56103595838319 98.19922059012463 94.79319647116417
90.9883487344315 97.4127876153112 94.11667612317532
91.55111775882283 98.04905120706952 94.71465797369268
91.55111775882283 98.04905120706952 94.71465797369268
91.53211919859004 97.88608840771963 94.62544614520141
91.53846153846153 97.88608840771963 94.62751461440845
91.53846153846153 97.88608840771963 94.62751461440845
91.53846153846153 97.88608840771963 94.62751461440845
91.51940595264664 97.88608840771963 94.62130442479719
91.53211919859004 97.89109692842963 94.63164678002744
91.53211919859004 97.89109692842963 94.63164678002744
91.53211919859004 97.89109692842963 94.63164678002744
91.52576734379436 97.89109692842963 94.62958149207175
91.53846153846153 97.89608177172062 94.63989207139892
91.53846153846153 97.89608177172062 94.63989207139892
91.53846153846153 97.89608177172062 94.63989207139892
91.52576734379436 97.89109692842963 94.62958149207175
91.55111775882283 97.89442277774226 94.64194943826053
91.55111775882283 97.89442277774226 94.64194943826053
91.55111775882283 97.89442277774226 94.64194943826053
91.53211919859004 97.88608840771963 94.62544614520141
91.53846153846153 97.88608840771963 94.62751461440845
91.53846153846153 97.88608840771963 94.62751461440845
91.53846153846153 97.88608840771963 94.62751461440845
91.51940595264664 97.88608840771963 94.62130442479719
91.52576734379436 97.88608840771963 94.62337608261159
91.52576734379436 97.88608840771963 94.62337608261159
91.52576734379436 97.88608840771963 94.62337608261159
91.51940595264664 97.88608840771963 94.62130442479719
91.53846153846153 97.89608177172062 94.63989207139892
91.53846153846153 97.89608177172062 94.63989207139892
91.53846153846153 97.89608177172062 94.63989207139892
91.52576734379436 97.81384635072303 94.59319003866462
91.55111775882283 97.81729131175469 94.60563701599021
91.55111775882283 97.81729131175469 94.60563701599021
91.55111775882283 97.81729131175469 94.60563701599021
91.53211919859004 97.80865847140566 94.5890282718592
91.53846153846153 97.80865847140566 94.59110995580973
91.53846153846153 97.80865847140566 94.59110995580973
91.53846153846153 97.80865847140566 94.59110995580973
91.51940595264664 97.80865847140566 94.58486009327115
91.48867182750375 98.2961992136304 94.79606628497534
90.731138711363 97.47315493437873 94.00686702380706
90.731138711363 97.47315493437873 94.00686702380706
90.72424126626576 97.47315493437873 94.00457287108021
90.74490287365549 97.48505025658424 94.0251572327044
90.74490287365549 97.48505025658424 94.0251572327044
90.74490287365549 97.48505025658424 94.0251572327044
90.731138711363 97.4791166280528 94.01373895976447
90.75862621728851 97.48307548651344 94.02743566223835
90.75862621728851 97.48307548651344 94.02743566223835
90.75862621728851 97.48307548651344 94.02743566223835
90.74490287365549 97.47514529623402 94.01373895976447
90.75176963644749 97.47514529623402 94.01602610437621
90.57740418292805 96.10032532269913 93.27630365741216
90.57740418292805 96.10032532269913 93.27630365741216
90.5494108436879 96.09729457234079 93.26353605337438
90.731138711363 97.07604820913257 93.82057263175278
90.731138711363 97.07604820913257 93.82057263175278
90.731138711363 97.07604820913257 93.82057263175278
90.72424126626576 97.07604820913257 93.81821185556898
90.74854505318082 96.70172486327303 93.65821094793057
90.57042140682583 96.50279188882824 93.47006129184348
90.56342827363653 96.5698041692988 93.4956511023711
90.55642476030008 96.5698041692988 93.4931788297173
90.584376624935 96.57514086283744 93.50798433880655
90.584376624935 96.57514086283744 93.50798433880655
90.57740418292805 96.56712958084842 93.49812149705393
90.57042140682583 96.56445081828919 93.4931788297173
90.57740418292805 96.56445081828919 93.4956511023711
90.57740418292805 96.56445081828919 93.4956511023711
90.5494108436879 96.56176787184195 93.48327091649861
90.5494108436879 96.56176787184195 93.48327091649861
90.55642476030008 96.95466971835464 93.67071650127265
90.55642476030008 96.95466971835464 93.67071650127265
90.5494108436879 96.95466971835464 93.66830233804791
90.5494108436879 96.95466971835464 93.66830233804791
90.57042140682583 96.9689299500095 93.68996373424288
90.57042140682583 96.9689299500095 93.68996373424288
90.55642476030008 96.96181656729671 93.67794795783925
90.38238238238239 95.98769308049731 93.12581859855926
90.14081701754735 95.47712581322358 92.75514147968835
90.8829849187702 96.15867699392925 93.46910328287228
90.86941656778554 96.2214983713355 93.48974390594812
90.86941656778554 96.2214983713355 93.48974390594812
90.8829849187702 96.2214983713355 93.49469101065905
90.8829849187702 96.2214983713355 93.49469101065905
90.85580777054926 96.21855808866829 93.48230912476723
90.86261723624361 96.21855808866829 93.48478927124258
90.86261723624361 96.21855808866829 93.48478927124258
90.86261723624361 96.21855808866829 93.48478927124258
90.85580777054926 96.21855808866829 93.48230912476723
90.86941656778554 96.23613146326147 93.50209758649339
90.87620578778134 96.23613146326147 93.50456269865683
90.87620578778134 96.23613146326147 93.50456269865683
90.86261723624361 96.22736524056317 93.49221839847964
90.8829849187702 96.15867699392925 93.46910328287228
90.8829849187702 96.15867699392925 93.46910328287228
90.8829849187702 96.15867699392925 93.46910328287228
90.86941656778554 96.07209551186554 93.41870160810006
90.8829849187702 96.07209551186554 93.42369890001642
90.8829849187702 96.07209551186554 93.42369890001642
90.8829849187702 96.07209551186554 93.42369890001642
91.0318245111295 96.65356825960197 93.78141546337486
91.0385158298044 96.65356825960197 93.78378936073625
91.0385158298044 96.65356825960197 93.78378936073625
91.0385158298044 96.65356825960197 93.78378936073625
91.0318245111295 96.72917944055648 93.81724315952505
91.05186855670104 96.74446011069257 93.8384285317391
91.05186855670104 96.74446011069257 93.8384285317391
91.05186855670104 96.74446011069257 93.8384285317391
91.0385158298044 96.73683766452919 93.82667683869771
90.98408482726705 96.74192325512826 93.8003560293467
90.98408482726705 96.74192325512826 93.8003560293467
90.98408482726705 96.74192325512826 93.8003560293467
90.97064098172366 96.73173617272997 93.78616144635473
90.8829849187702 95.95330902384845 93.36717428087987
90.8829849187702 95.95330902384845 93.36717428087987
90.8829849187702 95.95330902384845 93.36717428087987
90.85580777054926 96.02468306607338 93.39006917249957
90.86261723624361 96.02468306607338 93.39258193773759
90.86261723624361 96.02468306607338 93.39258193773759
90.86261723624361 96.02468306607338 93.39258193773759
90.85580777054926 96.02468306607338 93.39006917249957
90.87620578778134 96.04312037772114 93.41261549177473
90.87620578778134 96.04312037772114 93.41261549177473
90.87620578778134 96.04312037772114 93.41261549177473
90.86261723624361 95.95957482423837 93.36465664047272
90.87620578778134 95.96582125099235 93.37471575195131
90.87620578778134 95.96582125099235 93.37471575195131
90.87620578778134 95.96582125099235 93.37471575195131
90.86261723624361 95.95330902384845 93.35961562153506
90.8829849187702 95.95330902384845 93.36717428087987
90.8829849187702 95.95330902384845 93.36717428087987
90.8829849187702 95.95330902384845 93.36717428087987
90.85580777054926 95.95016883035171 93.35456693722388
90.68739705114298 95.37409577018491 92.9903530398666
90.68739705114298 95.37409577018491 92.9903530398666
90.68739705114298 95.37409577018491 92.9903530398666
90.68047039903509 95.37409577018491 92.98769879444092
90.70121951219512 95.46870457282884 93.04662789511275
90.70121951219512 95.50638828295419 93.06466920431468
90.30093655770114 95.10726772451746 92.66466153189586
90.2865828050317 95.09600630365364 92.65084649136202
90.30093655770114 95.10351966873706 92.6619026805046
90.30093655770114 95.10351966873706 92.6619026805046
90.30093655770114 95.10351966873706 92.6619026805046
90.2865828050317 95.08846984548929 92.64530589373949
90.30809753761424 95.08846984548929 92.65361366087966
90.30809753761424 95.08846984548929 92.65361366087966
90.30809753761424 95.08846984548929 92.65361366087966
90.27938998518992 95.08469292320481 92.63975693559405
90.2865828050317 95.01162983884366 92.6076104121033
90.2865828050317 95.01162983884366 92.6076104121033
90.2865828050317 95.01162983884366 92.6076104121033
90.27938998518992 95.01162983884366 92.60482276442652
90.2937649880096 95.02310258375981 92.61874001810727
90.2937649880096 95.02310258375981 92.61874001810727
90.2937649880096 95.02310258375981 92.61874001810727
90.27938998518992 95.01162983884366 92.60482276442652
90.47438026450051 95.60032466856751 92.98990105069876
90.28290774053147 95.42753864051853 92.80718365352311
90.28290774053147 95.42753864051853 92.80718365352311
90.26853018215265 95.33992712129098 92.75587017279014
90.29008060011172 95.33992712129098 92.76406280247379
90.29008060011172 95.33992712129098 92.76406280247379
90.29008060011172 95.33992712129098 92.76406280247379
90.26132543620939 95.40989760380388 92.78544221716176
90.26853018215265 95.40989760380388 92.78816708178515
90.26853018215265 95.40989760380388 92.78816708178515
90.4421339423443 95.98640454860164 93.15331010452962
90.43504410585405 95.98640454860164 93.15071301887373
90.44921327621411 96.07013427739489 93.19896408062155
90.44921327621411 96.07013427739489 93.19896408062155
90.44921327621411 96.07013427739489 93.19896408062155
90.43504410585405 95.98640454860164 93.15071301887373
90.45628213078353 96.00192275539207 93.17143470395241
90.45628213078353 96.00192275539207 93.17143470395241
90.45628213078353 96.00192275539207 93.17143470395241
90.4421339423443 95.9895178197065 93.1559052214266
90.4633405293036 95.9895178197065 93.16367878192534
90.30629552030331 95.99153022075934 93.08176743615432
90.30629552030331 95.99153022075934 93.08176743615432
90.27758320491525 95.9884184465612 93.06865787829436
90.28477721782258 95.9884184465612 93.0712837630291
90.28477721782258 95.9884184465612 93.0712837630291
90.28477721782258 95.9884184465612 93.0712837630291
90.27758320491525 95.9884184465612 93.06865787829436
90.2919605923143 95.9977393088146 93.08176743615432
90.2919605923143 95.9977393088146 93.08176743615432
90.28477721782258 95.913960460387 93.03603778799014
90.27758320491525 95.913960460387 93.03339954538939
90.29913335197092 95.92974688831343 93.05444968457157
90.29913335197092 95.92974688831343 93.05444968457157
90.29913335197092 95.92974688831343 93.05444968457157
90.28477721782258 95.84284009796329 93.00346707303353
90.30629552030331 95.84284009796329 93.01140078457011
90.30629552030331 95.84284009796329 93.01140078457011
90.28477721782258 95.83961789844143 93.00081849805608
90.27758320491525 95.913960460387 93.03339954538939
90.28477721782258 95.913960460387 93.03603778799014
90.80413532322298 96.49252314765992 93.58392274351134
90.10446836985399 95.913960460387 92.94204292056219
90.10446836985399 95.913960460387 92.94204292056219
90.119073737958 95.92344697761975 92.95537382461944
90.119073737958 95.92344697761975 92.95537382461944
90.10446836985399 95.913960460387 92.94204292056219
90.10446836985399 95.913960460387 92.94204292056219
90.12636026627337 95.92974688831343 92.96334822248056
90.12636026627337 95.92974688831343 92.96334822248056
90.11177644710578 95.9171275347746 92.94738133202503
90.11177644710578 95.9171275347746 92.94738133202503
90.13363605584433 95.84284009796329 92.92027269758327
90.13363605584433 95.84284009796329 92.92027269758327
90.10446836985399 95.83961789844143 92.90688043845029
90.10446836985399 95.83961789844143 92.90688043845029
90.28477721782258 96.4213454729388 93.27566391659484
90.28477721782258 96.4213454729388 93.27566391659484
90.35163207717093 96.4213454729388 93.31109172098752
90.35877129829613 96.42969784898757 93.32123858429937
90.36589996203114 96.42969784898757 93.32377049180329
90.30454318522216 96.25160031061768 93.20726141503448
90.21619567608647 96.2428475260855 93.1564431959154
90.22343019305328 96.25160031061768 93.16681169063827
90.23065401897155 96.2545088499287 93.17198416514081
90.23065401897155 96.2545088499287 93.17198416514081
90.21619567608647 96.2428475260855 93.1564431959154
90.23786717752235 96.2457696592605 93.16681169063827
90.24506969231689 96.2457696592605 93.16939890710383
90.24506969231689 96.2457696592605 93.16939890710383
90.21619567608647 95.8556821991284 92.9734265161825
90.22343019305328 95.8556821991284 92.97608575578423
90.22343019305328 95.8556821991284 92.97608575578423
90.22343019305328 95.8556821991284 92.97608575578423
90.22343019305328 95.8556821991284 92.97608575578423
90.23786717752235 95.86529818767114 92.98935181876654
90.23786717752235 95.86529818767114 92.98935181876654
90.23786717752235 95.86529818767114 92.98935181876654
90.21619567608647 95.93004969491099 93.00863939728944
90.40396966726026 96.91505310500645 93.57496558384187
90.40396966726026 96.91505310500645 93.57496558384187
90.40396966726026 96.91505310500645 93.57496558384187
90.38974050696324 96.90538222024529 93.56027842991887
90.41815675384093 96.8319763138416 93.53695370769894
90.41815675384093 96.8319763138416 93.53695370769894
90.41815675384093 96.8319763138416 93.53695370769894
90.38974050696324 96.82949542837792 93.52464669130136
90.3968603580153 96.82949542837792 93.52711184278218
90.3968603580153 96.82949542837792 93.52711184278218
90.3968603580153 96.82949542837792 93.52711184278218
90.3968603580153 96.82949542837792 93.52711184278218
90.41106845809341 96.91264105490048 93.57496558384187
90.41106845809341 96.91264105490048 93.57496558384187
90.23786717752235 95.93950043931217 93.02449087975162
90.21619567608647 95.93004969491099 93.00863939728944
90.23065401897155 96.01690305844943 93.05965650765758
90.23065401897155 96.01690305844943 93.05965650765758
90.23065401897155 96.01690305844943 93.05965650765758
90.21619567608647 96.004532673018 93.0438789616507
90.24506969231689 96.00763246734184 93.05703188879804
90.24506969231689 96.00763246734184 93.05703188879804
90.67176887784746 96.47289353363814 93.50237229650625
90.27577649695804 96.1235423889064 93.13161751893648
90.45663106854475 96.70873232291204 93.50209842001317
90.45663106854475 96.70873232291204 93.50209842001317
90.45663106854475 96.70873232291204 93.50209842001317
90.45663106854475 96.70873232291204 93.50209842001317
90.47076005841987 96.71643679615336 93.51444030348765
90.47076005841987 96.71643679615336 93.51444030348765
90.47076005841987 96.71643679615336 93.51444030348765
90.52374077638756 96.70873232291204 93.53769847395014
90.53778080326754 96.87005339693125 93.62355769724743
90.53778080326754 96.87005339693125 93.62355769724743
90.53778080326754 96.87005339693125 93.62355769724743
90.44955085017645 96.86024601443906 93.57087688584522
90.47780887644942 96.8627036175164 93.58310206598827
90.47780887644942 96.8627036175164 93.58310206598827
90.65179072189729 97.65601672140937 94.04710257204835
90.62399549983928 97.65416551046981 94.03570504527814
90.63095978961316 97.65416551046981 94.03798804080196
90.63095978961316 97.65416551046981 94.03798804080196
90.185581014403 96.9752209763232 93.48286642807192
91.20219793539525 98.61401504537322 94.79112353223351
91.21533030761472 98.61732324101152 94.80115321766462
91.21533030761472 98.61732324101152 94.80115321766462
91.21533030761472 98.61732324101152 94.80115321766462
91.20219793539525 98.61401504537322 94.79112353223351
91.21533030761472 98.61842246621258 94.80315452161972
91.21533030761472 98.61842246621258 94.80315452161972
91.21533030761472 98.61842246621258 94.80315452161972
91.1956170143943 98.61401504537322 94.78911294949769
91.22188180278965 98.61511953478355 94.79915037171237
91.22188180278965 98.61511953478355 94.79915037171237
91.22188180278965 98.61511953478355 94.79915037171237
91.1956170143943 98.61401504537322 94.78911294949769
91.20219793539525 98.61401504537322 94.79112353223351
91.20219793539525 98.61401504537322 94.79112353223351
91.20219793539525 98.61401504537322 94.79112353223351
91.20219793539525 98.61401504537322 94.79112353223351
91.21533030761472 98.6958486667958 94.83767518377377
91.21533030761472 98.6958486667958 94.83767518377377
91.42187089339507 99.1096319668057 95.14080387732933
91.05136841256076 98.61401504537322 94.71013586730017
91.06470386853817 98.61842246621258 94.72234349986486
91.06470386853817 98.61842246621258 94.72234349986486
91.06470386853817 98.61842246621258 94.72234349986486
91.04468574657893 98.61401504537322 94.70809576918667
91.0713567030225 98.61511953478355 94.71828055428405
91.0713567030225 98.61511953478355 94.71828055428405
91.0713567030225 98.61511953478355 94.71828055428405
91.04468574657893 98.61401504537322 94.70809576918667
91.05136841256076 98.61401504537322 94.71013586730017
91.05136841256076 98.61401504537322 94.71013586730017
91.05136841256076 98.61401504537322 94.71013586730017
91.05136841256076 98.61401504537322 94.71013586730017
91.06470386853817 98.61732324101152 94.72031280872703
91.06470386853817 98.61732324101152 94.72031280872703
91.06470386853817 98.61732324101152 94.72031280872703
91.05136841256076 98.61401504537322 94.71013586730017
91.06470386853817 98.69688628935145 94.75878994602802
91.06470386853817 98.69688628935145 94.75878994602802
91.06470386853817 98.69688628935145 94.75878994602802
91.04468574657893 98.61401504537322 94.70809576918667
91.0713567030225 98.61511953478355 94.71828055428405
91.0713567030225 98.61511953478355 94.71828055428405
91.06470386853817 98.61401504537322 94.71421134825611
91.04468574657893 98.61401504537322 94.70809576918667
91.05136841256076 98.61401504537322 94.71013586730017
91.05136841256076 98.61401504537322 94.71013586730017
91.05136841256076 98.61401504537322 94.71013586730017
91.05136841256076 98.61401504537322 94.71013586730017
91.06470386853817 98.61732324101152 94.72031280872703
91.06470386853817 98.61732324101152 94.72031280872703
91.05136841256076 98.69272586073001 94.74666194144196
91.05136841256076 98.69272586073001 94.74666194144196
91.06470386853817 98.69688628935145 94.75878994602802
91.06470386853817 98.69688628935145 94.75878994602802
91.04468574657893 98.69272586073001 94.74463514838064
91.04468574657893 98.69272586073001 94.74463514838064
91.0713567030225 98.69376845644817 94.75475350463643
91.0713567030225 98.69376845644817 94.75475350463643
91.04468574657893 98.73319377603211 94.76340957208265
90.85031821477483 98.50784833021122 94.55434726052344
90.85713135704079 98.50784833021122 94.55644322390046
90.85713135704079 98.50784833021122 94.55644322390046
90.85713135704079 98.50784833021122 94.55644322390046
90.85713135704079 98.50784833021122 94.55644322390046
90.87072724715149 98.58976288238709 94.6032405484005
90.87072724715149 98.58976288238709 94.6032405484005
90.85713135704079 98.58638969098823 94.59285082470473
90.85713135704079 98.58638969098823 94.59285082470473
90.87072724715149 98.5908837049448 94.60531370370755
90.87072724715149 98.5908837049448 94.60531370370755
90.85031821477483 98.66505639543661 94.62721696295601
90.86393436029441 98.66612076024653 94.63342071318604
90.87751004016064 98.66612076024653 94.6375485936428
90.87751004016064 98.66612076024653 94.6375485936428
90.85713135704079 98.66505639543661 94.62928647275605
90.86393436029441 98.66505639543661 94.631354388886
90.68885231423869 97.65416551046981 94.06750731863744
90.68885231423869 97.65416551046981 94.06750731863744
90.48745289826024 97.65416551046981 93.96119535667401
90.50154104791258 97.65971039182283 93.97272145760684
90.50154104791258 97.65971039182283 93.97272145760684
90.50154104791258 97.65971039182283 93.97272145760684
90.48745289826024 97.65416551046981 93.96119535667401
90.50154104791258 97.6615528650765 93.97502139991542
90.50154104791258 97.6615528650765 93.97502139991542
90.50154104791258 97.6615528650765 93.97502139991542
90.48745289826024 97.65601672140937 93.96350410217198
90.51558752997602 97.65786501289347 93.97502139991542
90.51558752997602 97.65786501289347 93.97502139991542
90.51558752997602 97.65786501289347 93.97502139991542
90.48745289826024 97.57710190675255 93.92527227262394
90.42039696368845 97.57710190675255 93.88937664618085
90.42039696368845 97.57710190675255 93.88937664618085
90.42039696368845 97.57710190675255 93.88937664618085
90.41329271225848 97.57710190675255 93.8870404430759
90.50154104791258 97.50605944635795 93.90103092783505
90.50154104791258 97.50605944635795 93.90103092783505
90.50154104791258 97.50605944635795 93.90103092783505
90.14596353906671 96.83564398349031 93.39642027824014
90.15510985286494 97.03594080338266 93.49771183484168
90.15510985286494 97.03594080338266 93.49771183484168
90.15510985286494 97.03594080338266 93.49771183484168
90.14056385272741 97.0289686155672 93.48534536819055
90.16961299569995 97.03129631982382 93.49771183484168
90.16961299569995 97.03129631982382 93.49771183484168
90.16961299569995 97.03129631982382 93.49771183484168
90.14056385272741 97.1028334925183 93.51845183592424
90.14056385272741 97.1028334925183 93.51845183592424
90.14056385272741 97.1028334925183 93.51845183592424
90.14056385272741 97.1028334925183 93.51845183592424
90.13327472176155 97.1028334925183 93.51598361499352
90.15510985286494 97.10964299326642 93.53076480736055
90.15510985286494 97.10964299326642 93.53076480736055
90.15510985286494 97.10964299326642 93.53076480736055
90.1478422218232 97.10964299326642 93.52830595704027
90.16236676959856 97.118672689661 93.5430310856932
90.16236676959856 97.118672689661 93.5430310856932
90.16236676959856 97.118672689661 93.5430310856932
90.14056385272741 97.18136474583467 93.55651807117357
90.16961299569995 97.18357651849338 93.56875872833321
90.16961299569995 97.18357651849338 93.56875872833321
90.16961299569995 97.18357651849338 93.56875872833321
90.14056385272741 97.17914949658014 93.55406434614355
90.14056385272741 97.17914949658014 93.55406434614355
90.14056385272741 97.17914949658014 93.55406434614355
90.14056385272741 97.17914949658014 93.55406434614355
90.13327472176155 97.17914949658014 93.55160875160875
90.15510985286494 97.1857848227341 93.56631431887989
90.15510985286494 97.1857848227341 93.56631431887989
90.15510985286494 97.1857848227341 93.56631431887989
90.1478422218232 97.1857848227341 93.56386805056006
90.16236676959856 97.19458351817816 93.57851781979247
90.16236676959856 97.19458351817816 93.57851781979247
90.16236676959856 97.19458351817816 93.57851781979247
90.14056385272741 97.0289686155672 93.48534536819055
90.16961299569995 97.03129631982382 93.49771183484168
90.16961299569995 97.03129631982382 93.49771183484168
90.16961299569995 97.03129631982382 93.49771183484168
90.14056385272741 97.0266372582287 93.48286642807192
90.14056385272741 97.0266372582287 93.48286642807192
90.14056385272741 97.0266372582287 93.48286642807192
90.14056385272741 97.0266372582287 93.48286642807192
90.13327472176155 97.0266372582287 93.48038560067491
90.15510985286494 97.0336203795781 93.49524229888833
90.15510985286494 97.0336203795781 93.49524229888833
90.15510985286494 97.0336203795781 93.49524229888833
90.1478422218232 97.0336203795781 93.49277088638792
90.16236676959856 97.04288034422392 93.50757125586541
90.16236676959856 97.04288034422392 93.50757125586541
90.16236676959856 97.04288034422392 93.50757125586541
90.14056385272741 96.95294964638123 93.44979960949541
90.16961299569995 96.87949260042284 93.42677275150719
89.99761564139247 96.29318315541732 93.06037828342662
89.99761564139247 96.29318315541732 93.06037828342662
89.96811478676764 96.3624491859216 93.0798611466664
89.96811478676764 96.3624491859216 93.0798611466664
89.96811478676764 96.3624491859216 93.0798611466664
89.96811478676764 96.3624491859216 93.0798611466664
90.10806815684865 96.3624491859216 93.15548811745165
90.12266879425552 96.37093384886947 93.16844550412901
90.12266879425552 96.37093384886947 93.16844550412901
90.12266879425552 96.37093384886947 93.16844550412901
90.11537386722026 96.44592122142541 93.20115925406303
90.13722639367444 96.45694878299335 93.21914450300281
90.13722639367444 96.45694878299335 93.21914450300281
90.13722639367444 96.45694878299335 93.21914450300281
90.11537386722026 96.44038165848727 93.19600307455804
90.14448911356128 96.44315359683462 93.20887888707038
90.14448911356128 96.44315359683462 93.20887888707038
90.14448911356128 96.44315359683462 93.20887888707038
90.12266879425552 96.43760539629005 93.19600307455804
90.12266879425552 96.43760539629005 93.19600307455804
90.12266879425552 96.43760539629005 93.19600307455804
90.12266879425552 96.43760539629005 93.19600307455804
90.10806815684865 96.43760539629005 93.19083906831725
90.12266879425552 96.52102538199267 93.23905006707697
90.12266879425552 96.52102538199267 93.23905006707697
90.11537386722026 96.52102538199267 93.23648731713314
90.16036586583589 96.77766523170422 93.38094212043792
89.66398541823513 96.44077389062402 92.95994133284444
89.66398541823513 96.44077389062402 92.95994133284444
89.6412048527689 96.42413393703275 92.93598233995584
89.6412048527689 96.42413393703275 92.93598233995584
89.67155669062184 96.42691805900425 92.94931298644335
89.67155669062184 96.42691805900425 92.94931298644335
89.64880952380952 96.4213454729388 92.93598233995584
89.64880952380952 96.4213454729388 92.93598233995584
89.98805018920534 96.80900588260188 93.29831329256781
89.98805018920534 96.80900588260188 93.29831329256781
89.97327269826073 96.80900588260188 93.29322134833768
89.97327269826073 96.80900588260188 93.29322134833768
89.98805018920534 96.81648335409234 93.30593672818947
89.98805018920534 96.81648335409234 93.30593672818947
89.98066689255178 96.81648335409234 93.30339751081586
89.98066689255178 96.81648335409234 93.30339751081586
90.00278418582451 96.82639897299914 93.32113168577008
90.00278418582451 96.82639897299914 93.32113168577008
89.98066689255178 96.7358235443252 93.26290959437978
90.17117063135399 96.99197152964602 93.48438431646689
89.52975825739756 96.57119976396704 92.94078048183432
89.52975825739756 96.57119976396704 92.94078048183432
89.5144208880179 96.56584418599743 92.93010807608229
89.5144208880179 96.56584418599743 92.93010807608229
89.5144208880179 96.56584418599743 92.93010807608229
89.5144208880179 96.56584418599743 92.93010807608229
89.49133039717493 96.56584418599743 92.92208257058998
89.50673534072901 96.4986849026828 92.90036222641702
89.50673534072901 96.4986849026828 92.90036222641702
89.50673534072901 96.4986849026828 92.90036222641702
89.4990385187241 96.4986849026828 92.89768087538788
89.52209518534636 96.50955467455373 92.91640791228481
89.52209518534636 96.50955467455373 92.91640791228481
89.52209518534636 96.50955467455373 92.91640791228481
89.4990385187241 96.34297738032615 92.82214600685938
89.52975825739756 96.34582229510954 92.83567491569285
89.52975825739756 96.34582229510954 92.83567491569285
89.52975825739756 96.34582229510954 92.83567491569285
89.5144208880179 96.34012803234502 92.82485587470028
89.17900881535094 95.95620621670372 92.46633124968238
89.17900881535094 95.95620621670372 92.46633124968238
89.17900881535094 95.95620621670372 92.46633124968238
89.15526919124042 96.03072983354673 92.49264533729654
89.17110716400238 96.03995644161502 92.506756619455
89.17110716400238 96.03995644161502 92.506756619455
89.17110716400238 96.03995644161502 92.506756619455
89.16319396441055 96.03995644161502 92.50393860852772
89.18689894371748 96.05219206680584 92.52362029114796
89.18689894371748 96.05219206680584 92.52362029114796
89.18689894371748 96.05219206680584 92.52362029114796
89.16319396441055 95.95934192601906 92.46349696994346
89.18689894371748 95.8881751030572 92.44009621142155
89.18689894371748 95.8881751030572 92.44009621142155
89.18689894371748 95.8881751030572 92.44009621142155
89.17110716400238 95.88179817667401 92.42872389083702
89.17900881535094 95.88179817667401 92.43157017739935
89.17900881535094 95.88179817667401 92.43157017739935
89.17900881535094 95.88179817667401 92.43157017739935
89.15526919124042 95.88179817667401 92.42302489039884
89.01826349075004 95.92946639613446 92.3734832190252
88.83100031456432 95.71523980465 92.1733584401385
88.83100031456432 95.71523980465 92.1733584401385
88.82286973458989 95.71523980465 92.17042565904741
88.83911907428144 95.79894973743436 92.21955930386595
88.83911907428144 95.79894973743436 92.21955930386595
88.83911907428144 95.79894973743436 92.21955930386595
89.35909108903051 96.36485890189321 92.76038853159112
89.39017169923031 96.4453682707651 92.81165435715884
89.39017169923031 96.4453682707651 92.81165435715884
89.39017169923031 96.4453682707651 92.81165435715884
89.3668783005993 96.35636057287279 92.75492406083293
89.37465412285556 96.35636057287279 92.75765732697093
89.37465412285556 96.35636057287279 92.75765732697093
89.37465412285556 96.35636057287279 92.75765732697093
89.35129246310785 96.43150728242313 92.78449473082264
89.3668783005993 96.43983681709216 92.79810014982723
89.27329487078164 96.33247211544521 92.69795049837609
89.68439857086146 96.8042216358839 93.13794690808655
89.67681703513894 96.8042216358839 93.13534865633763
89.6919689787175 96.70782758693228 93.09982236560018
89.6919689787175 96.70782758693228 93.09982236560018
89.6919689787175 96.70782758693228 93.09982236560018
89.67681703513894 96.70012229578711 93.0867657437429
89.70707650868471 96.70526315789473 93.10242777397924
89.70707650868471 96.70526315789473 93.10242777397924
89.70707650868471 96.70526315789473 93.10242777397924
89.68439857086146 96.69238085173835 93.08152924919392
89.6919689787175 96.69238085173835 93.08414848770106
89.6919689787175 96.69238085173835 93.08414848770106
89.6919689787175 96.69238085173835 93.08414848770106
89.66922434699637 96.69238085173835 93.0762848157671
89.67681703513894 96.69238085173835 93.07890802596818
89.67681703513894 96.69238085173835 93.07890802596818
89.67681703513894 96.69238085173835 93.07890802596818
89.66922434699637 96.69238085173835 93.0762848157671
89.6919689787175 96.78315789473683 93.1350020936099
89.6919689787175 96.78315789473683 93.1350020936099
89.6919689787175 96.78315789473683 93.1350020936099
89.67681703513894 96.7756230348815 93.12200712151598
89.52798861480076 96.6503250783765 92.98097208491728
89.72306960896952 97.22310411243042 93.35202447584648
90.36029206399873 97.96122923375488 94.0371275137347
90.33889833050085 97.95315377039353 94.01887904384778
91.17670779901606 98.69698407904389 94.81292339760292
91.17670779901606 98.69698407904389 94.81292339760292
91.17670779901606 98.69698407904389 94.81292339760292
91.1569162372436 98.69698407904389 94.80691576498086
91.16352328258148 98.69698407904389 94.80891985481247
91.16352328258148 98.69698407904389 94.80891985481247
91.16352328258148 98.69698407904389 94.80891985481247
91.1569162372436 98.69698407904389 94.80691576498086
91.17670779901606 98.70319477842666 94.82489705943517
91.17670779901606 98.70319477842666 94.82489705943517
91.74460833045913 99.31731766332527 95.41521495757348
92.37222244956419 99.69782608695652 95.92722979952359
92.39525111174575 99.69831141207622 95.93673761251787
92.39525111174575 99.69831141207622 95.93673761251787
92.39525111174575 99.69831141207622 95.93673761251787
92.3779926805831 99.6970951644185 95.92405063291139
91.71669641408405 98.92961401232566 95.21083423165078
91.71669641408405 98.92961401232566 95.21083423165078
90.56860742254 98.09807663443189 94.20810637284345
90.54759323939139 98.09807663443189 94.20144108651702
90.55460836425634 98.09807663443189 94.20366455250176
90.55460836425634 98.09807663443189 94.20366455250176
90.55460836425634 98.09807663443189 94.20366455250176
90.54759323939139 98.09807663443189 94.20144108651702
90.56860742254 98.18461407030883 94.25742369587911
90.56860742254 98.18461407030883 94.25742369587911
90.561613084262 98.18030014343516 94.24862581907394
90.55460836425634 98.18030014343516 94.24642213615559
90.50856948583085 98.10559138866346 94.18538600568034
90.50856948583085 98.10559138866346 94.18538600568034
90.50154104791258 98.02344485325575 94.14045536323593
90.49450219311423 98.021879214746 94.13596854304636
90.38023724887168 98.021879214746 94.07139536085137
89.50970115306264 97.04953475063057 93.15224063842848
89.47890425088767 97.04721904034619 93.13925477935523
89.47890425088767 97.04721904034619 93.13925477935523
89.42812431907771 96.8458933107536 93.0169970221954
88.98042848414373 96.3279572156483 92.53596115279291
88.9723865877712 96.3279572156483 92.53314866488788
88.9723865877712 96.3279572156483 92.53314866488788
88.9964771407766 96.34504149551513 92.55838501121521
88.9964771407766 96.34504149551513 92.55838501121521
88.98042848414373 96.3365192731856 92.54438591852922
88.98042848414373 96.3365192731856 92.54438591852922
89.00448395217117 96.3422051636989 92.55838501121521
89.00448395217117 96.3422051636989 92.55838501121521
88.98845865994407 96.33081567818897 92.54157977722394
88.98845865994407 96.33081567818897 92.54157977722394
89.00448395217117 96.33081567818897 92.5471899490745
89.00448395217117 96.33081567818897 92.5471899490745
88.9723865877712 96.3279572156483 92.53314866488788
88.98042848414373 96.3279572156483 92.53596115279291
88.98042848414373 96.3279572156483 92.53596115279291
88.98042848414373 96.3279572156483 92.53596115279291
88.9723865877712 96.3279572156483 92.53314866488788
88.98845865994407 96.27039138902268 92.5208318531976
89.20011835486734 95.75106223444139 92.38959749561835
89.67773921665841 95.9529126922836 92.73816303286691
89.85172653995423 96.15674927663858 92.92518812730373
90.2378721113393 96.43321996892975 93.25881763424586
89.91695144242232 96.07219793779934 92.91864078659127
89.91695144242232 96.07219793779934 92.91864078659127
89.90210513749055 96.06000209797546 92.90258672630536
89.91695144242232 96.06000209797546 92.90794616161719
89.91695144242232 96.06000209797546 92.90794616161719
89.91695144242232 96.06000209797546 92.90794616161719
89.88721504862107 96.05694129503654 92.89453236821657
89.89466557814461 96.05694129503654 92.89721918466208
89.89466557814461 96.05694129503654 92.89721918466208
89.89466557814461 96.05694129503654 92.89721918466208
89.88721504862107 96.05694129503654 92.89453236821657
89.90953375086987 96.07523510971787 92.91864078659127
89.90953375086987 96.07523510971787 92.91864078659127
89.90953375086987 96.07523510971787 92.91864078659127
89.89466557814461 95.99171131949096 92.87018990377256
89.84343956131289 95.99791013584117 92.84593917418671
89.41530065449945 95.34434804267508 92.31096393960567
90.20546578894873 96.1908950035599 93.12860120142209
90.19098609557295 96.17905306053859 93.11298150764883
90.27927388789149 96.17905306053859 93.15605304084472
90.27927388789149 96.17905306053859 93.15605304084472
90.27927388789149 96.17905306053859 93.15605304084472
90.25049017646353 96.17608106119532 93.14307387930415
90.25770207321217 96.17608106119532 93.1456736483994
91.05320479206163 97.13994521944073 94.02145243537893
91.05320479206163 97.13994521944073 94.02145243537893
91.04652336259966 97.13994521944073 94.01916351068893
91.0665377799259 97.15336334242059 94.0397009538541
91.0665377799259 97.15336334242059 94.0397009538541
91.0665377799259 97.15336334242059 94.0397009538541
91.05320479206163 97.14667005592273 94.02830870957743
91.0665377799259 97.22721981162027 94.0733325765472
91.0665377799259 97.22721981162027 94.0733325765472
91.0665377799259 97.22721981162027 94.0733325765472
91.05320479206163 97.21850648661274 94.05972341459884
91.07318938281045 97.21850648661274 94.0665357991528
91.11719583643722 97.43780723968419 94.19304779639975
90.92315419387242 97.21850648661274 93.98691056239161
90.89608479255244 97.21631959201021 93.97540517339456
90.90286726804125 97.21631959201021 93.97770977213514
90.90286726804125 97.21631959201021 93.97770977213514
90.3624827365345 96.54342871613066 93.37435412793147
89.78880949063478 95.97432293524093 92.80344813498387
89.81132075471699 95.91887831747621 92.79289362827896
89.81132075471699 95.91887831747621 92.79289362827896
89.81132075471699 95.91887831747621 92.79289362827896
89.79632428991964 95.9836751778987 92.81431019009545
89.81132075471699 95.98988590295482 92.82513950551913
89.81132075471699 95.98988590295482 92.82513950551913
89.81132075471699 95.98988590295482 92.82513950551913
89.79632428991964 95.90306432356576 92.77384996786337
89.81880246889078 95.90306432356576 92.78202384591869
89.81880246889078 95.90306432356576 92.78202384591869
89.81880246889078 95.90306432356576 92.78202384591869
89.78880949063478 95.89988680669099 92.76839042319669
89.79632428991964 95.89988680669099 92.7711212263477
89.79632428991964 95.89988680669099 92.7711212263477
89.96811478676764 95.89988680669099 92.86210489753387
89.96071236264285 95.89988680669099 92.85940581917036
89.97550630264651 95.9836751778987 92.90794616161719
89.97550630264651 95.9836751778987 92.90794616161719
89.97550630264651 95.9836751778987 92.90794616161719
89.96071236264285 95.97432293524093 92.89453236821657
89.98288693437338 96.06416128155259 92.951025277605
89.98288693437338 96.06416128155259 92.951025277605
89.98288693437338 96.06416128155259 92.951025277605
89.96811478676764 96.12655357742695 92.97018770702982
89.99025670597125 96.12655357742695 92.9781563064857
89.99025670597125 96.12655357742695 92.9781563064857
89.99025670597125 96.12655357742695 92.9781563064857
89.96071236264285 96.1235423889064 92.96486525200025
89.96811478676764 96.1235423889064 92.96752748657633
89.96811478676764 96.1235423889064 92.96752748657633
89.96811478676764 96.1235423889064 92.96752748657633
91.17165551670473 97.16263857622222 94.09608235038264
91.37662547778429 97.28061430116878 94.26131069468889
91.17931953020947 97.06031746031746 94.05293169703731
90.50719121830055 96.34866278703335 93.36142984587936
90.49309902102391 96.34012803234502 93.34881236130516
90.51422166176263 96.35433054349423 93.36897738446412
90.51422166176263 96.35433054349423 93.36897738446412
90.51422166176263 96.35433054349423 93.36897738446412
90.50015034579533 96.34297738032615 93.35386510625192
90.52124169933595 96.34297738032615 93.36142984587936
90.52124169933595 96.34297738032615 93.36142984587936
90.52124169933595 96.34297738032615 93.36142984587936
90.49309902102391 96.34012803234502 93.34881236130516
90.50015034579533 96.34012803234502 93.35133969375494
90.50015034579533 96.34012803234502 93.35133969375494
90.50015034579533 96.34012803234502 93.35133969375494
90.49309902102391 96.34012803234502 93.34881236130516
90.50719121830055 96.34866278703335 93.36142984587936
90.50719121830055 96.34866278703335 93.36142984587936
90.50719121830055 96.34866278703335 93.36142984587936
90.49309902102391 96.34012803234502 93.34881236130516
90.51422166176263 96.35433054349423 93.36897738446412
90.3207765749211 96.8255306591345 93.48867260812044
89.74715198666297 96.8255306591345 93.18286362660615
89.19842728152845 96.38150970403738 92.67929758762318
89.06053211586902 96.19521828648263 92.514276424086
89.06053211586902 96.19521828648263 92.514276424086
89.04457845571716 96.19225836294443 92.50582383040192
89.02857819531064 96.19225836294443 92.5001781551273
89.0365841632975 96.19225836294443 92.50300205564488
89.0365841632975 96.19225836294443 92.50300205564488
89.02857819531064 96.19225836294443 92.5001781551273
89.02857819531064 96.19225836294443 92.5001781551273
89.04457845571716 96.20112434972312 92.514276424086
89.04457845571716 96.20112434972312 92.514276424086
89.02857819531064 96.11748392789613 92.46534915433618
89.02857819531064 96.11748392789613 92.46534915433618
89.05256109809173 96.13251574827868 92.48797711085408
89.05256109809173 96.13251574827868 92.48797711085408
89.0365841632975 96.12049963262307 92.47101891397193
89.0365841632975 96.12049963262307 92.47101891397193
89.06053211586902 96.12049963262307 92.47950757229485
89.06053211586902 96.15885416666666 92.49735858257478
88.8672182821119 95.97029640662038 92.31034938180045
88.8672182821119 95.97029640662038 92.31034938180045
88.87532728310728 95.97029640662038 92.31323881870253
88.87532728310728 95.97029640662038 92.31323881870253
88.94011032308904 95.97029640662038 92.3479391655068
88.94816623028919 96.0540370719447 92.39410606644883
88.95621041035527 96.0540370719447 92.39696081315493
88.95621041035527 96.0540370719447 92.39696081315493
88.8672182821119 96.04484191963724 92.34506169075351
88.87532728310728 96.0540370719447 92.35655862474884
88.88342447967895 96.05709262902347 92.36229415105053
88.88342447967895 96.05709262902347 92.36229415105053
88.8672182821119 96.04484191963724 92.34506169075351
88.89150989758409 96.04791172830443 92.35655862474884
88.89958356250492 96.04791172830443 92.35942746426724
88.89958356250492 96.04791172830443 92.35942746426724
88.8672182821119 96.04484191963724 92.34506169075351
88.87532728310728 95.97029640662038 92.31323881870253
88.87532728310728 95.97029640662038 92.31323881870253
88.68851170831368 95.79346301220713 92.13078864417258
88.68851170831368 95.79346301220713 92.13078864417258
88.7049315390953 95.8032170461667 92.14551634833279
88.7049315390953 95.8032170461667 92.14551634833279
88.7049315390953 95.8032170461667 92.14551634833279
88.68028387756306 95.79346301220713 92.12783647314096
88.69672758681612 95.88050971380822 92.18002044306807
88.69672758681612 95.88050971380822 92.18002044306807
88.69672758681612 95.88050971380822 92.18002044306807
88.68028387756306 95.86773395918026 92.16241162807209
88.71312359110067 95.87093532109131 92.17709113734384
88.71312359110067 95.87093532109131 92.17709113734384
88.71312359110067 95.87093532109131 92.17709113734384
88.68028387756306 95.94212016357345 92.19701274454096
88.68851170831368 95.94212016357345 92.19994116990739
88.68851170831368 95.94212016357345 92.19994116990739
88.68851170831368 95.94212016357345 92.19994116990739
88.68851170831368 95.94212016357345 92.19994116990739
88.7049315390953 95.95154406226463 92.21455038775386
88.7049315390953 95.95154406226463 92.21455038775386
88.7049315390953 95.95154406226463 92.21455038775386
88.68028387756306 96.01662189388853 92.23163985179922
88.69672758681612 96.02895639802493 92.24910621145061
88.69672758681612 96.02895639802493 92.24910621145061
88.69672758681612 96.02895639802493 92.24910621145061
88.68028387756306 96.01662189388853 92.23163985179922
88.71312359110067 96.01971269791338 92.24620060790274
88.71312359110067 96.01971269791338 92.24620060790274
88.71312359110067 96.01971269791338 92.24620060790274
88.68028387756306 96.01662189388853 92.23163985179922
88.68851170831368 96.01662189388853 92.23455637632925
88.68851170831368 96.01662189388853 92.23455637632925
88.68851170831368 96.01662189388853 92.23455637632925
88.68851170831368 96.01662189388853 92.23455637632925
88.7049315390953 96.10033108419597 92.28368794326242
88.7049315390953 96.10033108419597 92.28368794326242
88.7049315390953 96.10033108419597 92.28368794326242
88.68028387756306 96.01662189388853 92.23163985179922
88.69672758681612 96.02895639802493 92.24910621145061
88.69672758681612 96.02895639802493 92.24910621145061
88.74725015713388 95.51139319529706 92.03471864358826
89.65674875280743 96.26309809367504 92.86889686116989
89.68708507560295 96.26600508798856 92.882355341549
89.8669579030977 96.47086089924571 93.0741550980352
89.8669579030977 96.47086089924571 93.0741550980352
89.8370907352824 96.54342871613066 93.09631147540983
89.84457402137356 96.54342871613066 93.09892766062046
89.84457402137356 96.54342871613066 93.09892766062046
89.84457402137356 96.54342871613066 93.09892766062046
89.84457402137356 96.54342871613066 93.09892766062046
89.85950758102656 96.62677510429396 93.1472107173902
89.85950758102656 96.62677510429396 93.1472107173902
89.85950758102656 96.62677510429396 93.1472107173902
89.84457402137356 96.61886760575278 93.1342213114754
89.85950758102656 96.7047322068181 93.18504883162039
89.85950758102656 96.7047322068181 93.18504883162039
89.85950758102656 96.7047322068181 93.18504883162039
89.8370907352824 96.77009962561075 93.2023100042056
89.8669579030977 96.77262543855942 93.2151852079366
89.8669579030977 96.77262543855942 93.2151852079366
89.90087602550605 96.99197152964602 93.33558863328822
89.67992047713717 96.77009962561075 93.11825532656262
89.68750620815702 96.77009962561075 93.12086381051898
89.68750620815702 96.77009962561075 93.12086381051898
89.68750620815702 96.77009962561075 93.12086381051898
89.68750620815702 96.77009962561075 93.12086381051898
89.7026442641487 96.77766523170422 93.13387662450536
89.7026442641487 96.77766523170422 93.13387662450536
89.7026442641487 96.77766523170422 93.13387662450536
89.68750620815702 96.77009962561075 93.12086381051898
89.7026442641487 96.78017923036373 93.13647328181855
89.7026442641487 96.78017923036373 93.13647328181855
89.7026442641487 96.78017923036373 93.13647328181855
89.67992047713717 96.77009962561075 93.11825532656262
89.71019663812243 96.77262543855942 93.13127800167754
89.71019663812243 96.77262543855942 93.13127800167754
89.71019663812243 96.77262543855942 93.13127800167754
89.67992047713717 96.77009962561075 93.11825532656262
89.68750620815702 96.77009962561075 93.12086381051898
89.68750620815702 96.77009962561075 93.12086381051898
89.68750620815702 96.77009962561075 93.12086381051898
89.68750620815702 96.77009962561075 93.12086381051898
89.7026442641487 96.77766523170422 93.13387662450536
89.7026442641487 96.77766523170422 93.13387662450536
89.7026442641487 96.77766523170422 93.13387662450536
89.68750620815702 96.8458933107536 93.15617409840434
89.7026442641487 96.93142700259763 93.2069720341237
89.7026442641487 96.93142700259763 93.2069720341237
89.7026442641487 96.93142700259763 93.2069720341237
89.67992047713717 96.92180581742686 93.18892752017886
89.71019663812243 96.84836178268502 93.16653875671528
89.71019663812243 96.84836178268502 93.16653875671528
89.7026442641487 96.8458933107536 93.16136035473266
89.67992047713717 96.8458933107536 93.15357801927414
89.68750620815702 96.8458933107536 93.15617409840434
89.68750620815702 96.8458933107536 93.15617409840434
89.68750620815702 96.8458933107536 93.15617409840434
89.68750620815702 96.8458933107536 93.15617409840434
89.7026442641487 96.85328715338642 93.16912501790061
89.7026442641487 96.85328715338642 93.16912501790061
89.73028839464949 96.98755591359097 93.24504534077387
89.54164104801762 96.77009962561075 93.04270389780544
89.55696829263462 96.7047322068181 93.02332703792557
89.55696829263462 96.7047322068181 93.02332703792557
89.53396054146322 96.54342871613066 92.93443796665643
89.53396054146322 96.54342871613066 92.93443796665643
89.56461508015042 96.54612546125462 92.94778214486243
89.56461508015042 96.54612546125462 92.94778214486243
89.60739946806399 96.54342871613066 92.97228188605912
89.60739946806399 96.54342871613066 92.97228188605912
89.61502608143755 96.54342871613066 92.97494044393551
89.61502608143755 96.54342871613066 92.97494044393551
89.54164104801762 96.54342871613066 92.93711084073738
89.54164104801762 96.54342871613066 92.93711084073738
89.55696829263462 96.55150634750204 92.95044493428036
89.55696829263462 96.55150634750204 92.95044493428036
89.54164104801762 96.54342871613066 92.93711084073738
89.54164104801762 96.54342871613066 92.93711084073738
89.55696829263462 96.55419050824638 92.95310571361536
89.55696829263462 96.55419050824638 92.95310571361536
89.69061915934307 96.54342871613066 93.01816097131508
89.70576556543838 96.54612546125462 93.02608571165625
89.72086753102573 96.54612546125462 93.03135888501743
89.72086753102573 96.54612546125462 93.03135888501743
89.69819792970534 96.54342871613066 93.02080455182717
89.70576556543838 96.54342871613066 93.02344613118376
89.70576556543838 96.54342871613066 93.02344613118376
89.70576556543838 96.54342871613066 93.02344613118376
89.69819792970534 96.54342871613066 93.02080455182717
89.7133220910624 96.47635476270617 92.99884624416741
89.7133220910624 96.47635476270617 92.99884624416741
89.7133220910624 96.47635476270617 92.99884624416741
89.69819792970534 96.46810753821823 92.98559679201277
89.7133220910624 96.55419050824638 93.03662409001338
89.7133220910624 96.55419050824638 93.03662409001338
89.7133220910624 96.55419050824638 93.03662409001338
89.69819792970534 96.47086089924571 92.98825069278988
89.72840190970503 96.47360997073623 93.00149013043745
89.72840190970503 96.47360997073623 93.00149013043745
89.72840190970503 96.47360997073623 93.00149013043745
89.47420575935945 96.10335048839409 92.69543758030633
89.64525217253284 96.28943657525309 92.87238931726498
89.64525217253284 96.28943657525309 92.87238931726498
89.64525217253284 96.28943657525309 92.87238931726498
89.63764519011218 96.28943657525309 92.86969492633686
89.65284799460734 96.29808499916008 92.8831465486473
89.65284799460734 96.29808499916008 92.8831465486473
89.65284799460734 96.29808499916008 92.8831465486473
89.63764519011218 96.28943657525309 92.86969492633686
89.65284799460734 96.45071132872422 92.95595046212229
89.65284799460734 96.45071132872422 92.95595046212229
89.65284799460734 96.45071132872422 92.95595046212229
89.63764519011218 96.44241300867807 92.94263141218917
89.66800625581534 96.4451834234841 92.95595046212229
89.66800625581534 96.4451834234841 92.95595046212229
89.66800625581534 96.4451834234841 92.95595046212229
89.63764519011218 96.43963827230759 92.9399615557646
89.63764519011218 96.43963827230759 92.9399615557646
89.63764519011218 96.43963827230759 92.9399615557646
89.63764519011218 96.43963827230759 92.9399615557646
89.63002702273089 96.43963827230759 92.93728967852138
89.4825368556446 96.44794952681389 92.86231329968905
89.4825368556446 96.44794952681389 92.86231329968905
89.4825368556446 96.44794952681389 92.86231329968905
89.47483068636382 96.44794952681389 92.85961977806788
89.4902317487938 96.53385367491241 92.9107326458522
89.4902317487938 96.53385367491241 92.9107326458522
89.4902317487938 96.53385367491241 92.9107326458522
89.46711321614713 96.51763317101963 92.88661899897855
89.49791539054318 96.52034712275676 92.90003568333589
89.49791539054318 96.52034712275676 92.90003568333589
89.49791539054318 96.52034712275676 92.90003568333589
89.46711321614713 96.51491498249018 92.88392957501814
89.46711321614713 96.51491498249018 92.88392957501814
89.46711321614713 96.51491498249018 92.88392957501814
89.46711321614713 96.51491498249018 92.88392957501814
89.4593844201174 96.51491498249018 92.8812381166561
89.4825368556446 96.5230568475996 92.89735639686684
89.4825368556446 96.5230568475996 92.89735639686684
89.4825368556446 96.5230568475996 92.89735639686684
89.32271073857346 95.87932764676367 92.51239635831571
90.07085141105759 96.68396831067308 93.29060746373924
90.07085141105759 96.68396831067308 93.29060746373924
90.07085141105759 96.68396831067308 93.29060746373924
90.04886805624814 96.66842605299271 93.2676923076923
90.0781576278265 96.6710265389646 93.28044223780519
90.0781576278265 96.6710265389646 93.28044223780519
90.0781576278265 96.6710265389646 93.28044223780519
90.04886805624814 96.6658215010142 93.26513651334352
90.04886805624814 96.6658215010142 93.26513651334352
90.04886805624814 96.6658215010142 93.26513651334352
90.04886805624814 96.6658215010142 93.26513651334352
90.04151862349794 96.6658215010142 93.26257877773901
90.2360664897332 98.06273654499968 94.01734104046243
90.2360664897332 98.06273654499968 94.01734104046243
90.2360664897332 98.06273654499968 94.01734104046243
90.22885214473999 98.06273654499968 94.01505529568477
90.2432701894317 98.06884791644464 94.02874362540565
90.2432701894317 98.06884791644464 94.02874362540565
90.2432701894317 98.06884791644464 94.02874362540565
90.21802122259747 98.46031438831903 94.19124958568113
90.4234293585674 98.66930795400715 94.39362704981717
90.4234293585674 98.66930795400715 94.39362704981717
90.4234293585674 98.66930795400715 94.39362704981717
90.4691348136876 98.66718426501035 94.41912138800345
90.4691348136876 98.66718426501035 94.41912138800345
90.4691348136876 98.66718426501035 94.41912138800345
90.4691348136876 98.66718426501035 94.41912138800345
90.38792930709735 98.66718426501035 94.37854457070445
90.40216086434573 98.67036726263474 94.38932603489566
90.40216086434573 98.67036726263474 94.38932603489566
90.40216086434573 98.67036726263474 94.38932603489566
90.39505035740744 98.67036726263474 94.38717305179316
90.41635034163103 98.75295127709809 94.43835106162824
90.41635034163103 98.75295127709809 94.43835106162824
90.41635034163103 98.75295127709809 94.43835106162824
90.39505035740744 98.7469806763285 94.41912138800345
90.4234293585674 98.74797974356213 94.4298209252197
90.4234293585674 98.74797974356213 94.4298209252197
90.5970597059706 99.78007621121392 94.99687239366138
90.57613663699784 99.7797212710737 94.98720426176425
90.57613663699784 99.7797212710737 94.98720426176425
90.57613663699784 99.7797212710737 94.98720426176425
90.57613663699784 99.7797212710737 94.98720426176425
90.56213611724553 99.7797212710737 94.98332653850576
90.57613663699784 99.780253252687 94.9930096195981
90.57613663699784 99.780253252687 94.9930096195981
90.56914157321403 99.780253252687 94.99107599494828
90.56914157321403 99.780253252687 94.99107599494828
90.5900956803715 99.86109000933303 95.04118461746728
90.5900956803715 99.86109000933303 95.04118461746728
90.57613663699784 99.86041743909621 95.02585261398653
90.56914157321403 99.86041743909621 95.02392944471148
90.5970597059706 99.86052998605301 95.03353044856753
90.5970597059706 99.86052998605301 95.03353044856753
90.57613663699784 99.94101841536143 95.06068303697431
90.57613663699784 99.94101841536143 95.06068303697431
90.57613663699784 99.94101841536143 95.06068303697431
90.57613663699784 99.94101841536143 95.06068303697431
90.56213611724553 99.94101841536143 95.05685919633423
90.56213611724553 99.98251671838804 95.07575757575758
90.38226880838552 99.74986949712894 94.87323767545094
90.38226880838552 99.74986949712894 94.87323767545094
90.37514513352284 99.74986949712894 94.87126029396435
90.37514513352284 99.74986949712894 94.87126029396435
90.39648457005892 99.91096634093377 94.95812308172502
90.39648457005892 99.91096634093377 94.95812308172502
90.37514513352284 99.91053504407785 94.94059426614604
90.37514513352284 99.91053504407785 94.94059426614604
90.4035767035248 99.910607216832 94.95034751529171
90.4035767035248 99.910607216832 94.95034751529171
90.45628213078353 99.91046275468979 94.97922365371365
90.45628213078353 99.91046275468979 94.97922365371365
90.45628213078353 99.91046275468979 94.97922365371365
90.45628213078353 99.91046275468979 94.97922365371365
90.54214086429417 99.24460986191556 95.41521401268534
90.55616795270068 99.24645195307352 95.42410363367675
90.55616795270068 99.24645195307352 95.42410363367675
90.55616795270068 99.24645195307352 95.42410363367675
90.54915961330178 99.24645195307352 95.4223284683778
90.77361253184107 98.81905348346235 95.74106515331117
90.59553598238415 99.24889414444007 95.44869850765
90.59553598238415 99.24889414444007 95.44869850765
90.57459272931546 99.24522489217499 95.43279321635463
90.5284845575292 99.24583892174755 95.40288877483687
90.5284845575292 99.24583892174755 95.40288877483687
90.5284845575292 99.24583892174755 95.40288877483687
90.51444368764774 99.24460986191556 95.3957513768686
90.58856524700509 99.24460986191556 95.43456595856281
90.58856524700509 99.24460986191556 95.43456595856281
90.58856524700509 99.24460986191556 95.43456595856281
90.56759090087738 99.24460986191556 95.42924359863045
90.58158417032539 99.24645195307352 95.43810731768677
90.58158417032539 99.24645195307352 95.43810731768677
90.58158417032539 99.24645195307352 95.43810731768677
90.74937685937124 98.60490824673889 95.82219040198783
90.76997131911992 98.60945832782406 95.83355208584898
90.76997131911992 98.60945832782406 95.83355208584898
90.76997131911992 98.60945832782406 95.83355208584898
90.74937685937124 98.68563715619676 95.78159067210163
90.8045746388443 98.53191913376585 95.87688550646835
90.52305230523052 98.50045407225286 95.73479640957726
90.33153030877628 98.73820520186507 95.52194978710908
90.31722869650389 98.73613847141371 95.51498855114173
90.32438478747203 98.73613847141371 95.51673088835925
90.32438478747203 98.73613847141371 95.51673088835925
90.32438478747203 98.73613847141371 95.51673088835925
90.30288471162893 98.73613847141371 95.51149981078922
90.31722869650389 98.65644266678453 95.5573047858942
90.31722869650389 98.65644266678453 95.5573047858942
90.31722869650389 98.65644266678453 95.5573047858942
90.31006201240248 98.57351380042462 95.59271474486903
90.25767948743538 98.65973018252359 95.52715654952077
90.25767948743538 98.65973018252359 95.52715654952077
90.25767948743538 98.65973018252359 95.52715654952077
90.24326863493714 98.65644266678453 95.51847187237615
90.33866528381667 98.57584455729742 95.6029676824412
90.33866528381667 98.57584455729742 95.6029676824412
90.33866528381667 98.57584455729742 95.6029676824412
90.31722869650389 98.57000332557367 95.58928646512214
90.35867719052852 98.3739837398374 95.69759001925038
90.35867719052852 98.3739837398374 95.69759001925038
90.35867719052852 98.3739837398374 95.69759001925038
90.33724516361598 98.3739837398374 95.69256045159659
90.35154375299952 98.29459771134569 95.73817034700316
90.35154375299952 98.29459771134569 95.73817034700316
90.35154375299952 98.29459771134569 95.73817034700316
90.34439975185607 98.29459771134569 95.73651157653346
90.35867719052852 98.21547181508214 95.78199997899402
90.35867719052852 98.21547181508214 95.78199997899402
90.35867719052852 98.21547181508214 95.78199997899402
90.34439975185607 98.29459771134569 95.73651157653346
90.37291246832538 98.29739184342205 95.74644487589862
90.37291246832538 98.29739184342205 95.74644487589862
90.37291246832538 98.29739184342205 95.74644487589862
90.35154375299952 98.29038927547187 95.73319015886051
90.35867719052852 98.29038927547187 95.7348515143224
90.35867719052852 98.29038927547187 95.7348515143224
90.35867719052852 98.29038927547187 95.7348515143224
90.33724516361598 98.29038927547187 95.72986356213454
90.53644841070891 98.09328640798324 95.92650830000316
90.53644841070891 98.09328640798324 95.92650830000316
90.53644841070891 98.09328640798324 95.92650830000316
90.52942120895881 98.09328640798324 95.92491712590528
90.5504715753219 98.45154734819201 95.7830059867661
90.5504715753219 98.45154734819201 95.7830059867661
90.5504715753219 98.45154734819201 95.7830059867661
90.53644841070891 98.44774136403898 95.77479610628782
90.56445324215704 98.53327737403636 95.74744972923051
90.56445324215704 98.53327737403636 95.74744972923051
90.56445324215704 98.53327737403636 95.74744972923051
90.54346519177588 98.52725901610256 95.7341980039584
90.5504715753219 98.52725901610256 95.73585898447777
90.5504715753219 98.52725901610256 95.73585898447777
90.5504715753219 98.52725901610256 95.73585898447777
90.52942120895881 98.52725901610256 95.73087215795351
90.53644841070891 98.52725901610256 95.73253572895494
90.53644841070891 98.52725901610256 95.73253572895494
90.53644841070891 98.52725901610256 95.73253572895494
90.52942120895881 98.52725901610256 95.73087215795351
90.5504715753219 98.53447514787675 95.7457977679087
90.55772504255532 99.43562147263421 95.34339093979027
90.39118875807064 99.63760206086539 95.16033099245563
90.37695433707685 99.6367217419849 95.15097022415524
90.40538113011716 99.6373090956761 95.16219881088975
90.40538113011716 99.6373090956761 95.16219881088975
90.40538113011716 99.6373090956761 95.16219881088975
90.38407681536307 99.63583713583714 95.14721576997928
90.39118875807064 99.63583713583714 95.14909372352554
90.39118875807064 99.63583713583714 95.14909372352554
90.39118875807064 99.63583713583714 95.14909372352554
90.36982129978364 99.55430654049663 95.18033164681604
90.37695433707685 99.55430654049663 95.18219895287959
90.37695433707685 99.55430654049663 95.18219895287959
90.37695433707685 99.55430654049663 95.18219895287959
90.36982129978364 99.55430654049663 95.18033164681604
90.39118875807064 99.55646835194128 95.19708547329742
90.39118875807064 99.55646835194128 95.19708547329742
90.38407681536307 99.55539007402865 95.18965373034459
90.37695433707685 99.55539007402865 95.1877921996423
90.52486298355802 99.36245727806502 95.3543570547272
90.52486298355802 99.36245727806502 95.3543570547272
90.51784534699841 99.3609030812817 95.34715677034245
90.5108173076923 99.36038333040267 95.34354825186551
90.59190904177593 99.36038333040267 95.38411574282631
90.59190904177593 99.36038333040267 95.38411574282631
90.57095855234121 99.35986273345212 95.37694769424479
90.5639543054468 99.35986273345212 95.3751522022085
90.57095855234121 99.35986273345212 95.37694769424479
90.57095855234121 98.93299754788256 95.56948051265337
90.5639543054468 98.93299754788256 95.56775632125878
90.5639543054468 98.93299754788256 95.56775632125878
90.5849358974359 98.93820484073072 95.58322590112044
90.5849358974359 98.93820484073072 95.58322590112044
90.57095855234121 98.93560756313632 95.57464504746702
90.57095855234121 98.93560756313632 95.57464504746702
90.59190904177593 98.9373404910675 95.58322590112044
90.59190904177593 98.9373404910675 95.58322590112044
90.57795240863621 98.93386897404203 95.57292487419501
90.57795240863621 98.93386897404203 95.57292487419501
90.76997131911992 98.7147723753484 95.77341818755588
90.44887680869775 98.93386897404203 95.49716803020767
90.4205420141116 98.8503205836834 95.52555772829538
90.4205420141116 98.8503205836834 95.52555772829538
90.4276414621933 98.8503205836834 95.52729756712732
90.25409328082206 99.49031152511094 95.14334460272768
90.2468790012804 99.49031152511094 95.14146300601034
90.2612968956011 99.41141719361968 95.19324150750306
90.26848986924843 99.41141719361968 95.19509801874779
90.26848986924843 99.41141719361968 95.19509801874779
90.25409328082206 99.49155142562843 95.14898065865134
90.26848986924843 99.49196338632682 95.15460364866699
90.44887680869775 98.42557990403114 95.73373644485036
90.44887680869775 98.42557990403114 95.73373644485036
90.43473039510029 98.50372406455045 95.68651787029052
90.44887680869775 98.50372406455045 95.68987261949803
90.44887680869775 98.50372406455045 95.68987261949803
90.44887680869775 98.50372406455045 95.68987261949803
90.4205420141116 98.50249584026622 95.68147594326211
90.4276414621933 98.50249584026622 95.68315789473685
90.57640992717133 98.42813374184095 95.79912525688992
90.21081027075633 98.66660760166563 95.48916411921044
90.20356742921133 98.66660760166563 95.48741014754718
90.22526387198468 98.59043081199127 95.54016678539999
90.22526387198468 98.59043081199127 95.54016678539999
90.22526387198468 98.59043081199127 95.54016678539999
90.21081027075633 98.58697094334616 95.53150618787198
90.1587048408964 98.58927940657011 95.50140384695973
90.1587048408964 98.58927940657011 95.50140384695973
90.1587048408964 98.58927940657011 95.50140384695973
90.14416357174234 98.75060811109637 95.41677159405691
90.23247467900151 98.75060811109637 95.45912055190925
90.23247467900151 98.75060811109637 95.45912055190925
90.06009711056277 99.60312239617595 94.98111790356569
90.03073606897652 99.60280014922425 94.97141304234215
90.03809257892742 99.60280014922425 94.9733570159858
90.03809257892742 99.60280014922425 94.9733570159858
90.03809257892742 99.60280014922425 94.9733570159858
90.03073606897652 99.60280014922425 94.97141304234215
90.05277307577417 99.52353892555841 95.02547697694047
90.05277307577417 99.52353892555841 95.02547697694047
90.05277307577417 99.52353892555841 95.02547697694047
90.03809257892742 99.52238021164253 95.01586903867035
90.05277307577417 99.52315331277205 95.02355835383398
90.05277307577417 99.52315331277205 95.02355835383398
90.05277307577417 99.52315331277205 95.02355835383398
90.03809257892742 99.52160459961816 95.01201546337896
90.06009711056277 99.60312239617595 94.98111790356569
89.88837689679828 99.558599695586 94.50787851107559
89.88837689679828 99.558599695586 94.50787851107559
89.8585657370518 99.55824429308207 94.49731157634187
89.86603499412783 99.55824429308207 94.49942821499117
89.86603499412783 99.55824429308207 94.49942821499117
89.86603499412783 99.55824429308207 94.49942821499117
89.8585657370518 99.55824429308207 94.49731157634187
89.88094054978036 99.64020980536651 94.55256145735052
89.88094054978036 99.64020980536651 94.55256145735052
89.88094054978036 99.64020980536651 94.55256145735052
89.86603499412783 99.55930878777353 94.50576837208337
89.88094054978036 99.48023822414727 94.47795535103538
89.68129623386153 99.06402984752745 94.1792710141334
90.0276732564853 99.48023822414727 94.55831708227875
90.01295982454391 99.47856692810741 94.5457570023497
90.03501372697251 99.47856692810741 94.55204428151579
90.03501372697251 99.47856692810741 94.55204428151579
90.03501372697251 99.47856692810741 94.55204428151579
90.00558681511632 99.47814742335291 94.54155741457527
90.01295982454391 99.47814742335291 94.54365801653752
90.01295982454391 99.47814742335291 94.54365801653752
90.01295982454391 99.47814742335291 94.54365801653752
90.00558681511632 99.47814742335291 94.54155741457527
90.02032196365954 99.47940391748553 94.55204428151579
90.02032196365954 99.47940391748553 94.55204428151579
90.02032196365954 99.47940391748553 94.55204428151579
90.00558681511632 99.47814742335291 94.54155741457527
90.0276732564853 99.48023822414727 94.55831708227875
90.0276732564853 99.48023822414727 94.55831708227875
90.0276732564853 99.48023822414727 94.55831708227875
90.01295982454391 99.39866273011462 94.50940043026846
90.03501372697251 99.39866273011462 94.51572718779197
90.03501372697251 99.39866273011462 94.51572718779197
90.03501372697251 99.39866273011462 94.51572718779197
90.00558681511632 99.39817932952397 94.5051744760518
90.01295982454391 99.39817932952397 94.50728826599571
90.01295982454391 99.39817932952397 94.50728826599571
90.01295982454391 99.39817932952397 94.50728826599571
90.00558681511632 99.39817932952397 94.5051744760518
90.02032196365954 99.31997834325934 94.47943798188176
90.02032196365954 99.31997834325934 94.47943798188176
90.02032196365954 99.31997834325934 94.47943798188176
90.00558681511632 99.31833970128517 94.46881952964172
90.0276732564853 99.32106640143571 94.48578950641597
90.0276732564853 99.32106640143571 94.48578950641597
90.0276732564853 99.32106640143571 94.48578950641597
90.01295982454391 99.31888679204356 94.47307180851064
90.03501372697251 99.31888679204356 94.47943798188176
90.03501372697251 99.31888679204356 94.47943798188176
90.03501372697251 99.31888679204356 94.47943798188176
90.00558681511632 99.31833970128517 94.46881952964172
90.01295982454391 99.31833970128517 94.47094648666064
90.01295982454391 99.27739079487013 94.4522953511087
90.2036004715379 99.50627487656872 94.66082102763835
90.19635287530993 99.50627487656872 94.6587629832585
90.21083735974125 99.58741395409437 94.70547239876427
90.21083735974125 99.58741395409437 94.70547239876427
90.21083735974125 99.58741395409437 94.70547239876427
90.19635287530993 99.50627487656872 94.6587629832585
90.21806356363346 99.50825354187427 94.67518305031936
90.21806356363346 99.50825354187427 94.67518305031936
90.21806356363346 99.50825354187427 94.67518305031936
90.2036004715379 99.50667188247056 94.66287748664939
90.22527910685805 99.50667188247056 94.6690373697673
90.22527910685805 99.50667188247056 94.6690373697673
90.21083735974125 99.50627487656872 94.66287748664939
90.19635287530993 99.50627487656872 94.6587629832585
90.2036004715379 99.50627487656872 94.66082102763835
90.2036004715379 99.50627487656872 94.66082102763835
90.19635287530993 99.50627487656872 94.6587629832585
90.36982129978364 99.44391937929974 95.2302097198495
90.38407681536307 99.36363037896908 95.27631565178262
90.40396966726026 99.36301592460188 94.70842781950195
90.38974050696324 99.36148032316913 94.69822509875037
90.38974050696324 99.36148032316913 94.69822509875037
90.41106845809341 99.36403556209305 94.71453062496752
90.41106845809341 99.36403556209305 94.71453062496752
90.3968603580153 99.36199301230442 94.70231090467908
90.3968603580153 99.36199301230442 94.70231090467908
90.41815675384093 99.36199301230442 94.70842781950195
90.41815675384093 99.36199301230442 94.70842781950195
90.38974050696324 99.36148032316913 94.69822509875037
90.38974050696324 99.36148032316913 94.69822509875037
90.3968603580153 99.36148032316913 94.70026878919843
90.3968603580153 99.36148032316913 94.70026878919843
90.38974050696324 99.36148032316913 94.69822509875037
90.3968603580153 99.36301592460188 94.70639041801513
90.40396966726026 99.36301592460188 94.70842781950195
90.40396966726026 99.36301592460188 94.70842781950195
90.38974050696324 99.44138935379398 94.73475686045542
90.38974050696324 99.44138935379398 94.73475686045542
90.40396966726026 99.44318058715199 94.74691576341357
91.10026816138073 99.51616787442258 95.60215798643912
90.07388178913737 99.6493215133628 94.65679074079861
90.09583391444681 99.64960390006094 94.6650162785134
90.10312972843832 99.64960390006094 94.66706870736982
90.10312972843832 99.64960390006094 94.66706870736982
90.07388178913737 99.6493215133628 94.65679074079861
90.0812099686733 99.6493215133628 94.65884950222852
90.0812099686733 99.6493215133628 94.65884950222852
90.0812099686733 99.6493215133628 94.65884950222852
90.0812099686733 99.6493215133628 94.65884950222852
90.09583391444681 99.65016731128591 94.66911955764814
90.09583391444681 99.65016731128591 94.66911955764814
90.09583391444681 99.65016731128591 94.66911955764814
90.07388178913737 99.6493215133628 94.65679074079861
90.08852733580572 99.65044833800127 94.66911955764814
90.08852733580572 99.65044833800127 94.66911955764814
90.08852733580572 99.65044833800127 94.66911955764814
90.07388178913737 99.6493215133628 94.65679074079861
90.10312972843832 99.64960390006094 94.66706870736982
90.10312972843832 99.64960390006094 94.66706870736982
90.10312972843832 99.64960390006094 94.66706870736982
90.07388178913737 99.6493215133628 94.65679074079861
90.0812099686733 99.6493215133628 94.65884950222852
90.0812099686733 99.6493215133628 94.65884950222852
90.0812099686733 99.6493215133628 94.65884950222852
90.0812099686733 99.6493215133628 94.65884950222852
90.09583391444681 99.65016731128591 94.66911955764814
90.09583391444681 99.65016731128591 94.66911955764814
90.09583391444681 99.65016731128591 94.66911955764814
90.07388178913737 99.6493215133628 94.65679074079861
90.08852733580572 99.65044833800127 94.66911955764814
89.91641791044776 98.62266056425794 94.10573515585449
89.91641791044776 98.62266056425794 94.10573515585449
89.90154655612244 98.61826647410058 94.09218470077771
89.93124552897225 98.61936762298613 94.1034810649909
89.93124552897225 98.61936762298613 94.1034810649909
89.93124552897225 98.61936762298613 94.1034810649909
89.90154655612244 98.61826647410058 94.09218470077771
89.90898771234541 98.61826647410058 94.09444743488883
89.90898771234541 98.61826647410058 94.09444743488883
89.96811478676764 98.82703648499773 94.22221761529133
89.79275229722742 98.61826647410058 94.03117855775895
89.8077534159517 98.5431573518984 94.00666728591924
89.8077534159517 98.5431573518984 94.00666728591924
89.8077534159517 98.5431573518984 94.00666728591924
89.78523516649747 98.53967433445334 93.9929036195678
89.80025837225479 98.62266056425794 94.04257955272885
89.80025837225479 98.62266056425794 94.04257955272885
89.80025837225479 98.62266056425794 94.04257955272885
89.78523516649747 98.61826647410058 94.02889312029141
89.81523745261862 98.61936762298613 94.04030283937739
89.81523745261862 98.61936762298613 94.04030283937739
89.81523745261862 98.61936762298613 94.04030283937739
89.78523516649747 98.69698407904389 94.06491019203894
89.96452911402496 99.31402769938784 94.44248192170227
89.96452911402496 99.31402769938784 94.44248192170227
89.96452911402496 99.31402769938784 94.44248192170227
89.96452911402496 99.31402769938784 94.44248192170227
89.97930595351798 99.3156766355545 94.4531436334035
89.97930595351798 99.3156766355545 94.4531436334035
89.97930595351798 99.3156766355545 94.4531436334035
89.96452911402496 99.31402769938784 94.44248192170227
89.97930595351798 99.316224520708 94.45527106872603
89.97930595351798 99.316224520708 94.45527106872603
89.97930595351798 99.316224520708 94.45527106872603
89.9571243394157 99.31402769938784 94.44034465913461
89.98667806653013 99.39434724091521 94.48728193526293
89.98667806653013 99.39434724091521 94.48728193526293
89.98667806653013 99.39434724091521 94.48728193526293
89.9571243394157 99.39386039236133 94.47667768835653
89.96452911402496 99.39386039236133 94.47880180020995
89.96452911402496 99.39386039236133 94.47880180020995
89.96452911402496 99.39386039236133 94.47880180020995
89.96452911402496 99.39386039236133 94.47880180020995
89.97930595351798 99.47508838904193 94.52568000913251
89.97930595351798 99.47508838904193 94.52568000913251
89.97930595351798 99.47508838904193 94.52568000913251
89.96452911402496 99.39386039236133 94.47880180020995
89.97930595351798 99.3958031054421 94.49151224166002
89.97930595351798 99.3958031054421 94.49151224166002
89.93456772936099 99.12532665270068 94.34378364946575
90.43504410585405 99.491127348643 94.78219143787031
90.4633405293036 99.49153647247996 94.79224146008808
90.4633405293036 99.49153647247996 94.79224146008808
90.4633405293036 99.49153647247996 94.79224146008808
90.43504410585405 99.491127348643 94.78219143787031
90.4421339423443 99.41113839334217 94.7476495236507
90.4421339423443 99.41113839334217 94.7476495236507
90.4421339423443 99.41113839334217 94.7476495236507
90.4421339423443 99.41113839334217 94.7476495236507
90.45628213078353 99.41255527616406 94.75775828885907
90.45628213078353 99.41255527616406 94.75775828885907
90.45628213078353 99.41255527616406 94.75775828885907
90.4421339423443 99.41113839334217 94.7476495236507
90.45628213078353 99.49275990635567 94.79625063720441
90.45628213078353 99.49275990635567 94.79625063720441
90.45628213078353 99.49275990635567 94.79625063720441
90.43504410585405 99.491127348643 94.78219143787031
90.4633405293036 99.49153647247996 94.79224146008808
90.4633405293036 99.49153647247996 94.79224146008808
90.4633405293036 99.49153647247996 94.79224146008808
90.25229587243152 99.31402769938784 94.60160129936386
90.25950657763205 99.31402769938784 94.60368011323426
90.25950657763205 99.31402769938784 94.60368011323426
90.25950657763205 99.31402769938784 94.60368011323426
90.08660254619467 98.2898637906587 94.03993378853714
89.92920213189086 97.69091490041538 93.67986917483468
89.92920213189086 97.69091490041538 93.67986917483468
89.91435968930492 97.76267709468556 93.70354716669931
89.91435968930492 97.76267709468556 93.70354716669931
89.92920213189086 97.84684915153066 93.7536011194337
89.92920213189086 97.84684915153066 93.7536011194337
89.906922049708 97.84003421727972 93.73691106228013
89.906922049708 97.84003421727972 93.73691106228013
89.93660698316806 97.84174199200804 93.74884161535452
89.93660698316806 97.84174199200804 93.74884161535452
89.98066689255178 97.84003421727972 93.7750817575026
89.98066689255178 97.84003421727972 93.7750817575026
89.98805018920534 97.84003421727972 93.77745694544704
89.98805018920534 97.84003421727972 93.77745694544704
90.08840021551295 98.08335477231799 93.94565767851421
89.91615049094783 98.08335477231799 93.85253941540273
89.93099059324226 98.08790503689445 93.86425936231167
89.93099059324226 98.08790503689445 93.86425936231167
89.91615049094783 98.08335477231799 93.85253941540273
89.91615049094783 98.08335477231799 93.85253941540273
89.93099059324226 98.08941699435802 93.86659799124388
89.7596220647492 97.48937977909941 93.49675248053028
89.73700962839182 97.48146254154948 93.47942386831276
89.74455819501044 97.56030000852297 93.51995639519936
89.76713741669312 97.56030000852297 93.52734519455971
89.76713741669312 97.56030000852297 93.52734519455971
89.74455819501044 97.63540910836997 93.55310148925003
89.75209566564698 97.63540910836997 93.55555555555556
89.75209566564698 97.63540910836997 93.55555555555556
89.75209566564698 97.63540910836997 93.55555555555556
89.74455819501044 97.63540910836997 93.55310148925003
89.7596220647492 97.71797494246995 93.60092898027972
89.7596220647492 97.71797494246995 93.60092898027972
89.7596220647492 97.71797494246995 93.60092898027972
89.74277422176282 97.71256487473569 93.58777682827638
89.75784041286225 97.71977261598074 93.6023996137608
89.75784041286225 97.71977261598074 93.6023996137608
89.75784041286225 97.71977261598074 93.6023996137608
89.74277422176282 97.63727476276789 93.55459305974219
89.77286240932334 97.56222189103451 93.53130164334911
89.77286240932334 97.56222189103451 93.53130164334911
89.77286240932334 97.56222189103451 93.53130164334911
89.74277422176282 97.48146254154948 93.48094366399967
89.75031285382278 97.48146254154948 93.48342328450269
89.75031285382278 97.48146254154948 93.48342328450269
89.75031285382278 97.48146254154948 93.48342328450269
89.74277422176282 97.48146254154948 93.48094366399967
89.75784041286225 97.48740513997832 93.49332293195653
89.75784041286225 97.48740513997832 93.49332293195653
89.75784041286225 97.48740513997832 93.49332293195653
89.74277422176282 97.48146254154948 93.48094366399967
90.07788689468337 97.93871628542165 93.87626847988462
90.07788689468337 97.93871628542165 93.87626847988462
90.07788689468337 97.93871628542165 93.87626847988462
90.06323937199512 98.04076913194297 93.914013363765
90.09249129786177 98.04232011810265 93.92561898282722
90.09249129786177 98.04232011810265 93.92561898282722
90.09249129786177 98.04232011810265 93.92561898282722
90.06323937199512 98.0392156862745 93.91168691627408
90.06323937199512 98.0392156862745 93.91168691627408
89.74277422176282 97.66458884809154 93.56562017498713
89.74277422176282 97.66458884809154 93.56562017498713
89.7352244922318 97.66458884809154 93.5631686797854
89.75784041286225 97.67010967948036 93.57784969435455
89.75784041286225 97.67010967948036 93.57784969435455
89.75784041286225 97.67010967948036 93.57784969435455
89.57949205971569 97.07469889719111 93.20755103294364
89.59475778512463 97.08383448334071 93.22295309691127
89.59475778512463 97.08383448334071 93.22295309691127
89.59475778512463 97.08383448334071 93.22295309691127
89.57184238720686 96.99402618311231 93.16449471354808
89.60237388724036 96.92047377326564 93.14218542369417
89.60237388724036 96.92047377326564 93.14218542369417
89.60237388724036 96.92047377326564 93.14218542369417
89.60562094357223 97.04721904034619 93.20584465521661
89.72850498867115 96.83974345405669 93.17527189232962
89.72850498867115 96.83974345405669 93.17527189232962
89.72850498867115 96.83974345405669 93.17527189232962
89.720945959385 96.83974345405669 93.1726825266612
89.40646130728776 96.46012115093387 92.82729663072502
89.40646130728776 96.46012115093387 92.82729663072502
89.40646130728776 96.46012115093387 92.82729663072502
89.39870600106843 96.46012115093387 92.82459091604221
89.41420527511607 96.39632089505332 92.80586512649475
89.41420527511607 96.39632089505332 92.80586512649475
89.41420527511607 96.39632089505332 92.80586512649475
89.3909393315381 96.37948091860147 92.78142249339359
89.42193792940061 96.38229850243985 92.79502220049697
89.42193792940061 96.38229850243985 92.79502220049697
89.42193792940061 96.38229850243985 92.79502220049697
89.3909393315381 96.37665894249 92.77869638883786
89.3909393315381 96.37665894249 92.77869638883786
89.3909393315381 96.37665894249 92.77869638883786
89.3909393315381 96.37665894249 92.77869638883786
90.0181596854982 97.10489451118563 93.45538698894318
90.04022141690893 97.18784436721201 93.5058002258495
91.17486944774885 98.00196597999829 94.49233865529655
91.17486944774885 98.00196597999829 94.49233865529655
91.1682808716707 98.00196597999829 94.49022375358047
91.18144820083008 98.00826516700751 94.50288885667544
91.18144820083008 98.00826516700751 94.50288885667544
91.18144820083008 98.00826516700751 94.50288885667544
91.16168245057852 97.92125580102227 94.4475602916433
91.18801715286587 97.92289939311051 94.45820850653591
91.18801715286587 97.92289939311051 94.45820850653591
91.18801715286587 97.92289939311051 94.45820850653591
91.23639521030633 97.99721537967227 94.52020621985697
90.58521622326029 97.25558555302821 93.82583574081717
90.58521622326029 97.25558555302821 93.82583574081717
90.58521622326029 97.25558555302821 93.82583574081717
90.70052680258978 97.25558555302821 93.8899509170757
91.61006467833175 98.1592859741872 94.79915037171237
91.61006467833175 98.1592859741872 94.79915037171237
91.61006467833175 98.1592859741872 94.79915037171237
91.60376592809025 98.1592859741872 94.79714598198011
92.28024386762637 98.98666092943202 95.54662227945101
92.28024386762637 98.98666092943202 95.54662227945101
92.28024386762637 98.98666092943202 95.54662227945101
92.26273195454917 98.9817977430931 95.53104317680429
92.28606356968216 98.98261151312236 95.53971166448231
92.28606356968216 98.98261151312236 95.53971166448231
92.28606356968216 98.98261151312236 95.53971166448231
92.2685780800098 98.98098267021483 95.53104317680429
92.2685780800098 98.98098267021483 95.53104317680429
92.2685780800098 98.98098267021483 95.53104317680429
92.2685780800098 98.98098267021483 95.53104317680429
92.25687698128642 98.98098267021483 95.52756634004794
92.2685780800098 98.98342398342398 95.53624830799257
92.2685780800098 98.98342398342398 95.53624830799257
92.26273195454917 98.98342398342398 95.53451461202553
92.26273195454917 98.98342398342398 95.53451461202553
92.28024386762637 99.14450717579624 95.62069796435793
92.28024386762637 99.14450717579624 95.62069796435793
92.2685780800098 99.2198842828353 95.64426594894655
91.90212523410146 99.2198842828353 95.44982208646913
91.92644909887969 99.22050926727871 95.45864063023801
91.92644909887969 99.22050926727871 95.45864063023801
91.90821993043265 99.21925829538061 95.44982208646913
91.90821993043265 99.21925829538061 95.44982208646913
91.25482196594834 98.46756489173949 94.74967439437354
91.25482196594834 98.46756489173949 94.74967439437354
91.24173223568438 98.46756489173949 94.74562309047873
91.24173223568438 98.46756489173949 94.74562309047873
91.25482196594834 98.54951005673027 94.79224146008808
91.25482196594834 98.54951005673027 94.79224146008808
90.58549701031342 98.01453301987604 94.18595024216583
90.3932404292808 97.79298874104401 93.97976042957455
89.8669579030977 97.24594183293878 93.4443852895405
89.7724793208101 97.13712657025229 93.3430833111743
89.74991054033636 97.1236450798634 93.32033454769358
89.74991054033636 97.1236450798634 93.32033454769358
89.77998017839445 97.12590080542603 93.33299190822493
89.77998017839445 97.12590080542603 93.33299190822493
89.8309461848666 97.12138581072475 93.35830468469393
89.8309461848666 97.12138581072475 93.35830468469393
89.8309461848666 97.12138581072475 93.35830468469393
89.8309461848666 97.12138581072475 93.35830468469393
89.74236546304586 97.12138581072475 93.31525813640611
89.75744452611295 97.20432386604494 93.36334457900512
89.75744452611295 97.20432386604494 93.36334457900512
89.75744452611295 97.20432386604494 93.36334457900512
89.74991054033636 97.20432386604494 93.36082558831373
89.76496744481499 97.21088579222263 93.37340145596772
89.7724793208101 97.21306626098716 93.37841847331212
89.7724793208101 97.21306626098716 93.37841847331212
89.74991054033636 97.19993206810173 93.35578186596584
89.77998017839445 97.27847832547872 93.40378859321825
89.77998017839445 97.27847832547872 93.40378859321825
89.77998017839445 97.27847832547872 93.40378859321825
89.76496744481499 97.19773099067326 93.35830468469393
89.76496744481499 97.19773099067326 93.35830468469393
89.76496744481499 97.19773099067326 93.35830468469393
89.76496744481499 97.19773099067326 93.35830468469393
89.74236546304586 97.19773099067326 93.35073047444881
89.71467148501875 96.98642304276107 93.23905006707697
89.90389398491753 97.20432386604494 93.44191631515748
89.90389398491753 97.20432386604494 93.44191631515748
89.89645559538033 97.20432386604494 93.4394250513347
89.91873795473963 97.21306626098716 93.45682425582895
90.45249230523244 97.89148936170213 94.05878351917885
91.02556366781312 98.48027569083241 94.64007963665775
91.00548298661506 98.5514421007318 94.65795061831203
91.02556366781312 98.5525947910618 94.6661677891411
91.02556366781312 98.5525947910618 94.6661677891411
91.02556366781312 98.5525947910618 94.6661677891411
91.01218652432269 98.55028757297029 94.65795061831203
91.01888007729157 98.55028757297029 94.66000728370012
91.01888007729157 98.55028757297029 94.66000728370012
91.01888007729157 98.55028757297029 94.66000728370012
90.99876944181074 98.55028757297029 94.65383253119987
91.01218652432269 98.55374564834315 94.66411586728911
91.01218652432269 98.55374564834315 94.66411586728911
91.01218652432269 98.55374564834315 94.66411586728911
91.00548298661506 98.55374564834315 94.6620623660835
91.60408865499443 99.46171473042502 95.40679259483812
90.89211118251927 98.63650980812521 94.64106100355673
90.89211118251927 98.63650980812521 94.64106100355673
89.92894532571701 97.35290374581088 93.52596289108625
89.9511458871192 97.35497954771846 93.53578641951259
89.9511458871192 97.35497954771846 93.53578641951259
89.9511458871192 97.35497954771846 93.53578641951259
89.92894532571701 97.26799192090996 93.48054030716092
89.93635640413683 97.26799192090996 93.48301906180959
89.93635640413683 97.26799192090996 93.48301906180959
89.93635640413683 97.26799192090996 93.48301906180959
89.91409037453407 97.26799192090996 93.47557713674335
89.92894532571701 97.1981433991056 93.4524664873853
89.92894532571701 97.1981433991056 93.4524664873853
89.92894532571701 97.1981433991056 93.4524664873853
89.9215233239055 97.1981433991056 93.44997895039481
89.93635640413683 97.20471941472492 93.46239776989772
89.93635640413683 97.20471941472492 93.46239776989772
89.93635640413683 97.20471941472492 93.46239776989772
89.9215233239055 97.12198221092757 93.41448894545604
90.04592354028746 97.60528664315159 93.70294670460031
90.41981913640629 98.33451073576948 94.24209243228725
90.2540599780811 98.14122422818075 94.0633054954119
90.23245596517154 98.13384813384813 94.04513206610544
90.23966793717946 98.13384813384813 94.04740982725289
90.23966793717946 98.13384813384813 94.04740982725289
90.23966793717946 98.13384813384813 94.04740982725289
90.218 98.13384813384813 94.04057131028772
90.22523332733778 98.13384813384813 94.04285256111818
90.22523332733778 98.13384813384813 94.04285256111818
90.22523332733778 98.13384813384813 94.04285256111818
90.218 98.13384813384813 94.04057131028772
90.23966793717946 98.06523176688923 94.0251572327044
90.23966793717946 98.06523176688923 94.0251572327044
90.23966793717946 98.06523176688923 94.0251572327044
90.22523332733778 98.06063975367772 94.01373895976447
90.2540599780811 98.06370351394048 94.02743566223835
90.2540599780811 98.06370351394048 94.02743566223835
90.2540599780811 98.06370351394048 94.02743566223835
90.23245596517154 98.05602589107744 94.00915942148845
90.4327653787697 97.5708588368274 93.89016750436048
91.0152161661702 97.5708588368274 94.20127778985845
91.56997347265253 98.01611106350158 94.70533734475687
91.72224481496544 98.20968572900567 94.88116620024226
91.72846780583944 98.20968572900567 94.88314318222149
91.72846780583944 98.20968572900567 94.88314318222149
91.72846780583944 98.20968572900567 94.88314318222149
91.72224481496544 98.20968572900567 94.88116620024226
91.7408857600779 98.21817715677477 94.89890423218206
91.7408857600779 98.21817715677477 94.89890423218206
91.7408857600779 98.21817715677477 94.89890423218206
91.72846780583944 98.2139415354963 94.88906497622821
91.75326648435126 98.21676751694498 94.90086753906006
91.75326648435126 98.21676751694498 94.90086753906006
91.75326648435126 98.21676751694498 94.90086753906006
91.7346814471921 98.20968572900567 94.88511863770111
91.7408857600779 98.20968572900567 94.88709256844851
91.7408857600779 98.20968572900567 94.88709256844851
91.7408857600779 98.20968572900567 94.88709256844851
91.72224481496544 98.20968572900567 94.88116620024226
91.54061397461373 97.9573484069887 94.66476432484222
91.54247014214165 98.36382791167681 94.85640940017531
91.54247014214165 98.36382791167681 94.85640940017531
91.53612012987014 98.36382791167681 94.85442264930943
91.55514162499242 98.44954599965736 94.90878058426217
91.55514162499242 98.44954599965736 94.90878058426217
91.54881063338331 98.36772339238986 94.86434108527132
90.41496435151807 97.19608341810783 93.71267350385106
90.3694089456869 97.20047399382116 93.68900121227064
90.3694089456869 97.20047399382116 93.68900121227064
90.36228843194853 97.19388296180033 93.6793908838358
90.35515738111427 97.19167904903418 93.67457473536801
90.4362248466319 97.19167904903418 93.71506798554857
90.4362248466319 97.19167904903418 93.71506798554857
90.41496435151807 97.18947167165891 93.70547909901552
90.40785649864715 97.18947167165891 93.70307730385282
90.41496435151807 97.18947167165891 93.70547909901552
90.41496435151807 97.18947167165891 93.70547909901552
90.40785649864715 97.26592397312697 93.73884515789582
90.40785649864715 97.26592397312697 93.73884515789582
90.48886398655273 97.38386256275552 93.8413253755917
90.48886398655273 97.38386256275552 93.8413253755917
90.47475901320668 97.37769661967046 93.82957884427032
90.47475901320668 97.37769661967046 93.82957884427032
90.49590081983602 97.38181047275812 93.8413253755917
90.49590081983602 97.38181047275812 93.8413253755917
90.48181672540852 97.297010136212 93.79143254806948
90.48181672540852 97.297010136212 93.79143254806948
90.49590081983602 97.297010136212 93.79616561415077
90.49590081983602 97.297010136212 93.79616561415077
90.46769082668165 97.2948832461401 93.78431939226292
90.46769082668165 97.2948832461401 93.78431939226292
90.47475901320668 97.2948832461401 93.78669225451657
90.47475901320668 97.2948832461401 93.78669225451657
90.46769082668165 97.2948832461401 93.78431939226292
90.47475901320668 97.30125389854243 93.7937999835106
90.48886398655273 97.30759461518923 93.80561012991555
90.48886398655273 97.30759461518923 93.80561012991555
90.47475901320668 97.30125389854243 93.7937999835106
90.48886398655273 97.30337078651685 93.80089146927725
90.49590081983602 97.30548435613362 93.80561012991555
90.49590081983602 97.30548435613362 93.80561012991555
90.48181672540852 97.297010136212 93.79143254806948
90.49590081983602 97.297010136212 93.79616561415077
90.49590081983602 97.297010136212 93.79616561415077
90.49590081983602 97.297010136212 93.79616561415077
90.46769082668165 97.2948832461401 93.78431939226292
90.47475901320668 97.2948832461401 93.78669225451657
90.47475901320668 97.2948832461401 93.78669225451657
90.47475901320668 97.2948832461401 93.78669225451657
90.46769082668165 97.2948832461401 93.78431939226292
90.48886398655273 97.30759461518923 93.80561012991555
90.48886398655273 97.30759461518923 93.80561012991555
90.48886398655273 97.30759461518923 93.80561012991555
90.47475901320668 97.2249311002756 93.75804839856184
90.49590081983602 97.15319049935492 93.7342611341234
90.49590081983602 97.15319049935492 93.7342611341234
90.49590081983602 97.15319049935492 93.7342611341234
90.48181672540852 97.1442513737721 93.71993118297294
90.49590081983602 97.1442513737721 93.72471511071308
90.15518237415088 97.03102483682292 93.48989084785444
89.99741483882514 96.99197152964602 93.38728537140747
89.96788926783542 96.98961204155184 93.37471354139905
89.97528698979592 96.98961204155184 93.37723173011732
89.97528698979592 96.98961204155184 93.37723173011732
89.97528698979592 96.98961204155184 93.37723173011732
89.96788926783542 96.98961204155184 93.37471354139905
89.99004975124379 97.15541654338729 93.46814529353887
89.99004975124379 97.15541654338729 93.46814529353887
89.99004975124379 97.15541654338729 93.46814529353887
89.97528698979592 97.0726441452883 93.42024225005132
89.99004975124379 97.07722219874044 93.43022302394228
89.99004975124379 97.07722219874044 93.43022302394228
89.99004975124379 97.07722219874044 93.43022302394228
89.97528698979592 96.99197152964602 93.37974800529867
89.99741483882514 96.99197152964602 93.38728537140747
89.99741483882514 96.99197152964602 93.38728537140747
89.99741483882514 96.99197152964602 93.38728537140747
89.96788926783542 96.98961204155184 93.37471354139905
89.97528698979592 96.98961204155184 93.37723173011732
89.9860474387084 97.01840698956654 93.39642027824014
89.9860474387084 96.29957059863602 93.05984971027253
89.97865677298387 96.29957059863602 93.05721981544637
90.000796114959 96.31678189817725 93.08081735970768
90.000796114959 96.31678189817725 93.08081735970768
90.000796114959 96.31678189817725 93.08081735970768
89.9860474387084 96.3081963081963 93.06772745400812
90.000796114959 96.31392447528988 93.07820333479685
90.000796114959 96.31392447528988 93.07820333479685
90.000796114959 96.31392447528988 93.07820333479685
89.9860474387084 96.30245031023242 93.06247761346775
90.00815417354467 96.30245031023242 93.07034939586613
90.00815417354467 96.30245031023242 93.07034939586613
90.00815417354467 96.30245031023242 93.07034939586613
89.97865677298387 96.29957059863602 93.05721981544637
89.9860474387084 96.29957059863602 93.05984971027253
89.9860474387084 96.29957059863602 93.05984971027253
89.9860474387084 96.29957059863602 93.05984971027253
89.97865677298387 96.29957059863602 93.05721981544637
89.99342721134504 96.3081963081963 93.07034939586613
89.99342721134504 96.3081963081963 93.07034939586613
89.99342721134504 96.3081963081963 93.07034939586613
89.97865677298387 96.29957059863602 93.05721981544637
90.000796114959 96.31392447528988 93.07820333479685
90.000796114959 96.31392447528988 93.07820333479685
90.000796114959 96.31392447528988 93.07820333479685
89.9860474387084 96.22756504560547 93.02725263933219
90.00815417354467 96.22756504560547 93.03516139909874
90.00815417354467 96.22756504560547 93.03516139909874
90.00815417354467 96.22756504560547 93.03516139909874
89.97865677298387 96.29957059863602 93.05721981544637
89.9860474387084 96.29957059863602 93.05984971027253
89.9860474387084 96.29957059863602 93.05984971027253
89.9860474387084 96.29957059863602 93.05984971027253
89.97865677298387 96.29957059863602 93.05721981544637
89.99342721134504 96.3081963081963 93.07034939586613
89.99342721134504 96.3081963081963 93.07034939586613
89.99342721134504 96.3081963081963 93.07034939586613
89.97865677298387 96.29957059863602 93.05721981544637
90.000796114959 96.38870236696324 93.11338100102145
90.14792073681272 96.38870236696324 93.19143715880513
90.14792073681272 96.38870236696324 93.19143715880513
90.13336527711229 96.45257104337385 93.21128752857246
90.15518237415088 96.37745221857371 93.18370229359206
90.15518237415088 96.37745221857371 93.18370229359206
90.15518237415088 96.37745221857371 93.18370229359206
90.12607140716469 96.37462872069264 93.17077172330346
90.13336527711229 96.37462872069264 93.17336176057565
90.13336527711229 96.37462872069264 93.17336176057565
90.13336527711229 96.37462872069264 93.17336176057565
90.12607140716469 96.37462872069264 93.17077172330346
90.14064837905237 96.38308604093984 93.18370229359206
90.14064837905237 96.38308604093984 93.18370229359206
90.14064837905237 96.38308604093984 93.18370229359206
90.12607140716469 96.37462872069264 93.17077172330346
90.14792073681272 96.46359646359647 93.22670048373406
90.14792073681272 96.46359646359647 93.22670048373406
90.14792073681272 96.46359646359647 93.22670048373406
90.13336527711229 96.45257104337385 93.21128752857246
90.15518237415088 96.45257104337385 93.21900276441077
90.15518237415088 96.45257104337385 93.21900276441077
90.14064837905237 96.44980393810347 93.21128752857246
90.12607140716469 96.44980393810347 93.20613427706826
90.13336527711229 96.44980393810347 93.20871188039622
90.13336527711229 96.44980393810347 93.20871188039622
90.12607140716469 96.44980393810347 93.20613427706826
90.12607140716469 96.44980393810347 93.20613427706826
90.14064837905237 96.45809233357872 93.21900276441077
90.14064837905237 96.45809233357872 93.21900276441077
90.12607140716469 96.52509652509652 93.24152368442657
90.12607140716469 96.52509652509652 93.24152368442657
90.14792073681272 96.61373435692502 93.29730725536554
90.14792073681272 96.61373435692502 93.29730725536554
90.13336527711229 96.52780705822828 93.24665203748897
90.13336527711229 96.52780705822828 93.24665203748897
90.15518237415088 96.45257104337385 93.21900276441077
90.15518237415088 96.45257104337385 93.21900276441077
90.12607140716469 96.44980393810347 93.20613427706826
90.12607140716469 96.44980393810347 93.20613427706826
90.13336527711229 96.44980393810347 93.20871188039622
90.4167751497066 96.69238085173835 93.47325339859736
90.40966849721408 96.69238085173835 93.47076916746391
90.40966849721408 96.69238085173835 93.47076916746391
90.42387127761768 96.70012229578711 93.48317144793313
90.42387127761768 96.70012229578711 93.48317144793313
90.40966849721408 96.69238085173835 93.47076916746391
90.40966849721408 96.69238085173835 93.47076916746391
90.42387127761768 96.70269473063227 93.48564625221952
90.42387127761768 96.70269473063227 93.48564625221952
90.40966849721408 96.54139146215367 93.39966900691796
90.42387127761768 96.54408973980517 93.40719140809496
90.43803205307542 96.54408973980517 93.41219682357287
90.43803205307542 96.54408973980517 93.41219682357287
90.40966849721408 96.54139146215367 93.39966900691796
90.4167751497066 96.54139146215367 93.40217838060008
90.4167751497066 96.54139146215367 93.40217838060008
90.4167751497066 96.54139146215367 93.40217838060008
90.4167751497066 96.54139146215367 93.40217838060008
90.43095690430957 96.54947368421053 93.41469668222142
90.43095690430957 96.54947368421053 93.41469668222142
90.2648861209254 96.36283408976298 93.23874745365394
90.5839591951484 96.54139146215367 93.49192793274821
90.59793070259865 96.55215937059553 93.50676015563243
90.59793070259865 96.55215937059553 93.50676015563243
90.59793070259865 96.55215937059553 93.50676015563243
90.5839591951484 96.46607346181419 93.45634822677529
90.61186080967445 96.4688283505046 93.46877598579186
90.61186080967445 96.4688283505046 93.46877598579186
90.61186080967445 96.4688283505046 93.46877598579186
90.5839591951484 96.46607346181419 93.45634822677529
90.59095013544697 96.46607346181419 93.45883756079004
90.59095013544697 96.46607346181419 93.45883756079004
90.59095013544697 96.46607346181419 93.45883756079004
90.59095013544697 96.46607346181419 93.45883756079004
90.60490091967381 96.47432526242716 93.47125587504874
90.60490091967381 96.47432526242716 93.47125587504874
90.60490091967381 96.47432526242716 93.47125587504874
90.5839591951484 96.46607346181419 93.45634822677529
90.59793070259865 96.55215937059553 93.50676015563243
90.59793070259865 96.55215937059553 93.50676015563243
90.79090141863924 96.72918861959958 93.69239631336406
90.77718747484505 96.7189548010655 93.67795946140998
90.8045746388443 96.7215192547371 93.68999475195258
90.8045746388443 96.7215192547371 93.68999475195258
90.8045746388443 96.7215192547371 93.68999475195258
90.77718747484505 96.7189548010655 93.67795946140998
90.78404954855316 96.7189548010655 93.6803701909699
90.78404954855316 96.7189548010655 93.6803701909699
90.78404954855316 96.7189548010655 93.6803701909699
90.78404954855316 96.7189548010655 93.6803701909699
90.79774310784491 96.80217831813577 93.72806882145319
90.79774310784491 96.80217831813577 93.72806882145319
90.79774310784491 96.80217831813577 93.72806882145319
90.77718747484505 96.79466835925103 93.7137081386594
90.79090141863924 96.88027693346842 93.76376850383974
90.79090141863924 96.88027693346842 93.76376850383974
90.79090141863924 96.88027693346842 93.76376850383974
90.77718747484505 96.87050055052087 93.74948411060669
90.8045746388443 96.8729503861208 93.76139230729622
90.8045746388443 96.8729503861208 93.76139230729622
90.8045746388443 96.8729503861208 93.76139230729622
90.77718747484505 96.87050055052087 93.74948411060669
90.78404954855316 96.87050055052087 93.75186938539764
90.78404954855316 96.87050055052087 93.75186938539764
90.78404954855316 96.87050055052087 93.75186938539764
90.78404954855316 96.87050055052087 93.75186938539764
90.79774310784491 96.87783856862207 93.76376850383974
90.79774310784491 96.87783856862207 93.76376850383974
90.79774310784491 96.87783856862207 93.76376850383974
90.78404954855316 96.87050055052087 93.75186938539764
90.79774310784491 96.88027693346842 93.7661428909538
90.79774310784491 96.88027693346842 93.7661428909538
90.79774310784491 96.88027693346842 93.7661428909538
90.77718747484505 96.79466835925103 93.7137081386594
90.8045746388443 96.79717559511226 93.72567993247
90.8045746388443 96.79717559511226 93.72567993247
90.8045746388443 96.79717559511226 93.72567993247
90.77718747484505 96.79466835925103 93.7137081386594
90.78404954855316 96.79466835925103 93.71610615089592
90.78404954855316 96.79466835925103 93.71610615089592
90.57459272931546 96.63723543576528 93.5309612495627
90.1927879332734 96.40305961185915 93.21827057182705
90.20726525564045 96.41145307769929 93.2311125213671
90.20726525564045 96.41145307769929 93.2311125213671
90.20726525564045 96.41145307769929 93.2311125213671
90.1927879332734 96.40305961185915 93.21827057182705
90.20726525564045 96.41424220144943 93.2336750772505
90.20726525564045 96.41424220144943 93.2336750772505
90.20726525564045 96.41424220144943 93.2336750772505
90.1855332080451 96.3279572156483 93.180326523915
90.21448790017143 96.33081567818897 93.19324032467732
90.21448790017143 96.33081567818897 93.19324032467732
90.21448790017143 96.33081567818897 93.19324032467732
90.1855332080451 96.3279572156483 93.180326523915
90.1927879332734 96.3279572156483 93.18291320259561
90.1927879332734 96.3279572156483 93.18291320259561
90.1927879332734 96.3279572156483 93.18291320259561
90.1927879332734 96.3279572156483 93.18291320259561
90.20726525564045 96.3365192731856 93.1958172181636
90.20726525564045 96.3365192731856 93.1958172181636
90.43457392556446 96.74908231720181 93.51060007186489
90.03988831272437 96.5067712947728 93.18577901707911
90.05456645557017 96.51764310047525 93.20125194337615
90.05456645557017 96.51764310047525 93.20125194337615
90.05456645557017 96.51764310047525 93.20125194337615
90.03253298205695 96.35636057287279 93.11252984638718
90.06188931563551 96.3591977608014 93.12556255625563
90.06188931563551 96.3591977608014 93.12556255625563
90.06188931563551 96.3591977608014 93.12556255625563
90.03253298205695 96.35636057287279 93.11252984638718
90.03988831272437 96.35636057287279 93.11514034009424
90.03988831272437 96.35636057287279 93.11514034009424
90.03988831272437 96.35636057287279 93.11514034009424
90.03988831272437 96.35636057287279 93.11514034009424
90.05456645557017 96.36485890189321 93.12816318184142
90.05456645557017 96.36485890189321 93.12816318184142
90.03988831272437 96.35636057287279 93.11514034009424
90.03988831272437 96.35636057287279 93.11514034009424
90.05456645557017 96.36768287561938 93.13076184051839
90.05456645557017 96.36768287561938 93.13076184051839
89.64249518093837 95.75136040184178 92.6208703275196
90.18012434777394 96.35636057287279 93.19083906831725
90.2090932647651 96.3591977608014 93.20373441434802
90.2090932647651 96.3591977608014 93.20373441434802
90.25409328082206 96.35636057287279 93.22878739705234
90.25409328082206 96.35636057287279 93.22878739705234
90.2612968956011 96.35636057287279 93.23135598433431
90.2612968956011 96.35636057287279 93.23135598433431
90.18738263614208 96.35636057287279 93.19342205089298
90.18738263614208 96.35636057287279 93.19342205089298
90.20186707093274 96.36485890189321 93.20630762461242
90.20186707093274 96.36485890189321 93.20630762461242
90.18738263614208 96.35636057287279 93.19342205089298
90.18738263614208 96.35636057287279 93.19342205089298
90.20186707093274 96.36768287561938 93.20887888707038
90.20186707093274 96.36768287561938 93.20887888707038
90.18012434777394 96.35636057287279 93.19083906831725
90.18738263614208 96.3591977608014 93.19600307455804
90.2090932647651 96.3591977608014 93.20373441434802
90.2090932647651 96.3591977608014 93.20373441434802
90.15316412724404 96.17810292633703 93.09130011777357
90.84201214363263 96.55972984381596 93.63454766366688
91.0360251450677 96.77624063967508 93.83939074979878
91.0360251450677 96.77624063967508 93.83939074979878
91.02933763484222 96.77624063967508 93.83703764878341
91.04270269181984 96.7837923393479 93.848785212356
91.04270269181984 96.7837923393479 93.848785212356
91.04270269181984 96.7837923393479 93.848785212356
91.02933763484222 96.70055589609183 93.8012094194374
91.04270269181984 96.63550614788615 93.77965316729275
91.04270269181984 96.63550614788615 93.77965316729275
91.04270269181984 96.63550614788615 93.77965316729275
91.09730013317728 96.70313424009463 93.83939074979878
91.123807990987 96.70570855756041 93.85112935287513
91.123807990987 96.70570855756041 93.85112935287513
91.123807990987 96.70570855756041 93.85112935287513
91.02933763484222 96.62498943989186 93.7654085390384
91.0360251450677 96.62498943989186 93.76778717261291
91.0360251450677 96.62498943989186 93.76778717261291
91.0360251450677 96.62498943989186 93.76778717261291
91.18930273895128 96.62498943989186 93.84963244404064
91.20245250292444 96.63288312016688 93.86135757051144
91.20245250292444 96.63288312016688 93.86135757051144
91.20245250292444 96.63288312016688 93.86135757051144
91.18930273895128 96.54954099398545 93.81379459816499
91.20245250292444 96.56028443397219 93.8279359522216
91.20245250292444 96.56028443397219 93.8279359522216
91.20245250292444 96.56028443397219 93.8279359522216
91.18930273895128 96.47695905939864 93.78035826621428
91.21556307394877 96.4797035539835 93.79220191040844
91.21556307394877 96.4797035539835 93.79220191040844
91.21556307394877 96.4797035539835 93.79220191040844
91.18930273895128 96.47421028214754 93.77798411224595
91.18930273895128 96.47421028214754 93.77798411224595
91.18930273895128 96.47421028214754 93.77798411224595
91.18930273895128 96.47421028214754 93.77798411224595
91.18271310464716 96.47421028214754 93.77560814506724
91.20245250292444 96.48244377590306 93.78983679143283
91.20245250292444 96.48244377590306 93.78983679143283
91.20245250292444 96.48244377590306 93.78983679143283
91.22350090854027 96.48244377590306 93.80196367307832
91.23659382307878 96.49336213586125 93.81610731356325
91.23659382307878 96.49336213586125 93.81610731356325
91.23659382307878 96.49336213586125 93.81610731356325
91.21693976926029 96.79308303737527 93.94506028079383
91.24312564211036 96.71999662290514 93.9207784042301
91.24312564211036 96.71999662290514 93.9207784042301
91.24312564211036 96.71999662290514 93.9207784042301
91.21693976926029 96.79057270400068 93.94274493592394
91.21693976926029 96.79057270400068 93.94274493592394
91.21693976926029 96.79057270400068 93.94274493592394
91.21693976926029 96.79057270400068 93.94274493592394
91.21036881268199 96.79057270400068 93.94042781964993
91.23005225250671 96.7980919414074 93.95430398679665
91.23005225250671 96.7980919414074 93.95430398679665
91.23005225250671 96.7980919414074 93.95430398679665
91.22350090854027 96.7980919414074 93.95199570726875
91.23659382307878 96.8080629550141 93.96581900545661
91.23659382307878 96.8080629550141 93.96581900545661
91.23659382307878 96.8080629550141 93.96581900545661
91.21693976926029 96.79308303737527 93.94506028079383
91.41254112091062 97.63289655907106 94.44156544090212
91.58258689366521 97.82464829323484 94.62201453790239
91.58258689366521 97.82464829323484 94.62201453790239
91.55732219270317 97.82120635463662 94.60958804304835
91.55732219270317 97.82120635463662 94.60958804304835
91.55732219270317 97.82120635463662 94.60958804304835
91.55732219270317 97.82120635463662 94.60958804304835
91.5509823023218 97.82120635463662 94.6075113753501
91.56997347265253 97.82636518771332 94.61994743567102
91.56997347265253 97.82636518771332 94.61994743567102
91.56997347265253 97.82636518771332 94.61994743567102
91.56365257569003 97.82636518771332 94.61787874379067
91.5762849048968 97.8332057497661 94.63026708692766
91.5762849048968 97.8332057497661 94.63026708692766
91.5762849048968 97.8332057497661 94.63026708692766
91.55732219270317 97.8229286843567 94.6116631118972
91.58258689366521 97.82464829323484 94.62201453790239
91.58258689366521 97.82464829323484 94.62201453790239
91.58258689366521 97.82464829323484 94.62201453790239
91.46911755774643 97.82120635463662 94.56148742798909
91.46911755774643 97.82120635463662 94.56148742798909
91.46911755774643 97.82120635463662 94.56148742798909
91.46911755774643 97.82120635463662 94.56148742798909
91.38776337115073 97.82120635463662 94.5209042016457
91.400655419347 97.82636518771332 94.53142845276908
91.400655419347 97.82636518771332 94.53142845276908
91.400655419347 97.82636518771332 94.53142845276908
91.39421422353584 97.82636518771332 94.52932683818565
91.41350892785005 97.91023813070588 94.58025471766547
91.41350892785005 97.91023813070588 94.58025471766547
91.41350892785005 97.91023813070588 94.58025471766547
91.39421422353584 97.90031858709828 94.56148742798909
91.4199212836815 97.82464829323484 94.53562684151554
91.4199212836815 97.82464829323484 94.53562684151554
91.4199212836815 97.82464829323484 94.53562684151554
91.400655419347 97.82120635463662 94.52511875929025
91.400655419347 97.82120635463662 94.52511875929025
91.400655419347 97.82120635463662 94.52511875929025
91.400655419347 97.82120635463662 94.52511875929025
91.38776337115073 97.82120635463662 94.5209042016457
91.54695572890284 97.74921670183515 94.57266910420475
91.54695572890284 97.74921670183515 94.57266910420475
91.54695572890284 97.74921670183515 94.57266910420475
91.54061397461373 97.74921670183515 94.5705824284304
91.73778201204063 98.35816747546872 94.96306315679949
91.73778201204063 98.35816747546872 94.96306315679949
91.72536998315029 98.27223557692307 94.91085121699304
91.71914997358904 98.27223557692307 94.9088859665602
91.74397407332388 98.27360655386133 94.91869706976115
91.74397407332388 98.27360655386133 94.91869706976115
91.73158065563129 98.27223557692307 94.9128149507759
91.72536998315029 98.27086242079261 94.9088859665602
91.72536998315029 98.27086242079261 94.9088859665602
91.72536998315029 98.27086242079261 94.9088859665602
91.71292060587577 98.27086242079261 94.9049509087111
91.71292060587577 98.27086242079261 94.9049509087111
91.72536998315029 98.35295631473976 94.95140163524111
91.72536998315029 98.35295631473976 94.95140163524111
91.71914997358904 98.35295631473976 94.94945279652795
91.20588294713025 98.00196597999829 94.51165688768887
91.97642516004471 98.51190476190477 95.16208072235139
91.97642516004471 98.51190476190477 95.16208072235139
91.95828410803765 98.42644940776887 95.10840576072292
91.95828410803765 98.42644940776887 95.10840576072292
91.98245400268064 98.4276999742246 95.11785214722646
91.98245400268064 98.4276999742246 95.11785214722646
92.03964910138201 98.4251968503937 95.1471034273582
92.03964910138201 98.4251968503937 95.1471034273582
92.03964910138201 98.4251968503937 95.1471034273582
92.03964910138201 98.4251968503937 95.1471034273582
91.95221884746316 98.4251968503937 95.10461696270633
91.96434023325395 98.42894855450389 95.11407797417576
92.14438666258795 99.24689995455431 95.59342320776112
92.14438666258795 99.24689995455431 95.59342320776112
92.13845463080126 99.24689995455431 95.59171069354144
92.14438666258795 99.24870466321244 95.59855277646689
92.15622391007759 99.17015131266974 95.56663141471996
92.15622391007759 99.17015131266974 95.56663141471996
92.13845463080126 99.08675799086758 95.51398531620575
92.16212916615798 99.08748864766682 95.52268534048977
92.16212916615798 99.08748864766682 95.52268534048977
92.16212916615798 99.08748864766682 95.52268534048977
92.15030974894033 99.08602616304253 95.51572802486245
92.15030974894033 99.08602616304253 95.51572802486245
92.15030974894033 99.08602616304253 95.51572802486245
92.15030974894033 99.08602616304253 95.51572802486245
92.13251363329998 99.16549257613525 95.54765710439976
92.32513945932692 99.9978195455933 96.04012615900676
92.32513945932692 99.9978195455933 96.04012615900676
92.32513945932692 99.9978195455933 96.04012615900676
92.31933254263629 99.9978195455933 96.03858005149635
92.33672699079835 99.99782655944361 96.04937751912695
92.33672699079835 99.99782655944361 96.04937751912695
92.33672699079835 99.99782655944361 96.04937751912695
92.31933254263629 99.91707583196944 95.99797312276331
92.33672699079835 99.91714273254546 96.0042160737813
92.33672699079835 99.91714273254546 96.0042160737813
92.33672699079835 99.91714273254546 96.0042160737813
92.32513945932692 99.9978142554261 96.03548421163798
92.33093760209083 99.9978142554261 96.0370327361787
92.15030974894033 99.9978142554261 95.9398036341394
92.15030974894033 99.9978142554261 95.9398036341394
92.13251363329998 99.9978142554261 95.9350451896275
92.14438666258795 99.91720952526198 95.90557650578296
92.14438666258795 99.91720952526198 95.90557650578296
92.14438666258795 99.91720952526198 95.90557650578296
92.13845463080126 99.91720952526198 95.90398010474514
91.97642516004471 98.6830534285653 95.24251784447134
91.97642516004471 98.6830534285653 95.24251784447134
91.97642516004471 98.6830534285653 95.24251784447134
91.96434023325395 98.67991056071551 95.23331555890134
91.98245400268064 98.68095984876152 95.2406802309194
91.98245400268064 98.68095984876152 95.2406802309194
91.98245400268064 98.68095984876152 95.2406802309194
91.96434023325395 98.67569666120266 95.22592805906068
91.97038724373576 98.67569666120266 95.22777707993133
91.97038724373576 98.67569666120266 95.22777707993133
91.97038724373576 98.67569666120266 95.22777707993133
91.95221884746316 98.67569666120266 95.22222571551336
92.75728274927634 99.73685355138967 96.14966259385594
91.46171130139066 98.4754460930622 94.86829491935148
91.46171130139066 98.4754460930622 94.86829491935148
91.2778002426203 98.07112460706114 94.58237635492553
91.29083054063875 98.07569228143534 94.59277238403452
91.29083054063875 98.07569228143534 94.59277238403452
91.29083054063875 98.07569228143534 94.59277238403452
91.2778002426203 98.1487822625519 94.61875948682761
91.30382196419933 98.1517094017094 94.63115094183055
91.30382196419933 98.1517094017094 94.63115094183055
91.30382196419933 98.1517094017094 94.63115094183055
91.28432026183405 98.14437412849941 94.6146162810055
91.29083054063875 98.14437412849941 94.61668868110952
91.29083054063875 98.14437412849941 94.61668868110952
91.29083054063875 98.14437412849941 94.61668868110952
91.27127046112133 98.14437412849941 94.61046669026844
91.2778002426203 98.14437412849941 94.61254228467342
91.2778002426203 98.14437412849941 94.61254228467342
91.2778002426203 98.14437412849941 94.61254228467342
91.27127046112133 98.14437412849941 94.61046669026844
91.3258608502474 98.37791568585492 94.75297418047691
91.12893474668495 98.15316950274355 94.54275909972112
91.12893474668495 98.15316950274355 94.54275909972112
91.11568579962864 98.07112460706114 94.49595580982442
91.14214423696072 97.99675726415497 94.47240343792068
91.14214423696072 97.99675726415497 94.47240343792068
91.14214423696072 97.99675726415497 94.47240343792068
91.12231521629525 97.9888196363169 94.45540852151152
91.12893474668495 97.9888196363169 94.45753859891394
91.12893474668495 97.9888196363169 94.45753859891394
91.12893474668495 97.9888196363169 94.45753859891394
91.10904647452081 97.9888196363169 94.45114345114345
91.11568579962864 97.9888196363169 94.45327680621799
91.11568579962864 97.9888196363169 94.45327680621799
91.11568579962864 97.9888196363169 94.45327680621799
91.10904647452081 97.9888196363169 94.45114345114345
91.12893474668495 97.99833727697128 94.47028477308278
91.12893474668495 97.99833727697128 94.47028477308278
91.12893474668495 97.99833727697128 94.47028477308278
91.11568579962864 97.9161773811303 94.42340613165949
91.15681854773788 99.34254633534462 95.1056532571643
91.15681854773788 99.34254633534462 95.1056532571643
91.15681854773788 99.34254633534462 95.1056532571643
91.1370191822821 99.33990532852738 95.09050412523136
91.14362881444752 99.33990532852738 95.09240289333947
91.14362881444752 99.33990532852738 95.09240289333947
91.14362881444752 99.33990532852738 95.09240289333947
91.1237702765489 99.33990532852738 95.08670217775777
91.13039967702866 99.33990532852738 95.08860388727327
91.13039967702866 99.33990532852738 95.08860388727327
91.13039967702866 99.33990532852738 95.08860388727327
91.1237702765489 99.33990532852738 95.08670217775777
91.14362881444752 99.34307200276601 95.10376473042027
91.14362881444752 99.34307200276601 95.10376473042027
91.1370191822821 99.34149247265243 95.09619602682208
91.13039967702866 99.34149247265243 95.09430019330235
91.08235388826276 99.34254633534462 95.0670822604689
91.08235388826276 99.34254633534462 95.0670822604689
91.08235388826276 99.34254633534462 95.0670822604689
91.06905308985367 99.34043522596603 95.0556397262421
91.15022859559727 99.34043522596603 95.09619602682208
91.27523546376783 99.34043522596603 95.16378535443276
91.25565976714101 99.33990532852738 95.1562925276888
91.24911499949428 99.33990532852738 95.1544156918598
91.25565976714101 99.33990532852738 95.1562925276888
91.25565976714101 99.33990532852738 95.1562925276888
91.24911499949428 99.33990532852738 95.1544156918598
91.24911499949428 99.33990532852738 95.1544156918598
91.26871997739474 99.42256536689807 95.2080179568826
91.26871997739474 99.42256536689807 95.2080179568826
91.25565976714101 99.42117585848075 95.19874476987448
91.25565976714101 99.42117585848075 95.19874476987448
91.27523546376783 99.4221029392667 95.2080179568826
91.27523546376783 99.4221029392667 95.2080179568826
91.26219475246926 99.42024579841056 95.19688582401139
91.26219475246926 99.42024579841056 95.19688582401139
91.27523546376783 99.42024579841056 95.20060227736127
91.27523546376783 99.42024579841056 95.20060227736127
91.24911499949428 99.41977964665233 95.19130033943762
91.24911499949428 99.41977964665233 95.19130033943762
91.25565976714101 99.41977964665233 95.19316361046822
91.25565976714101 99.41977964665233 95.19316361046822
91.24911499949428 99.41977964665233 95.19130033943762
91.25565976714101 99.42117585848075 95.19874476987448
91.26871997739474 99.50218605255183 95.24480929105569
91.26871997739474 99.50218605255183 95.24480929105569
91.25565976714101 99.50098717754008 95.23560373784832
91.26219475246926 99.50138744363511 95.23929023285966
91.27523546376783 99.5017870681252 95.24480929105569
91.27523546376783 99.5017870681252 95.24480929105569
91.26219475246926 99.5001847143447 95.23375834851244
91.4459049544995 99.45099589344927 95.8131112678577
91.45230060419908 99.45099589344927 95.81474153897963
91.45230060419908 99.45099589344927 95.81474153897963
91.4266604511644 99.45054945054946 95.80657746285812
91.43308489954633 99.45054945054946 95.80821282516126
91.43308489954633 99.45054945054946 95.80821282516126
91.43308489954633 99.45054945054946 95.80821282516126
91.4266604511644 99.45054945054946 95.80657746285812
91.4459049544995 99.45321726958576 95.82124994746354
91.38492007356062 99.66826713225666 95.68953758013915
91.56626506024097 99.45321726958576 95.88673809498775
91.55360872827563 99.370254969939 95.91610897402118
91.57257901339484 99.37127584998248 95.92405595876723
91.57257901339484 99.37127584998248 95.92405595876723
91.57257901339484 99.37127584998248 95.92405595876723
91.55994163897219 99.45099589344927 95.87711440164409
91.57257901339484 99.45099589344927 95.88032729915015
91.57257901339484 99.45099589344927 95.88032729915015
91.57257901339484 99.45099589344927 95.88032729915015
91.54726630677436 99.45054945054946 95.87228564796251
91.55360872827563 99.45054945054946 95.87389648880405
91.55360872827563 99.45054945054946 95.87389648880405
91.55360872827563 99.45054945054946 95.87389648880405
91.54726630677436 99.45054945054946 95.87228564796251
91.56626506024097 99.37178504979752 95.92405595876723
91.56626506024097 99.37178504979752 95.92405595876723
91.56626506024097 99.37178504979752 95.92405595876723
91.55360872827563 99.370254969939 95.91610897402118
91.56626506024097 99.37127584998248 95.92246903707134
91.56626506024097 99.37127584998248 95.92246903707134
91.56626506024097 99.37127584998248 95.92246903707134
91.55360872827563 99.36923076923077 95.91292149645083
91.57257901339484 99.36923076923077 95.91770084911822
91.57257901339484 99.36923076923077 95.91770084911822
91.57257901339484 99.36923076923077 95.91770084911822
91.54726630677436 99.45054945054946 95.87228564796251
91.55360872827563 99.45054945054946 95.87389648880405
91.55360872827563 99.45054945054946 95.87389648880405
91.55360872827563 99.45054945054946 95.87389648880405
91.54726630677436 99.45054945054946 95.87228564796251
91.56626506024097 99.45321726958576 95.88673809498775
91.56626506024097 99.45321726958576 95.88673809498775
91.56626506024097 99.45321726958576 95.88673809498775
91.55360872827563 99.53338590956888 95.84136311460736
91.56626506024097 99.61537621014446 95.8105608341041
91.56626506024097 99.61537621014446 95.8105608341041
91.56626506024097 99.61537621014446 95.8105608341041
91.55360872827563 99.61412817083598 95.80076273150587
91.57257901339484 99.61412817083598 95.80566750497196
91.4208952811894 99.54144543420071 95.75629456679498
91.22372054584669 99.77673196891759 95.54126091336468
91.19746072822109 99.77655099894848 95.53258823900495
91.2040404040404 99.77655099894848 95.53432547189642
91.0275022179208 99.59508881922675 95.15031612443998
91.0275022179208 99.59508881922675 95.15031612443998
91.02080348675317 99.67537419115885 95.1853171028096
91.03419096165858 99.59606489022086 95.15781772575251
91.03419096165858 99.59606489022086 95.15781772575251
91.03419096165858 99.59606489022086 95.15781772575251
91.02080348675317 99.59508881922675 95.14843709094717
91.04086974028588 99.75677025647708 95.23700074177
91.04086974028588 99.75677025647708 95.23700074177
91.04086974028588 99.75677025647708 95.23700074177
91.0275022179208 99.67563566701497 95.18904660218566
91.04753857605569 99.67563566701497 95.19463003042564
91.04753857605569 99.67563566701497 95.19463003042564
91.04753857605569 99.67563566701497 95.19463003042564
91.02080348675317 99.67537419115885 95.1853171028096
91.0275022179208 99.67537419115885 95.18718257500393
91.0275022179208 99.67537419115885 95.18718257500393
91.21325386402667 99.8537660693629 95.36994292429075
91.20668041570626 99.8537660693629 95.368144843873
91.21981749172252 99.9346277047787 95.41410351801977
91.21981749172252 99.9346277047787 95.41410351801977
91.3969576826604 99.00905067054238 95.99354750282033
91.5621320992165 98.3604372167422 96.37667324296231
91.58110051238431 98.45028076225847 96.35031867330437
91.58110051238431 98.45028076225847 96.35031867330437
91.58110051238431 98.45028076225847 96.35031867330437
91.56846439364745 98.52846663564037 96.30398407218351
91.5874043793257 98.52846663564037 96.30832372510234
91.5874043793257 98.52846663564037 96.30832372510234
91.5874043793257 98.52846663564037 96.30832372510234
91.5621320992165 98.52725901610256 96.30108529760896
91.56846439364745 98.52725901610256 96.30253525304855
91.56846439364745 98.52725901610256 96.30253525304855
91.56846439364745 98.52725901610256 96.30253525304855
91.5621320992165 98.52725901610256 96.30108529760896
91.57478719092015 98.53087594309356 96.30832372510234
91.57478719092015 98.53087594309356 96.30832372510234
91.36184410069761 98.74594308171241 96.09384894667961
91.34889937425325 98.74286220176177 96.08620707887863
91.36830194778955 98.58256242686508 96.17344516537428
91.36830194778955 98.58256242686508 96.17344516537428
91.36830194778955 98.58256242686508 96.17344516537428
91.35537658343114 98.5779156052719 96.16446178737984
91.55220197034369 97.92674498963373 96.56061088132357
91.55220197034369 97.92674498963373 96.56061088132357
91.54587415985101 98.00922932875582 96.52000466828642
91.52683372222786 98.00922932875582 96.51590151048416
91.53319005717529 98.09328640798324 96.47936656194277
91.53319005717529 98.09328640798324 96.47936656194277
91.52683372222786 98.09328640798324 96.47798341456163
91.52683372222786 98.09328640798324 96.47798341456163
91.53953686257825 98.09798911232085 96.48488830486203
91.53953686257825 98.09798911232085 96.48488830486203
91.52683372222786 98.17720504773987 96.44009510061984
91.52683372222786 98.17720504773987 96.44009510061984
91.54587415985101 98.18467949286284 96.45124428643982
91.5366085706767 98.39412506359353 96.35133706796321
91.72287687931735 98.14699470569917 96.56168369188947
91.72287687931735 98.14699470569917 96.56168369188947
91.74150128722304 98.14699470569917 96.56573155857241
91.74150128722304 98.14699470569917 96.56573155857241
91.7166500620133 98.06149732620321 96.59696161083528
91.7166500620133 98.06149732620321 96.59696161083528
91.72287687931735 98.06149732620321 96.59829968119023
91.72287687931735 98.06149732620321 96.59829968119023
91.7166500620133 98.06149732620321 96.59696161083528
91.7166500620133 98.06149732620321 96.59696161083528
91.72909434192094 97.98238199047915 96.64158113171499
91.72909434192094 97.98238199047915 96.64158113171499
91.7166500620133 97.97738777512656 96.63497330525598
91.7166500620133 97.97738777512656 96.63497330525598
91.72909434192094 97.984041252695 96.64289958407606
91.72909434192094 97.984041252695 96.64289958407606
91.7166500620133 98.06149732620321 96.59696161083528
91.72909434192094 98.06309415143487 96.60097266761527
91.74150128722304 98.06309415143487 96.60364145658264
91.74150128722304 98.06309415143487 96.60364145658264
91.7166500620133 98.06149732620321 96.59696161083528
91.72287687931735 98.06149732620321 96.59829968119023
91.72287687931735 98.06149732620321 96.59829968119023
91.72287687931735 98.06149732620321 96.59829968119023
91.72287687931735 98.06149732620321 96.59829968119023
92.06963249516441 97.57453936348409 97.0113963148365
92.06963249516441 97.57453936348409 97.0113963148365
92.06963249516441 97.57453936348409 97.0113963148365
92.05166925148967 97.56851155292854 97.00431310586326
92.06365377562248 97.49190396426577 97.04964146058197
92.06365377562248 97.49190396426577 97.04964146058197
92.24408966559145 96.82828691527861 97.44835185997496
92.23235462501023 96.81769999323396 97.44227696333394
92.25578930202218 96.82035334414999 97.44734138196763
92.07560221354166 97.92446941323347 96.85026806229257
92.07560221354166 97.92446941323347 96.85026806229257
92.05166925148967 97.83841722120495 96.88226387733778
92.05766603454254 97.83841722120495 96.88349338648305
92.05766603454254 97.83841722120495 96.88349338648305
92.05766603454254 97.83841722120495 96.88349338648305
91.84229799007242 98.05695440973305 96.666099495927
91.85456022750355 98.06174842739335 96.67264564472134
91.85456022750355 98.06174842739335 96.67264564472134
91.85456022750355 98.06174842739335 96.67264564472134
92.19276911443112 97.6235230934479 97.05715842208146
92.20455890455686 97.63136765099473 97.06412046164175
92.20455890455686 97.63136765099473 97.06412046164175
92.20455890455686 97.63136765099473 97.06412046164175
92.19276911443112 97.53868894313678 97.09553323359692
92.21631314057501 97.54072681704261 97.10126379779236
92.21631314057501 97.54072681704261 97.10126379779236
92.21631314057501 97.54072681704261 97.10126379779236
92.19276911443112 97.53868894313678 97.09553323359692
92.19866846383205 97.53868894313678 97.09668115833662
92.19866846383205 97.53868894313678 97.09668115833662
92.19866846383205 97.53868894313678 97.09668115833662
92.19866846383205 97.53868894313678 97.09668115833662
92.21044045676999 97.54479245788839 97.10240719814077
92.21044045676999 97.54479245788839 97.10240719814077
92.21044045676999 97.54479245788839 97.10240719814077
92.19276911443112 97.6235230934479 97.05715842208146
92.20455890455686 97.63136765099473 97.06412046164175
92.20455890455686 97.63136765099473 97.06412046164175
92.20455890455686 97.63136765099473 97.06412046164175
92.19276911443112 97.6235230934479 97.05715842208146
92.21631314057501 97.6254891000559 97.06296241018315
92.21631314057501 97.6254891000559 97.06296241018315
92.21631314057501 97.6254891000559 97.06296241018315
92.19276911443112 97.6235230934479 97.05715842208146
92.19866846383205 97.6235230934479 97.05832105409272
92.19866846383205 97.6235230934479 97.05832105409272
92.19866846383205 97.6235230934479 97.05832105409272
92.87389426044024 96.80140756112966 97.80185492027286
92.88472598800426 96.80939630537992 97.80622161134794
92.88472598800426 96.80939630537992 97.80622161134794
92.88472598800426 96.80939630537992 97.80622161134794
92.87389426044024 96.71520487639688 97.84080512351326
92.88472598800426 96.64009368103409 97.88484262541627
92.88472598800426 96.64009368103409 97.88484262541627
92.88472598800426 96.64009368103409 97.88484262541627
92.86846602021699 96.71520487639688 97.83994486798466
92.7074584673372 97.46960163020356 97.40355606906733
92.7074584673372 97.46960163020356 97.40355606906733
92.7074584673372 97.46960163020356 97.40355606906733
92.34564362921716 97.87718475858837 97.02606597114696
92.35143704612867 97.87718475858837 97.02724051065283
92.35143704612867 97.87718475858837 97.02724051065283
92.35143704612867 97.87718475858837 97.02724051065283
92.35143704612867 97.87718475858837 97.02724051065283
92.36299761024532 97.88243152972612 97.03309931926408
92.36299761024532 97.88243152972612 97.03309931926408
92.36299761024532 97.88243152972612 97.03309931926408
92.35143704612867 97.87718475858837 97.02724051065283
92.36299761024532 97.88417469464036 97.03426831086406
92.36299761024532 97.88417469464036 97.03426831086406
92.36299761024532 97.88417469464036 97.03426831086406
92.34564362921716 98.04559534686783 96.94945636516896
92.3687647971263 98.04720552215542 96.95546610440228
92.3687647971263 98.04720552215542 96.95546610440228
92.514156053885 98.26467582100165 96.93585307426137
92.49143958499928 98.26324801529942 96.9298058459569
92.49713161776758 98.26324801529942 96.93101720037961
92.03889828953538 98.76750824242693 96.45070243198506
92.37600261908659 98.36495312569423 96.81848198879493
93.04616652926629 97.56392458913618 97.54995600008586
93.05675597810429 97.56996404082818 97.55481058618142
93.05675597810429 97.56996404082818 97.55481058618142
93.05675597810429 97.56996404082818 97.55481058618142
92.36844258940994 98.45744090555986 96.77209866817131
92.37997957099081 98.37931187176194 96.81775681074419
93.06824730386104 97.80459565372284 97.45561497326203
93.2717297141207 97.56282640717761 97.67708601320642
93.84804227520492 96.93624690245551 98.27593666176342
93.97022487074605 96.81570288907919 98.39195979899498
93.97022487074605 96.81570288907919 98.39195979899498
93.97022487074605 96.81570288907919 98.39195979899498
93.95163809801512 96.81304553758712 98.38873849485653
93.95629552549427 96.81304553758712 98.38938378776236
93.95629552549427 96.81304553758712 98.38938378776236
93.95629552549427 96.81304553758712 98.38938378776236
93.95629552549427 96.81304553758712 98.38938378776236
93.96558889535368 96.90682252444644 98.35329179669363
93.96558889535368 96.90682252444644 98.35329179669363
93.76895276866199 98.08647613107304 97.70198953104679
93.76895276866199 98.08647613107304 97.70198953104679
93.77851513894649 98.09276404893536 97.7074598698249
93.77851513894649 98.09276404893536 97.7074598698249
93.76895276866199 98.08805199430199 97.70290306637729
93.76416055207966 98.08647613107304 97.7010752688172
93.78328532648113 98.08805199430199 97.70563931963298
93.78328532648113 98.08805199430199 97.70563931963298
93.76416055207966 98.17040598290599 97.66222040693488
93.76416055207966 98.17040598290599 97.66222040693488
93.76895276866199 98.17040598290599 97.66314975181038
93.08837477834138 98.96201413427562 96.92998357823797
93.08837477834138 98.96201413427562 96.92998357823797
93.08837477834138 98.96201413427562 96.92998357823797
93.09890471876801 98.96455244431715 96.93602801102563
93.09890471876801 98.96455244431715 96.93602801102563
93.1075730077545 99.3665038933615 96.75252794039383
92.72129800780448 99.35284920083392 95.9477717494564
92.73234353211386 99.3549225041129 95.95724515585509
92.73234353211386 99.3549225041129 95.95724515585509
92.71576264567447 99.35284920083392 95.94618853021616
92.71576264567447 99.35284920083392 95.94618853021616
92.73785373250549 99.43320013898541 95.99152336872292
92.73785373250549 99.43320013898541 95.99152336872292
92.72129800780448 99.43274434374388 95.98525886738261
92.72682496357257 99.43274434374388 95.9868268276721
92.72682496357257 99.43274434374388 95.9868268276721
92.72682496357257 99.43274434374388 95.9868268276721
92.38167345351859 99.04741285992638 95.62377050042605
91.64536935621273 98.58976288238709 95.01977687097548
90.40203114691829 97.53716582658075 93.86232481450948
90.40203114691829 97.53716582658075 93.86232481450948
90.38781107974452 97.53133793809158 93.85060141448557
90.40203114691829 97.53910234614077 93.86466413259578
90.40203114691829 97.53910234614077 93.86466413259578
90.40203114691829 97.53910234614077 93.86466413259578
89.62646532882972 96.44167123403179 92.9363390884543
90.5411623487046 97.45647269166915 93.89483019996494
90.5411623487046 97.45647269166915 93.89483019996494
91.50222401940962 98.66399465597863 94.97220107023271
90.62914040229654 97.9070364663585 94.15487559818526
90.63609556478305 97.9070364663585 94.15711490075482
90.63609556478305 97.9070364663585 94.15711490075482
90.63609556478305 97.9070364663585 94.15711490075482
90.62914040229654 97.9070364663585 94.15487559818526
90.64304041051956 97.91199641324538 94.16605497947832
90.42191561687662 97.69715819521963 93.9475204224771
89.64396162080723 96.76745510940434 93.09770332287376
89.10511980420794 96.3320138128527 92.60478004849324
89.12100906582577 96.34340890008396 92.62146777800366
89.12100906582577 96.34340890008396 92.62146777800366
89.12100906582577 96.34340890008396 92.62146777800366
89.10511980420794 96.33486923772855 92.60756657670962
89.13685204864801 96.33772022032544 92.62146777800366
89.13685204864801 96.33772022032544 92.62146777800366
89.29369647342709 95.86371636912246 92.48700182127124
89.29369647342709 95.86371636912246 92.48700182127124
89.67147340404401 96.2934899286481 92.88962465638636
89.8356349743304 96.48031379826651 93.06461355748262
89.8356349743304 96.48031379826651 93.06461355748262
89.82814584702392 96.48031379826651 93.06198533327871
89.85058019392783 96.5637041248184 93.11293076128848
89.85058019392783 96.5637041248184 93.11293076128848
89.85058019392783 96.5637041248184 93.11293076128848
89.84311308186356 96.5637041248184 93.11032479751289
89.85803633475628 96.57437921118365 93.12593106544497
89.85803633475628 96.57437921118365 93.12593106544497
89.85803633475628 96.57437921118365 93.12593106544497
89.8356349743304 96.63374277151661 93.13777704944897
89.86548152851077 96.63636938779814 93.15075495036854
89.86548152851077 96.63636938779814 93.15075495036854
89.86548152851077 96.63636938779814 93.15075495036854
89.8356349743304 96.63111204984686 93.13517556532341
89.8356349743304 96.63111204984686 93.13517556532341
89.8356349743304 96.63111204984686 93.13517556532341
89.8356349743304 96.63111204984686 93.13517556532341
89.82814584702392 96.63111204984686 93.13257210799286
89.85058019392783 96.638991908294 93.14816329869917
89.85058019392783 96.638991908294 93.14816329869917
89.85058019392783 96.638991908294 93.14816329869917
89.84311308186356 96.638991908294 93.14556968500311
89.85803633475628 96.6494412234266 93.16110198123897
89.85803633475628 96.6494412234266 93.16110198123897
89.85803633475628 96.6494412234266 93.16110198123897
89.8356349743304 96.63374277151661 93.13777704944897
89.86548152851077 96.63636938779814 93.15075495036854
89.86548152851077 96.63636938779814 93.15075495036854
89.86548152851077 96.63636938779814 93.15075495036854
89.8356349743304 96.63111204984686 93.13517556532341
89.8356349743304 96.63111204984686 93.13517556532341
89.8356349743304 96.63111204984686 93.13517556532341
89.8356349743304 96.63111204984686 93.13517556532341
89.82814584702392 96.63111204984686 93.13257210799286
89.85058019392783 96.5637041248184 93.11293076128848
89.85058019392783 96.5637041248184 93.11293076128848
89.85058019392783 96.5637041248184 93.11293076128848
89.84311308186356 96.5637041248184 93.11032479751289
89.82415052397586 96.41854226916467 93.034800513751
89.65332805071316 96.41854226916467 92.94384814354672
89.44955035082518 96.1867330085924 92.72666314463363
89.42635290389033 96.09427468099395 92.66701993233603
89.45726023068416 96.09730523225333 92.6808181697977
89.45726023068416 96.09730523225333 92.6808181697977
90.55721054841354 97.24338433461367 93.80378834671608
90.60338085784755 97.23904865140598 93.82777193091066
90.60338085784755 97.23904865140598 93.82777193091066
90.60338085784755 97.23904865140598 93.82777193091066
89.81632409652924 96.48234847526255 93.05390692153411
89.22227936231654 95.96627021584546 92.49829483564251
89.23803128456312 95.97564038171772 92.51239635831571
89.23803128456312 95.97564038171772 92.51239635831571
89.23803128456312 95.97564038171772 92.51239635831571
89.23016108311099 95.97564038171772 92.50958029660802
89.25373723030805 95.91402780962706 92.49455282493034
89.25373723030805 95.91402780962706 92.49455282493034
89.25373723030805 95.91402780962706 92.49455282493034
89.36085984046238 95.96939844896248 92.5736274699433
89.39193589768892 95.97252183383249 92.58758738416518
89.39193589768892 95.97252183383249 92.58758738416518
89.39193589768892 95.97252183383249 92.58758738416518
89.36864591162626 95.96627021584546 92.5736274699433
89.36864591162626 95.96627021584546 92.5736274699433
89.36864591162626 95.96627021584546 92.5736274699433
89.36864591162626 95.96627021584546 92.5736274699433
89.35306235639014 95.96627021584546 92.56802877023544
89.36864591162626 95.97564038171772 92.58200972117712
89.36864591162626 95.97564038171772 92.58200972117712
89.36864591162626 95.97564038171772 92.58200972117712
89.36085984046238 95.97564038171772 92.57921774070495
89.38418391531047 95.98806642743887 92.59871758451361
89.38418391531047 95.98806642743887 92.59871758451361
89.37642059492045 95.97875410384559 92.58758738416518
89.36085984046238 95.96939844896248 92.5736274699433
89.39193589768892 95.97252183383249 92.58758738416518
89.39193589768892 95.97252183383249 92.58758738416518
89.37642059492045 95.96939844896248 92.57921774070495
89.36864591162626 95.96627021584546 92.5736274699433
89.36864591162626 95.96627021584546 92.5736274699433
89.36864591162626 95.96627021584546 92.5736274699433
89.35306235639014 95.96627021584546 92.56802877023544
89.35306235639014 95.96627021584546 92.56802877023544
89.36864591162626 95.97564038171772 92.58200972117712
89.36864591162626 95.97564038171772 92.58200972117712
89.36085984046238 95.97564038171772 92.57921774070495
89.36085984046238 95.97564038171772 92.57921774070495
89.38418391531047 95.98806642743887 92.59871758451361
89.38418391531047 95.98806642743887 92.59871758451361
89.36085984046238 95.96939844896248 92.5736274699433
89.36085984046238 95.96939844896248 92.5736274699433
89.39193589768892 95.89820860539092 92.55279168740415
89.39193589768892 95.89820860539092 92.55279168740415
89.36864591162626 95.96627021584546 92.5736274699433
89.36864591162626 95.96627021584546 92.5736274699433
89.36864591162626 95.96627021584546 92.5736274699433
89.36864591162626 95.96627021584546 92.5736274699433
89.35306235639014 95.96627021584546 92.56802877023544
89.70398459369851 96.08623687904628 92.81228975106526
89.8609812851773 96.12450220079648 92.91363492565644
89.8609812851773 96.12450220079648 92.91363492565644
89.85351484754398 96.12450220079648 92.91095820487168
89.8609812851773 96.13349783567888 92.92165297343581
89.87588124317347 96.1364871076936 92.9296528972743
89.87588124317347 96.1364871076936 92.9296528972743
89.85351484754398 95.96939844896248 92.83541254058028
89.87588124317347 95.97252183383249 92.84622127989236
89.8833148118749 95.97252183383249 92.84891837088212
89.8833148118749 95.97252183383249 92.84891837088212
89.86843674231886 95.96627021584546 92.83811778632732
89.86843674231886 95.96627021584546 92.83811778632732
89.86843674231886 95.96627021584546 92.83811778632732
89.86843674231886 95.96627021584546 92.83811778632732
89.84603740514271 95.96627021584546 92.8299959133633
89.8609812851773 96.05001361342073 92.87856530787121
89.8609812851773 96.05001361342073 92.87856530787121
89.8609812851773 96.05001361342073 92.87856530787121
89.85351484754398 96.05001361342073 92.87587635599188
89.83128225486304 95.78224211512438 92.73891175125743
90.22887674947167 96.94064600408757 93.49511877810673
90.22887674947167 96.94064600408757 93.49511877810673
90.20720522708655 96.92626854929189 93.47285323684805
90.16236676959856 96.9286741687114 93.44728175559909
90.16236676959856 96.9286741687114 93.44728175559909
90.16236676959856 96.9286741687114 93.44728175559909
90.1478422218232 96.92385915851023 93.43731697543232
90.22166357415055 96.92385915851023 93.47533471019183
90.22166357415055 96.92385915851023 93.47533471019183
90.22166357415055 96.92385915851023 93.47533471019183
90.1999600079984 96.92385915851023 93.46788462329754
90.21443974123473 97.0069379812167 93.5158175842235
90.21443974123473 97.0069379812167 93.5158175842235
90.21443974123473 97.0069379812167 93.5158175842235
90.20720522708655 97.0069379812167 93.51335244495135
90.22887674947167 97.16789862724393 93.60155064199861
90.22887674947167 97.16789862724393 93.60155064199861
90.22887674947167 97.16789862724393 93.60155064199861
90.21443974123473 97.16124388746586 93.58938791447036
90.23607929076601 97.08748124194196 93.56360503753538
90.02981514609422 96.89088569680862 93.36157758470716
90.02981514609422 96.89088569680862 93.36157758470716
90.00776907906531 96.87870574284261 93.34140808638617
90.01512859304086 96.87870574284261 93.34393597373281
90.01512859304086 96.87870574284261 93.34393597373281
90.01512859304086 96.87870574284261 93.34393597373281
89.9930174563591 96.87870574284261 93.3363465469599
90.00776907906531 96.88602513995987 93.34898599462751
90.00776907906531 96.88602513995987 93.34898599462751
90.00776907906531 96.88602513995987 93.34898599462751
90.00039870818549 96.88602513995987 93.34646194241874
90.01512859304086 96.9689299500095 93.39443903937735
90.01512859304086 96.9689299500095 93.39443903937735
90.01512859304086 96.9689299500095 93.39443903937735
90.00039870818549 96.96181656729671 93.38190026677611
90.02981514609422 96.9665625263869 93.39694109457218
90.02981514609422 96.9665625263869 93.39694109457218
90.02981514609422 96.9665625263869 93.39694109457218
90.00776907906531 96.87870574284261 93.34140808638617
89.82559294426126 96.66173674202409 93.14133016627079
90.01512859304086 96.87870574284261 93.34393597373281
90.01512859304086 96.87870574284261 93.34393597373281
89.9930174563591 96.95466971835464 93.37183492272278
90.00776907906531 96.96181656729671 93.38441182805624
90.00776907906531 96.96181656729671 93.38441182805624
90.00776907906531 96.96181656729671 93.38441182805624
90.00039870818549 96.96181656729671 93.38190026677611
90.01512859304086 97.04466773621549 93.42984181624458
90.01512859304086 97.04466773621549 93.42984181624458
90.01512859304086 97.04466773621549 93.42984181624458
90.00039870818549 97.03772666680773 93.41736550917135
90.02981514609422 96.9665625263869 93.39694109457218
90.02981514609422 96.9665625263869 93.39694109457218
90.02981514609422 96.9665625263869 93.39694109457218
90.00776907906531 96.87870574284261 93.34140808638617
90.01512859304086 96.87870574284261 93.34393597373281
90.01512859304086 96.87870574284261 93.34393597373281
90.01512859304086 96.87870574284261 93.34393597373281
89.9930174563591 96.87870574284261 93.3363465469599
90.00039870818549 96.87870574284261 93.33887827819194
90.00039870818549 96.87870574284261 93.33887827819194
90.00039870818549 96.87870574284261 93.33887827819194
89.9930174563591 96.87870574284261 93.3363465469599
90.01512859304086 97.04466773621549 93.42984181624458
90.01512859304086 97.04466773621549 93.42984181624458
90.01512859304086 97.04466773621549 93.42984181624458
90.00039870818549 97.03772666680773 93.41736550917135
90.02981514609422 97.04235766346255 93.43233140457781
90.02981514609422 97.04235766346255 93.43233140457781
90.02981514609422 97.04235766346255 93.43233140457781
90.00776907906531 96.95466971835464 93.37687141888978
90.01512859304086 96.95466971835464 93.37938679777876
90.01512859304086 96.95466971835464 93.37938679777876
90.01512859304086 96.95466971835464 93.37938679777876
89.9930174563591 97.03075291622481 93.40735029555385
90.00039870818549 97.03075291622481 93.40985695494903
90.00039870818549 97.03075291622481 93.40985695494903
90.00039870818549 97.03075291622481 93.40985695494903
89.9930174563591 97.03075291622481 93.40735029555385
89.9596156524161 97.20677478696635 93.47580975809758
89.9596156524161 97.20677478696635 93.47580975809758
89.9596156524161 97.20677478696635 93.47580975809758
89.94481302173611 97.20020346742402 93.46341463414633
89.90087602550605 97.20458777721348 93.44037214258634
89.90087602550605 97.20458777721348 93.44037214258634
89.90087602550605 97.20458777721348 93.44037214258634
89.88600871347006 97.19580538337438 93.42541720154044
89.96700063613233 97.19580538337438 93.46589742536854
89.96700063613233 97.19580538337438 93.46589742536854
89.95221978897074 97.19360115570096 93.45844338701555
89.93739532658107 97.19360115570096 93.45346457259815
89.94481302173611 97.19360115570096 93.45595492679718
89.94481302173611 97.19360115570096 93.45595492679718
89.93739532658107 97.19360115570096 93.45346457259815
89.93739532658107 97.19360115570096 93.45346457259815
89.9596156524161 97.20677478696635 93.47580975809758
89.9596156524161 97.20677478696635 93.47580975809758
89.94481302173611 97.20020346742402 93.46341463414633
89.94481302173611 97.20020346742402 93.46341463414633
89.96700063613233 97.20458777721348 93.47580975809758
89.26429980276134 96.66252814545149 92.84674356807608
89.24860743491486 96.65210140797501 92.83053908713354
89.24860743491486 96.65210140797501 92.83053908713354
89.26429980276134 96.65210140797501 92.83594873206692
89.26429980276134 96.65210140797501 92.83594873206692
89.23286912486152 96.64948453608247 92.82240928407977
89.23286912486152 96.64948453608247 92.82240928407977
89.24074403526458 96.64948453608247 92.82512126627522
89.24074403526458 96.64948453608247 92.82512126627522
89.23286912486152 96.64948453608247 92.82240928407977
89.24074403526458 96.73275680236237 92.86829457443443
89.25645934903184 96.81576952236543 92.91674732798761
89.25645934903184 96.81576952236543 92.91674732798761
89.24074403526458 96.80830853017541 92.90337069475919
89.24860743491486 96.8107994094073 92.90872740625893
89.26429980276134 96.81328640377684 92.91674732798761
89.26429980276134 96.81328640377684 92.91674732798761
89.24860743491486 96.72764914652696 92.86560094730609
89.25645934903184 96.72764914652696 92.86829457443443
89.10963219658187 96.65210140797501 92.752722568026
89.10963219658187 96.65210140797501 92.752722568026
89.07780410742497 96.64948453608247 92.73903813178738
89.08577855832034 96.64948453608247 92.74177915174518
89.08577855832034 96.64948453608247 92.74177915174518
89.08577855832034 96.64948453608247 92.74177915174518
89.07780410742497 96.64948453608247 92.73903813178738
89.10169257748616 96.66512468985239 92.76363303461534
89.10169257748616 96.66512468985239 92.76363303461534
89.10169257748616 96.66512468985239 92.76363303461534
89.08577855832034 96.58200657063432 92.71502939049114
89.10963219658187 96.51223868053367 92.69385971153554
89.10963219658187 96.51223868053367 92.69385971153554
89.10963219658187 96.51223868053367 92.69385971153554
89.09374137319084 96.42616460281359 92.6424163424917
89.10963219658187 96.42616460281359 92.64795669163139
89.10963219658187 96.42616460281359 92.64795669163139
89.10963219658187 96.42616460281359 92.64795669163139
89.07780410742497 96.42337766349823 92.63409014446358
89.08577855832034 96.42337766349823 92.63686763686763
89.08577855832034 96.42337766349823 92.63686763686763
89.08577855832034 96.42337766349823 92.63686763686763
89.07780410742497 96.42337766349823 92.63409014446358
89.10169257748616 96.4400344039103 92.6590123958545
89.10169257748616 96.4400344039103 92.6590123958545
89.10169257748616 96.4400344039103 92.6590123958545
89.08577855832034 96.43172547205518 92.6451875604418
89.10169257748616 96.4372690628149 92.65625158818088
89.10169257748616 96.4372690628149 92.65625158818088
89.10169257748616 96.4372690628149 92.65625158818088
89.08577855832034 96.42616460281359 92.6396430354214
89.10963219658187 96.42616460281359 92.64795669163139
89.10963219658187 96.42616460281359 92.64795669163139
89.10963219658187 96.42616460281359 92.64795669163139
89.07780410742497 96.42337766349823 92.63409014446358
89.08577855832034 96.42337766349823 92.63686763686763
89.08577855832034 96.42337766349823 92.63686763686763
89.08577855832034 96.42337766349823 92.63686763686763
89.07780410742497 96.42337766349823 92.63409014446358
89.10169257748616 96.4400344039103 92.6590123958545
89.4595236211126 96.59606656580938 92.92337477073569
89.83451536643025 96.83004402131559 93.2330750199358
89.81954917135866 96.82261537811932 93.22025217916807
89.83451536643025 96.82757166947724 93.23051433363675
89.83451536643025 96.82757166947724 93.23051433363675
89.83451536643025 96.82757166947724 93.23051433363675
89.81954917135866 96.81764357608053 93.2151094254523
89.84198197482829 96.81764357608053 93.22282063358794
89.84198197482829 96.81764357608053 93.22282063358794
89.84198197482829 96.81764357608053 93.22282063358794
89.81204953609684 96.81515183578458 93.20995886377858
89.81954917135866 96.81515183578458 93.21253512172112
89.81954917135866 96.81515183578458 93.21253512172112
89.81954917135866 96.81515183578458 93.21253512172112
89.81204953609684 96.81515183578458 93.20995886377858
89.82703777335985 96.82261537811932 93.22282063358794
89.82703777335985 96.82261537811932 93.22282063358794
89.82703777335985 96.82261537811932 93.22282063358794
89.81204953609684 96.81515183578458 93.20995886377858
89.83451536643025 96.82757166947724 93.23051433363675
89.61020946039673 96.3765683353615 92.89987261146497
90.178482401037 96.82757166947724 93.41394681559666
90.1639671666234 96.81764357608053 93.39892977825251
90.18572396476824 96.81764357608053 93.40644684736442
90.18572396476824 96.81764357608053 93.40644684736442
90.18572396476824 96.81764357608053 93.40644684736442
90.15669344845504 96.81515183578458 93.39390886945081
90.1639671666234 96.81515183578458 93.39642027824014
90.1639671666234 96.81515183578458 93.39642027824014
90.1639671666234 96.81515183578458 93.39642027824014
90.15669344845504 96.81515183578458 93.39390886945081
90.17123014289136 96.89830759154006 93.44191631515748
90.17123014289136 96.89830759154006 93.44191631515748
90.17123014289136 96.89830759154006 93.44191631515748
90.15669344845504 96.89101613791351 93.42944103977297
90.178482401037 96.90314958968843 93.44937876737606
90.178482401037 96.90314958968843 93.44937876737606
90.178482401037 96.90314958968843 93.44937876737606
90.1639671666234 96.89345042852608 93.43443684113186
90.18572396476824 96.89345042852608 93.44191631515748
90.18572396476824 96.89345042852608 93.44191631515748
90.18572396476824 96.89345042852608 93.44191631515748
90.15669344845504 96.89101613791351 93.42944103977297
90.1639671666234 96.89101613791351 93.43193989042955
90.1639671666234 96.89101613791351 93.43193989042955
90.1639671666234 96.89101613791351 93.43193989042955
90.15669344845504 96.89101613791351 93.42944103977297
90.17123014289136 96.89830759154006 93.44191631515748
90.17123014289136 96.89830759154006 93.44191631515748
90.17123014289136 96.89830759154006 93.44191631515748
90.15669344845504 96.89101613791351 93.42944103977297
90.178482401037 96.97884558544104 93.48483760806474
90.178482401037 96.97884558544104 93.48483760806474
90.178482401037 96.97884558544104 93.48483760806474
90.1639671666234 96.96937608539116 93.46997091140827
90.18572396476824 96.96937608539116 93.47741273100615
90.18572396476824 96.96937608539116 93.47741273100615
90.178482401037 96.96699942773574 93.4724534040236
90.15669344845504 96.96699942773574 93.46500025716196
90.1639671666234 96.96699942773574 93.46748652984
90.35524867407186 97.2245834750085 93.69002587068779
89.21698542354778 96.79876436112815 92.88313706247956
89.21698542354778 96.79876436112815 92.88313706247956
89.23274414930384 96.8062650398953 92.89657072309686
89.23274414930384 96.8062650398953 92.89657072309686
89.21698542354778 96.79876436112815 92.88313706247956
89.21698542354778 96.79876436112815 92.88313706247956
89.24060625197347 96.81124599561626 92.90460660415818
89.24060625197347 96.81124599561626 92.90460660415818
89.22487054824302 96.87704970061148 92.9236365865871
89.22487054824302 96.87704970061148 92.9236365865871
89.24845688142145 96.87704970061148 92.9316539419426
89.24845688142145 96.87704970061148 92.9316539419426
89.21698542354778 96.87460297293865 92.91828157116998
89.21698542354778 96.87460297293865 92.91828157116998
89.22487054824302 96.87460297293865 92.92096009159306
89.22487054824302 96.87460297293865 92.92096009159306
89.21698542354778 96.87460297293865 92.91828157116998
89.21698542354778 96.87460297293865 92.91828157116998
89.23274414930384 96.88193168134863 92.9316539419426
89.23274414930384 96.88193168134863 92.9316539419426
89.21698542354778 96.87460297293865 92.91828157116998
89.21698542354778 96.87460297293865 92.91828157116998
89.23274414930384 96.88436695233672 92.93432235815078
89.23274414930384 96.88436695233672 92.93432235815078
89.21698542354778 96.87460297293865 92.91828157116998
89.23274414930384 96.87704970061148 92.92631105844859
89.24845688142145 96.87704970061148 92.9316539419426
89.24845688142145 96.87704970061148 92.9316539419426
89.21698542354778 96.87460297293865 92.91828157116998
89.22487054824302 96.87460297293865 92.92096009159306
89.22487054824302 96.87460297293865 92.92096009159306
89.22487054824302 96.87460297293865 92.92096009159306
89.22487054824302 96.87460297293865 92.92096009159306
89.24060625197347 96.88193168134863 92.93432235815078
89.24060625197347 96.88193168134863 92.93432235815078
89.24060625197347 96.88193168134863 92.93432235815078
89.21698542354778 96.87460297293865 92.91828157116998
89.23274414930384 96.96009464055602 92.96941983423835
89.23274414930384 96.96009464055602 92.96941983423835
89.36157588702979 96.96009464055602 93.03874401168551
89.34598320392965 96.95056051198372 93.02292248942945
89.37712299549727 96.95294964638123 93.03611207618891
89.37712299549727 96.95294964638123 93.03611207618891
89.37712299549727 96.95294964638123 93.03611207618891
89.34598320392965 97.0266372582287 93.05817287996723
89.35378525482434 97.0266372582287 93.0608024406974
89.35378525482434 97.0266372582287 93.0608024406974
89.35378525482434 97.0266372582287 93.0608024406974
89.35378525482434 97.0266372582287 93.0608024406974
89.36935512559536 97.10964299326642 93.10912343470483
89.36935512559536 97.10964299326642 93.10912343470483
89.36935512559536 97.10964299326642 93.10912343470483
89.34598320392965 97.1028334925183 93.09344999641405
89.36157588702979 97.11190571906143 93.10912343470483
89.36157588702979 97.11190571906143 93.10912343470483
89.36157588702979 97.11190571906143 93.10912343470483
89.34598320392965 97.1028334925183 93.09344999641405
89.37712299549727 97.10510688836105 93.10651613694931
89.37712299549727 97.10510688836105 93.10651613694931
89.24845688142145 97.10510688836105 93.03706277270823
89.09539798538417 97.32385976855004 93.06007906757615
88.91558671761138 97.1028334925183 92.85925895657327
88.91558671761138 97.1028334925183 92.85925895657327
88.91558671761138 97.1028334925183 92.85925895657327
88.91558671761138 97.1028334925183 92.85925895657327
88.93171806167402 97.10964299326642 92.87272875583743
88.93171806167402 97.10964299326642 92.87272875583743
88.93171806167402 97.10964299326642 92.87272875583743
88.90750339988568 97.1028334925183 92.8565588848465
88.92365826297454 97.18798966670902 92.90777971582158
88.92365826297454 97.18798966670902 92.90777971582158
88.92365826297454 97.18798966670902 92.90777971582158
88.90750339988568 97.17914949658014 92.89168327966058
88.93976613933378 97.18136474583467 92.90510204081632
88.93976613933378 97.18136474583467 92.90510204081632
88.93976613933378 97.18136474583467 92.90510204081632
88.90750339988568 97.17914949658014 92.89168327966058
88.91558671761138 97.1028334925183 92.85925895657327
88.91558671761138 97.1028334925183 92.85925895657327
88.95062458131379 97.32385976855004 92.97988993678526
88.76349265645584 97.1028334925183 92.77680248224056
88.77981741435163 97.10964299326642 92.79041574556086
88.77981741435163 97.10964299326642 92.79041574556086
88.77981741435163 97.10964299326642 92.79041574556086
88.76349265645584 97.1028334925183 92.77680248224056
88.77981741435163 97.11190571906143 92.7931322430192
88.77981741435163 97.11190571906143 92.7931322430192
88.77981741435163 97.11190571906143 92.7931322430192
88.75531245081064 97.0266372582287 92.73903813178738
88.78796201836302 97.0289686155672 92.752722568026
88.78796201836302 97.0289686155672 92.752722568026
88.78796201836302 97.0289686155672 92.752722568026
88.75531245081064 97.1028334925183 92.7740736580933
88.76349265645584 97.1028334925183 92.77680248224056
88.76349265645584 97.1028334925183 92.77680248224056
88.76349265645584 97.1028334925183 92.77680248224056
88.76349265645584 97.1028334925183 92.77680248224056
88.77981741435163 97.10964299326642 92.79041574556086
88.77981741435163 97.10964299326642 92.79041574556086
88.60933121705563 96.90854534696982 92.60550850473275
88.76349265645584 97.17914949658014 92.8118522753959
88.77981741435163 97.18798966670902 92.82810892309573
88.77981741435163 97.18798966670902 92.82810892309573
88.77981741435163 97.18798966670902 92.82810892309573
88.75531245081064 97.17914949658014 92.80913566627852
88.78796201836302 97.18136474583467 92.8226982168891
88.78796201836302 97.18136474583467 92.8226982168891
88.78796201836302 97.18136474583467 92.8226982168891
88.75531245081064 97.17914949658014 92.80913566627852
88.76349265645584 97.17914949658014 92.8118522753959
88.76349265645584 97.17914949658014 92.8118522753959
88.76349265645584 97.17914949658014 92.8118522753959
88.76349265645584 97.17914949658014 92.8118522753959
88.77981741435163 97.1857848227341 92.82540459011047
88.77981741435163 97.1857848227341 92.82540459011047
88.77981741435163 97.1857848227341 92.82540459011047
88.76349265645584 97.1028334925183 92.77680248224056
88.77981741435163 97.11190571906143 92.7931322430192
88.77981741435163 97.11190571906143 92.7931322430192
88.90898723973181 97.11190571906143 92.86311198075904
88.88472906403942 97.1028334925183 92.8442241863792
88.9170497858462 97.10510688836105 92.85772565017848
88.9170497858462 97.10510688836105 92.85772565017848
88.9170497858462 97.10510688836105 92.85772565017848
88.88472906403942 97.1028334925183 92.8442241863792
88.89282690452282 97.1028334925183 92.84692856121428
88.89282690452282 97.1028334925183 92.84692856121428
88.89282690452282 97.1028334925183 92.84692856121428
88.89282690452282 97.1028334925183 92.84692856121428
88.90898723973181 97.10964299326642 92.86041983137419
88.90898723973181 97.10964299326642 92.86041983137419
88.89282690452282 97.1028334925183 92.84692856121428
88.89282690452282 97.1028334925183 92.84692856121428
88.90898723973181 97.11190571906143 92.86311198075904
88.90898723973181 97.11190571906143 92.86311198075904
88.90091295450968 97.10510688836105 92.8523311831469
88.88472906403942 97.17914949658014 92.87933924847692
88.9170497858462 97.10510688836105 92.85772565017848
88.9170497858462 97.10510688836105 92.85772565017848
88.96887696737801 97.4108929864157 93.0314944505877
88.41434731477852 96.95261507162837 92.51995764092538
88.42274320857081 96.95261507162837 92.52277469591328
88.42274320857081 96.95261507162837 92.52277469591328
88.42274320857081 96.95261507162837 92.52277469591328
88.42274320857081 96.95261507162837 92.52277469591328
88.43949854295829 96.95976659125985 92.53682820278371
88.43949854295829 96.95976659125985 92.53682820278371
88.42274320857081 96.95261507162837 92.52277469591328
88.42274320857081 96.95261507162837 92.52277469591328
88.43949854295829 96.9621429778604 92.53963256725604
88.43949854295829 96.9621429778604 92.53963256725604
88.41434731477852 96.95261507162837 92.51995764092538
88.41434731477852 96.95261507162837 92.51995764092538
88.44785803627268 96.95500264690313 92.53402172918805
88.44785803627268 96.95500264690313 92.53402172918805
88.42274320857081 96.95261507162837 92.52277469591328
88.43112694249814 96.95261507162837 92.52558962984067
88.43112694249814 96.95261507162837 92.52558962984067
88.43112694249814 96.95261507162837 92.52558962984067
88.27232910996402 96.95261507162837 92.44091445307733
88.44670646960947 96.95976659125985 92.54248658318426
88.45506826806464 96.95976659125985 92.54529013117119
88.45506826806464 96.95976659125985 92.54529013117119
88.43833254975709 97.02869504358338 92.56611574455953
88.45506826806464 97.03799234656124 92.58288373416242
88.45506826806464 97.03799234656124 92.58288373416242
88.45506826806464 97.03799234656124 92.58288373416242
88.59668074241382 98.22866344605475 93.2013539850241
88.62973189981004 98.15215760252094 93.17893401015228
88.62973189981004 98.15215760252094 93.17893401015228
88.62973189981004 98.15215760252094 93.17893401015228
88.60496153242268 98.15069080923368 93.16858677381002
88.6132303045755 98.15069080923368 93.17117652483068
88.6132303045755 98.15069080923368 93.17117652483068
88.6132303045755 98.15069080923368 93.17117652483068
88.60496153242268 98.15069080923368 93.16858677381002
88.62148708501549 98.1550842197633 93.18151592343655
88.62148708501549 98.1550842197633 93.18151592343655
88.62148708501549 98.1550842197633 93.18151592343655
87.92163278024461 97.38186462324393 92.44467496542185
88.77284595300262 98.26371791303603 93.31578731771259
88.77284595300262 98.26371791303603 93.31578731771259
88.9404637806581 98.66930369542318 93.59182415776499
88.92434359550118 98.66612076024653 93.57962438898893
88.95653710941336 98.6671834291497 93.59182415776499
88.95653710941336 98.6671834291497 93.59182415776499
88.95653710941336 98.6671834291497 93.59182415776499
88.92434359550118 98.66505639543661 93.57717885894294
88.92434359550118 98.66505639543661 93.57717885894294
88.92434359550118 98.66505639543661 93.57717885894294
88.92434359550118 98.66505639543661 93.57717885894294
88.91626586769692 98.66505639543661 93.57473146517543
88.9404637806581 98.66824440619621 93.58938791447036
88.9404637806581 98.66824440619621 93.58938791447036
88.9404637806581 98.66824440619621 93.58938791447036
88.85958351375822 98.42943201376936 93.43482104311
88.87578616352201 98.43441708844472 93.44976822414571
88.87578616352201 98.43441708844472 93.44976822414571
88.73906633906634 98.44126246990024 93.37591259613707
88.73732211651858 98.43914604519168 93.37399500970336
88.95653710941336 98.6671834291497 93.59182415776499
88.95653710941336 98.6671834291497 93.59182415776499
88.95653710941336 98.6671834291497 93.59182415776499
88.92434359550118 98.74384874384874 93.61283611909249
88.92434359550118 98.74384874384874 93.61283611909249
88.92434359550118 98.74384874384874 93.61283611909249
88.92434359550118 98.74384874384874 93.61283611909249
88.91626586769692 98.74384874384874 93.61040138465341
88.9404637806581 98.66824440619621 93.58938791447036
88.9404637806581 98.66824440619621 93.58938791447036
88.9404637806581 98.66824440619621 93.58938791447036
88.93240955792623 98.66824440619621 93.58694981806221
88.94850628930817 98.75083170569422 93.63708179868884
88.94850628930817 98.75083170569422 93.63708179868884
88.94850628930817 98.75083170569422 93.63708179868884
88.92434359550118 98.74485108585478 93.61526899874406
88.95653710941336 98.7458518295048 93.62740564922989
88.95653710941336 98.7458518295048 93.62740564922989
88.95653710941336 98.7458518295048 93.62740564922989
88.95062458131379 98.74384874384874 93.627299507653
88.95062458131379 98.74384874384874 93.627299507653
88.95062458131379 98.74384874384874 93.627299507653
88.95062458131379 98.74384874384874 93.627299507653
88.94256363743912 98.74384874384874 93.62486991107585
88.9667112615094 98.74685097861895 93.6394197653977
88.9667112615094 98.74685097861895 93.6394197653977
88.9667112615094 98.74685097861895 93.6394197653977
88.95867378078793 98.74685097861895 93.63699940350084
88.97473704905141 98.82931649267516 93.6870630985742
88.97473704905141 98.82931649267516 93.6870630985742
88.97473704905141 98.82931649267516 93.6870630985742
88.95062458131379 98.82370715704049 93.6654100488227
88.98275116891281 98.82464577627294 93.67745782401744
88.98275116891281 98.82464577627294 93.67745782401744
88.98275116891281 98.82464577627294 93.67745782401744
89.02352523939 98.82276703747705 93.70112005275686
89.02352523939 98.82276703747705 93.70112005275686
89.02352523939 98.82276703747705 93.70112005275686
89.02352523939 98.82276703747705 93.70112005275686
88.94256363743912 98.82276703747705 93.66057807281574
89.33757433273406 99.03044698769165 93.97175193702478
89.33757433273406 99.03044698769165 93.97175193702478
89.16845779188768 98.21604488799419 93.50868007432732
89.16054937248401 98.21604488799419 93.50621341275547
89.17635467980296 98.22168139703685 93.52098532666612
89.17635467980296 98.22168139703685 93.52098532666612
89.17635467980296 98.22168139703685 93.52098532666612
89.15262939631509 98.13532803223525 93.46324617661568
89.18424006143304 98.13680558530004 93.47565166545276
89.18424006143304 98.13680558530004 93.47565166545276
89.18424006143304 98.13680558530004 93.47565166545276
89.16054937248401 98.13384813384813 93.46324617661568
89.16054937248401 98.13384813384813 93.46324617661568
89.16054937248401 98.13384813384813 93.46324617661568
89.16054937248401 98.13384813384813 93.46324617661568
89.14469783803011 98.13384813384813 93.45827076176174
89.16054937248401 98.13828079861334 93.47069512458037
89.16054937248401 98.13828079861334 93.47069512458037
89.16054937248401 98.13828079861334 93.47069512458037
88.96464745989832 97.95382216621456 93.28140214216164
88.98873311441886 98.03750266354145 93.33449231492938
88.98873311441886 98.03750266354145 93.33449231492938
88.98071625344353 98.03284991136077 93.32438882004116
88.96464745989832 97.95058295004814 93.27630242791642
88.9967383188588 97.95220383908341 93.2890372251116
88.9967383188588 97.95220383908341 93.2890372251116
88.98873311441886 97.95058295004814 93.2839490994037
88.9726877104543 97.94895949302047 93.27630242791642
88.9726877104543 97.94895949302047 93.27630242791642
88.9726877104543 97.94895949302047 93.27630242791642
88.96464745989832 97.94895949302047 93.27374966650933
88.95659547614821 97.94895949302047 93.27119496597103
88.9726877104543 97.95382216621456 93.2839490994037
88.9726877104543 97.95382216621456 93.2839490994037
88.96464745989832 97.95382216621456 93.28140214216164
88.96464745989832 97.95382216621456 93.28140214216164
88.98873311441886 98.03750266354145 93.33449231492938
88.98873311441886 98.03750266354145 93.33449231492938
88.96464745989832 98.02817504496018 93.31171629691957
89.17023840091647 98.41164080299187 93.59888837424734
88.88321984340351 98.02973580062039 93.26230246458691
88.88321984340351 98.02973580062039 93.26230246458691
88.85895217117684 98.02661181461721 93.24952060624084
88.85895217117684 98.02661181461721 93.24952060624084
88.85895217117684 98.02661181461721 93.24952060624084
88.85895217117684 98.02661181461721 93.24952060624084
88.84271477527868 98.02661181461721 93.24439427369285
88.85083938517249 98.03129408746955 93.25463916469418
88.85895217117684 98.03129408746955 93.25719553415959
88.85895217117684 98.03129408746955 93.25719553415959
88.85083938517249 98.03129408746955 93.25463916469418
88.85895217117684 98.1133686187468 93.30017194792435
88.87514237461215 98.11485722815773 93.3077748811532
88.87514237461215 98.11485722815773 93.3077748811532
88.85083938517249 98.02817504496018 93.24952060624084
88.87514237461215 98.02973580062039 93.25974996672366
88.88321984340351 98.02973580062039 93.26230246458691
88.88321984340351 98.02973580062039 93.26230246458691
88.86705315908421 98.02661181461721 93.25208085612367
88.71363270751182 98.02661181461721 93.16803899881201
88.71363270751182 98.02661181461721 93.16803899881201
88.71363270751182 98.02661181461721 93.16803899881201
88.68900161220557 98.02661181461721 93.16026370561758
88.70543427045703 97.95382216621456 93.13794690808655
88.70543427045703 97.95382216621456 93.13794690808655
88.70543427045703 97.95382216621456 93.13794690808655
88.69722391402581 97.95382216621456 93.13534865633763
88.72181925112723 98.03750266354145 93.18868695119461
88.72181925112723 98.03750266354145 93.18868695119461
88.72181925112723 98.03750266354145 93.18868695119461
88.69722391402581 98.02817504496018 93.16544919934022
88.6575117048994 98.02973580062039 93.14054319371728
88.6575117048994 98.02973580062039 93.14054319371728
88.6575117048994 98.02973580062039 93.14054319371728
88.64104525925491 98.10438735686408 93.16544919934022
88.71363270751182 98.10438735686408 93.20335631665762
88.71363270751182 98.10438735686408 93.20335631665762
88.71363270751182 98.10438735686408 93.20335631665762
88.68900161220557 98.10438735686408 93.19561828177567
88.6810598626104 98.11728461094114 93.19896408062155
88.86769073422103 98.34241111635288 93.40357212470633
88.86769073422103 98.34241111635288 93.40357212470633
88.85958351375822 98.34241111635288 93.40106732348112
89.05176993762421 98.87816724334316 93.75154080039445
89.05176993762421 98.87816724334316 93.75154080039445
89.05176993762421 98.87816724334316 93.75154080039445
89.03580507222102 98.9543582778173 93.77535262019974
89.05973494828739 98.95519172770358 93.78482287875984
89.05973494828739 98.95519172770358 93.78482287875984
89.05973494828739 98.95519172770358 93.78482287875984
89.03580507222102 98.7928912306463 93.69436201780415
89.04379332073094 98.7928912306463 93.69676495730897
89.04379332073094 98.7928912306463 93.69676495730897
89.04379332073094 98.7928912306463 93.69676495730897
89.01979357843427 98.7928912306463 93.68955063826277
89.03580507222102 98.7957776820336 93.70156534625953
89.03580507222102 98.7957776820336 93.70156534625953
89.03580507222102 98.7957776820336 93.70156534625953
89.0278051666338 98.7957776820336 93.69916606609698
89.04379332073094 98.75832438238453 93.6928514188259
89.51973710258542 98.97306723503198 94.05133917061147
89.51973710258542 98.97306723503198 94.05133917061147
89.50436161776368 98.89164420485174 94.00402830139957
89.5350676049656 98.89340997653339 94.01774580829992
89.5350676049656 98.89340997653339 94.01774580829992
89.5350676049656 98.89340997653339 94.01774580829992
89.51205499534441 98.96813550522423 94.03540701522171
89.51973710258542 98.96813550522423 94.03768826040665
89.51973710258542 98.96813550522423 94.03768826040665
89.51973710258542 98.96813550522423 94.03768826040665
89.49665694502312 98.96813550522423 94.0308392838663
89.51205499534441 98.97060727696491 94.04224551980582
89.51205499534441 98.97060727696491 94.04224551980582
89.51205499534441 98.97060727696491 94.04224551980582
89.50436161776368 98.97060727696491 94.03996776126806
89.51973710258542 98.97306723503198 94.05133917061147
89.51973710258542 98.97306723503198 94.05133917061147
89.51973710258542 98.97306723503198 94.05133917061147
89.50436161776368 98.97060727696491 94.03996776126806
89.73373484428244 99.27813438803518 94.3015142901442
89.71596086043657 99.05121293800539 94.18857951084544
89.71596086043657 99.05121293800539 94.18857951084544
89.69330024813895 98.88898495590523 94.09865582218359
89.70086487344282 98.88898495590523 94.10091439447226
89.70086487344282 98.88898495590523 94.10091439447226
89.70086487344282 98.88898495590523 94.10091439447226
89.67813761157831 98.88898495590523 94.09413348521721
89.68572450236401 98.88898495590523 94.0963955197615
89.68572450236401 98.88898495590523 94.0963955197615
89.68572450236401 98.88898495590523 94.0963955197615
89.67813761157831 98.96813550522423 94.13020056356704
89.70086487344282 98.89429075420557 94.11442960639023
89.70086487344282 98.89429075420557 94.11442960639023
89.70086487344282 98.89429075420557 94.11442960639023
89.68572450236401 98.89164420485174 94.10317123861321
89.71596086043657 98.89340997653339 94.11667612317532
89.71596086043657 98.89340997653339 94.11667612317532
89.71596086043657 98.89340997653339 94.11667612317532
89.70086487344282 98.88898495590523 94.10091439447226
89.86665076809952 99.04741285992638 94.26374742252018
89.86665076809952 99.04741285992638 94.26374742252018
89.86665076809952 99.04741285992638 94.26374742252018
89.84424792861695 99.04741285992638 94.25714226436233
89.85172653995423 99.04741285992638 94.25934567325142
89.85172653995423 99.04741285992638 94.25934567325142
89.85172653995423 99.04741285992638 94.25934567325142
89.84424792861695 99.04741285992638 94.25714226436233
89.86665076809952 99.05196931827976 94.27691226183953
89.86665076809952 99.05196931827976 94.27691226183953
89.86665076809952 99.05196931827976 94.27691226183953
89.85172653995423 98.97060727696491 94.2298334075355
89.88153116504276 98.97224855640783 94.24306595733691
89.88153116504276 98.97224855640783 94.24306595733691
89.88153116504276 98.97224855640783 94.24306595733691
89.86665076809952 98.96896074701712 94.2298334075355
89.87409643339423 98.96896074701712 94.23204305526805
89.87409643339423 98.96896074701712 94.23204305526805
89.85919414502209 98.96813550522423 94.2254090292097
89.84424792861695 98.96813550522423 94.22097786073522
89.53098661378284 98.81209503239741 93.97673817523908
89.53098661378284 98.81209503239741 93.97673817523908
89.52329919822179 98.81209503239741 93.97443322852888
89.52329919822179 98.81209503239741 93.97443322852888
89.54632765005248 98.81776363870857 93.99511445975614
89.54632765005248 98.81776363870857 93.99511445975614
89.53098661378284 98.73622115053394 93.9477460179823
89.53098661378284 98.73622115053394 93.9477460179823
89.55398132024696 98.65976502931764 93.92347700705494
89.55398132024696 98.65976502931764 93.92347700705494
89.53866275613332 98.5769032035825 93.87369724486638
89.53866275613332 98.5769032035825 93.87369724486638
89.55398132024696 98.5769032035825 93.8783716901757
89.55398132024696 98.5769032035825 93.8783716901757
89.52329919822179 98.5757686755295 93.86667217636546
89.69418595402847 99.60593063508306 94.42856697463185
89.70176240338571 99.52575704838148 94.39442557919769
89.70176240338571 99.52575704838148 94.39442557919769
89.69418595402847 99.52575704838148 94.39227093289009
89.70176240338571 99.52689945528331 94.40087959505435
90.0276732564853 99.72666926981648 94.67231409677453
89.93814515006265 99.73532346943203 94.62712585475185
89.92331441091524 99.73468455733641 94.61679211544059
89.93073524143146 99.7348978704911 94.62093037751139
89.9455441609031 99.73511084091452 94.62712585475185
89.9455441609031 99.73511084091452 94.62712585475185
89.93073524143146 99.73425689951861 94.61472059572962
89.93814515006265 99.73425689951861 94.61679211544059
89.9455441609031 99.73425689951861 94.61886204208886
89.9455441609031 99.73425689951861 94.61886204208886
89.91588263434859 99.7340425531915 94.6084964598084
89.92331441091524 99.7340425531915 94.6105727697576
89.92331441091524 99.7340425531915 94.6105727697576
89.92331441091524 99.7340425531915 94.6105727697576
89.91588263434859 99.7340425531915 94.6084964598084
89.93814515006265 99.89569752281616 94.69984111984549
89.93814515006265 99.89569752281616 94.69984111984549
89.93814515006265 99.89569752281616 94.69984111984549
89.92331441091524 99.89544533751553 94.68963938656178
89.9455441609031 99.89561359632908 94.69984111984549
90.39829018855865 99.23220357573763 95.34339093979027
89.6853077563315 99.89561359632908 94.55648296956815
89.67015956180043 99.89527653539871 94.5439240098521
89.6853077563315 99.89527653539871 94.54811676376211
89.6853077563315 99.89527653539871 94.54811676376211
89.6853077563315 99.89527653539871 94.54811676376211
89.65496680844298 99.89519192977859 94.537622773431
89.66256876725389 99.89519192977859 94.53972480213004
89.66256876725389 99.89519192977859 94.53972480213004
89.66256876725389 99.89519192977859 94.53972480213004
89.65496680844298 99.89519192977859 94.537622773431
89.67773921665841 99.89569752281616 94.55648296956815
89.67773921665841 99.89569752281616 94.55648296956815
89.67773921665841 99.89569752281616 94.55648296956815
89.66256876725389 99.89544533751553 94.54602119260336
89.67773921665841 99.89561359632908 94.5543938262385
89.67773921665841 99.89561359632908 94.5543938262385
89.67773921665841 99.89561359632908 94.5543938262385
89.66256876725389 99.81470177886293 94.5054716647787
89.6853077563315 99.81470177886293 94.5118026864866
89.6853077563315 99.81470177886293 94.5118026864866
89.6853077563315 99.81470177886293 94.5118026864866
89.8263570831176 99.4726433750824 94.91684773524987
89.83384737837031 99.4726433750824 94.91881167441132
89.83384737837031 99.4726433750824 94.91881167441132
90.15496445402988 99.07568771922084 95.27497982328342
90.14768480585144 99.07568771922084 95.27314669183181
89.82559294426126 99.50377090392392 94.90878058426217
89.82559294426126 99.50377090392392 94.90878058426217
89.82559294426126 99.50377090392392 94.90878058426217
89.81061510304767 99.5025638778104 94.89895935434089
89.82559294426126 99.50336921326682 94.90681936491411
89.82559294426126 99.50336921326682 94.90681936491411
89.82559294426126 99.50336921326682 94.90681936491411
89.81061510304767 99.5017559262511 94.89502024460492
89.83306536453681 99.58330591924907 94.86434108527132
89.83306536453681 99.58330591924907 94.86434108527132
89.83306536453681 99.58330591924907 94.86434108527132
89.80310963349326 99.58296751536434 94.85442264930943
89.81061510304767 99.58296751536434 94.85640940017531
90.23425007994884 99.07346128391794 95.31993875967366
89.69819792970534 99.37093084638396 94.8890860692103
89.69061915934307 99.37093084638396 94.88711125963366
90.14064837905237 98.79286754645364 95.3981076918241
90.14064837905237 98.79286754645364 95.3981076918241
90.14064837905237 98.79286754645364 95.3981076918241
90.12607140716469 98.78990332500055 95.38917000860856
89.82737728690331 99.11047660882934 95.0840191507338
89.82737728690331 99.11047660882934 95.0840191507338
90.46714014204261 98.31540266524992 95.79545812797528
90.45300635130532 98.39336040654196 95.74831006380694
90.47419135580344 98.39336040654196 95.75327338696955
90.47419135580344 98.39336040654196 95.75327338696955
90.47419135580344 98.39336040654196 95.75327338696955
90.44592372779404 98.39204015457736 95.74499473129609
90.45300635130532 98.39204015457736 95.74665304359733
90.45300635130532 98.39204015457736 95.74665304359733
90.45300635130532 98.39204015457736 95.74665304359733
90.44592372779404 98.39204015457736 95.74499473129609
90.46007848162088 98.39599441699714 95.75327338696955
90.46007848162088 98.39599441699714 95.75327338696955
90.46007848162088 98.39599441699714 95.75327338696955
90.44592372779404 98.30847540509903 95.78233874113195
90.46714014204261 98.31540266524992 95.79545812797528
90.42734017237586 97.22334094061843 96.25875122754776
89.92920213189086 97.73587425976224 95.75219008004034
89.91435968930492 97.72838954657136 95.74226152874289
89.93660698316806 97.81284174347759 95.7099907493062
89.93660698316806 97.81284174347759 95.7099907493062
89.93660698316806 97.81284174347759 95.7099907493062
89.906922049708 97.81103417467054 95.70163150521893
89.91435968930492 97.81103417467054 95.7033059591493
89.91435968930492 97.81103417467054 95.7033059591493
89.28133528457856 98.61720515888844 94.99122183672615
89.27348651269568 98.61720515888844 94.98928440750613
89.91462856460568 97.82555419405146 95.70194248234107
89.91462856460568 97.82555419405146 95.70194248234107
89.28917257870087 98.62059818290338 94.99895659432387
89.27348651269568 98.61720515888844 94.98928440750613
89.29699842022116 98.70556584634383 94.9681210151269
89.46660335549225 98.05814469596093 95.34956696372537
89.46660335549225 96.96052041274113 95.8307051848114
89.45115910441847 96.95039611091106 95.82095214010242
89.47430853482533 96.95039611091106 95.8258343595087
89.47430853482533 96.95039611091106 95.8258343595087
89.47430853482533 96.95039611091106 95.8258343595087
89.44341998294767 97.03366942743969 95.78031940125442
89.45115910441847 97.03366942743969 95.78196455290721
89.45115910441847 97.03366942743969 95.78196455290721
89.44341998294767 97.03366942743969 95.78031940125442
89.44341998294767 97.03366942743969 95.78031940125442
89.45888688696616 97.04106144624296 95.78853235139401
89.77706247019552 96.6256424127671 96.15067798758079
90.48201222567391 96.11008924313646 96.77106843248308
91.7297055474215 94.91213965774664 98.00563039984468
91.74833120295412 94.84467641874413 98.05098418844788
91.74833120295412 94.84467641874413 98.05098418844788
91.73592343486477 94.8271505685081 98.0463190580929
91.73592343486477 94.8271505685081 98.0463190580929
91.75452112561835 94.8271505685081 98.04865441152715
91.79918864097363 94.57044831794423 98.18611221947826
91.57700272037029 94.82275047128603 97.95808357410841
91.57700272037029 94.82275047128603 97.95808357410841
91.58332488081955 94.82275047128603 97.95889776168461
92.45545771042391 93.9499304589708 98.8354898336414
92.44973664255119 93.9499304589708 98.83502115671196
91.9110006316347 94.38814377063183 98.33762635554882
91.92317864626777 94.49237352474292 98.30166270783847
91.92317864626777 94.49237352474292 98.30166270783847
91.9110006316347 94.47827290340437 98.29826364472332
92.14004126069817 94.22699003537328 98.53811950981456
92.97487499228347 93.04406590077599 99.53447710632717
93.54464710875551 92.4248816387756 99.87138192971078
93.53474194953034 92.39851357072298 99.87106727643396
93.53969832587435 92.40512278228175 99.8711723317808
93.55452196382429 92.40512278228175 99.87132959419334
93.55452196382429 92.40512278228175 99.87132959419334
93.53474194953034 92.39851357072298 99.87106727643396
93.53969832587435 92.8822289861859 99.91755886297183
93.53969832587435 92.8822289861859 99.91755886297183
93.7845361253064 92.34534202414288 99.7087217962156
93.37138838907157 92.8822289861859 99.82209727545272
93.38151781104801 92.90067957310666 99.82245797076035
93.38151781104801 92.90067957310666 99.82245797076035
93.38151781104801 92.90067957310666 99.82245797076035
93.36631204205821 92.97494561021826 99.78146517169809
93.37645697280318 92.99918405408556 99.78199664778765
93.37645697280318 92.99918405408556 99.78199664778765
93.37645697280318 92.99918405408556 99.78199664778765
93.36631204205821 92.97494561021826 99.78146517169809
93.38657092154678 92.98102094240838 99.78190824803279
93.38657092154678 92.98102094240838 99.78190824803279
93.38657092154678 92.98102094240838 99.78190824803279
93.36631204205821 92.97494561021826 99.78146517169809
93.37138838907157 92.97494561021826 99.78155393093152
93.37138838907157 92.97494561021826 99.78155393093152
93.37138838907157 92.97494561021826 99.78155393093152
93.37138838907157 92.97494561021826 99.78155393093152
93.38151781104801 92.99314013719726 99.78199664778765
93.38151781104801 92.99314013719726 99.78199664778765
93.38151781104801 92.99314013719726 99.78199664778765
93.36631204205821 92.97494561021826 99.78146517169809
93.37645697280318 92.99918405408556 99.78199664778765
93.37645697280318 92.99918405408556 99.78199664778765
93.37645697280318 92.99918405408556 99.78199664778765
93.36631204205821 92.97494561021826 99.78146517169809
92.69986276397452 93.60767729342876 99.11819458506156
92.39893834218049 93.9526588845655 98.79660575545813
92.39893834218049 93.9526588845655 98.79660575545813
92.37590104849279 93.94747212499131 98.79418512357157
92.38167345351859 93.94747212499131 98.79467002869316
92.38167345351859 93.94747212499131 98.79467002869316
92.38167345351859 93.94747212499131 98.79467002869316
92.38167345351859 93.94747212499131 98.79467002869316
92.39319208058355 93.87221437993196 98.83675506749425
92.39319208058355 93.87221437993196 98.83675506749425
92.39319208058355 93.87221437993196 98.83675506749425
91.69986989754432 94.64594127806562 98.10509949577292
91.71233710875654 94.6641268675556 98.1096306509118
91.71233710875654 94.6641268675556 98.1096306509118
91.53953686257825 94.88847157971877 97.9134641225477
92.09489393846594 95.30892448512586 98.03735393446338
92.29906389574369 95.31289297391224 98.1427185512558
92.51604726276626 95.0369079822108 98.38664361357252
92.51604726276626 95.0369079822108 98.38664361357252
92.49333606725446 95.03269473442698 98.38341183476803
92.49902677894565 95.03269473442698 98.38405922590701
92.49902677894565 95.03269473442698 98.38405922590701
92.49902677894565 95.03269473442698 98.38405922590701
92.49902677894565 95.03269473442698 98.38405922590701
92.24429847823427 95.49494120864097 98.03887800572622
92.57477429524843 95.20360129792971 98.35329179669363
93.12574652992298 94.58937642218494 98.93444848748167
93.11525451695405 94.57553691584478 98.93230300391815
93.12574652992298 94.5939739114459 98.93487654991205
93.12574652992298 94.5939739114459 98.93487654991205
93.12574652992298 94.5939739114459 98.93487654991205
92.92585954720558 94.95074739960046 98.66223641062393
92.94736193547062 94.95503349545746 98.66491834545238
92.94736193547062 94.95503349545746 98.66491834545238
92.94736193547062 94.95503349545746 98.66491834545238
92.92585954720558 94.95074739960046 98.66223641062393
92.74796614347933 96.0959324112557 98.04976970455306
92.74796614347933 96.0959324112557 98.04976970455306
92.74796614347933 96.0959324112557 98.04976970455306
92.74796614347933 96.0959324112557 98.04976970455306
92.75897435897436 96.10574962620633 98.05365370537828
92.75897435897436 96.10574962620633 98.05365370537828
92.75897435897436 96.10574962620633 98.05365370537828
92.74796614347933 96.0959324112557 98.04976970455306
92.75897435897436 96.10901106860726 98.05442864982943
92.75897435897436 96.10901106860726 98.05442864982943
92.75897435897436 96.10901106860726 98.05442864982943
92.74244947470137 96.0959324112557 98.04899104348765
92.76446594379651 96.09921031133702 98.05287814334177
92.76446594379651 96.09921031133702 98.05287814334177
92.76446594379651 96.09921031133702 98.05287814334177
92.74244947470137 96.0959324112557 98.04899104348765
92.74796614347933 96.0959324112557 98.04976970455306
92.74796614347933 96.0959324112557 98.04976970455306
92.74796614347933 96.0959324112557 98.04976970455306
92.74796614347933 96.0959324112557 98.04976970455306
92.75897435897436 96.19276126666516 98.01461330693326
92.75897435897436 96.19276126666516 98.01461330693326
92.75897435897436 96.19276126666516 98.01461330693326
92.56540638071024 97.52262342084043 97.30560075361822
92.57666953281742 97.53080907304876 97.31198872252718
92.57666953281742 97.53080907304876 97.31198872252718
92.57666953281742 97.53080907304876 97.31198872252718
92.55976197804453 97.52262342084043 97.30453313914263
92.58228832109322 97.52467491775027 97.30986276773118
92.58228832109322 97.52467491775027 97.30986276773118
92.58228832109322 97.52467491775027 97.30986276773118
92.55976197804453 97.4376218979084 97.34310385464207
92.56540638071024 97.4376218979084 97.34415660908769
92.56540638071024 97.4376218979084 97.34415660908769
92.56540638071024 97.4376218979084 97.34415660908769
92.56540638071024 97.4376218979084 97.34415660908769
92.57666953281742 97.44398228901113 97.34940789192424
92.57666953281742 97.44398228901113 97.34940789192424
92.56540638071024 97.4376218979084 97.34415660908769
92.56540638071024 97.4376218979084 97.34415660908769
92.57666953281742 97.53080907304876 97.31198872252718
92.57666953281742 97.53080907304876 97.31198872252718
92.57104222581901 97.52467491775027 97.30773344742754
92.55976197804453 97.52262342084043 97.30453313914263
92.58228832109322 97.52467491775027 97.30986276773118
92.58228832109322 97.52467491775027 97.30986276773118
92.56540638071024 97.52262342084043 97.30560075361822
92.55976197804453 97.52262342084043 97.30453313914263
92.56540638071024 97.52262342084043 97.30560075361822
92.33254934042336 97.80418611923962 97.0500309623967
91.47569549976699 98.79661991771003 96.12940069163169
91.47569549976699 98.79661991771003 96.12940069163169
91.48845772553462 98.71687279151944 96.17451719513869
91.31110797003413 99.77928321678323 95.59312784022333
91.29810511840482 99.8599133213676 95.5473800388921
91.29810511840482 99.8599133213676 95.5473800388921
91.31110797003413 99.7794615367819 95.5948384389425
91.31110797003413 99.7794615367819 95.5948384389425
91.31191676281857 99.50135096544604 95.72078715604061
90.91990164066594 99.96938953996852 95.2931305715784
90.94690727864636 99.96941428352959 95.30224525043178
90.94690727864636 99.96941428352959 95.30224525043178
90.99447736525981 99.96938953996852 95.33193497640274
90.99447736525981 99.96938953996852 95.33193497640274
91.00118829429418 99.94975203722719 95.29678068410463
91.00118829429418 99.94975203722719 95.29678068410463
90.92666814364263 99.94975203722719 95.25800637156271
90.9334245693125 99.94987359428123 95.26534968400787
90.94017094017094 99.94987359428123 95.26718195985734
90.94017094017094 99.94987359428123 95.26718195985734
90.92666814364263 99.86902423051735 95.22108505043944
90.9334245693125 99.8693408244594 95.22848267422523
90.94017094017094 99.8694460159276 95.23217290427766
90.94017094017094 99.8694460159276 95.23217290427766
90.91990164066594 99.70795920146456 95.14544807221094
90.94690727864636 99.62792114539361 95.11805265357292
90.94690727864636 99.62792114539361 95.11805265357292
90.94690727864636 99.62792114539361 95.11805265357292
91.32765561467036 99.63583713583714 95.66603870886262
90.99385761756118 99.91700882327247 95.27780979223202
90.99385761756118 99.91700882327247 95.27780979223202
90.99385761756118 99.91700882327247 95.27780979223202
90.98714176306986 99.91700882327247 95.27597844999266
91.00056347098125 99.9978195455933 95.32201687004206
91.00056347098125 99.9978195455933 95.32201687004206
91.00056347098125 99.9978195455933 95.32201687004206
90.98714176306986 99.9978142554261 95.31294236072519
91.00056347098125 99.92150364135885 95.36073843062562
91.00056347098125 99.92150364135885 95.36073843062562
91.00056347098125 99.92150364135885 95.36073843062562
90.98714176306986 99.99781602166506 95.31476007798251
91.01394526383476 99.99781778505182 95.32382755698758
91.01394526383476 99.99781778505182 95.32382755698758
91.01394526383476 99.99781778505182 95.32382755698758
90.98714176306986 99.9978142554261 95.31294236072519
90.74390464513276 99.16549257613525 94.7990321840519
90.74390464513276 99.16549257613525 94.7990321840519
90.74390464513276 99.16549257613525 94.7990321840519
90.73701572997545 99.16549257613525 94.79702448643178
90.82509841728931 99.16749556718419 94.84557552533478
90.82509841728931 99.16749556718419 94.84557552533478
90.82509841728931 99.16749556718419 94.84557552533478
90.8858671601561 99.40609082041834 94.99003641143882
90.89941351329638 99.56718388192776 95.07484608894028
90.89941351329638 99.56718388192776 95.07484608894028
90.89941351329638 99.56718388192776 95.07484608894028
90.81144144506578 99.24569199089628 94.8742292564346
90.83871485299426 99.24629645672702 94.88410354666055
90.83871485299426 99.24629645672702 94.88410354666055
90.83871485299426 99.24629645672702 94.88410354666055
90.81144144506578 99.32480840624389 94.90890107021666
90.81144144506578 99.32480840624389 94.90890107021666
90.81144144506578 99.32480840624389 94.90890107021666
90.81144144506578 99.32480840624389 94.90890107021666
90.80459770114942 99.32480840624389 94.90693350602687
90.82509841728931 99.32643160356926 94.91871613172155
90.82509841728931 99.32643160356926 94.91871613172155
90.81827500954755 99.32643160356926 94.9167561481605
90.81827500954755 99.32643160356926 94.9167561481605
90.8319116909182 99.32858376511227 94.92849342139476
90.8319116909182 99.32858376511227 94.92849342139476
90.8319116909182 99.32858376511227 94.92849342139476
90.81144144506578 99.16616130988479 94.83761967336211
90.83871485299426 99.08748864766682 94.8110459066883
90.83871485299426 99.08748864766682 94.8110459066883
90.83871485299426 99.08748864766682 94.8110459066883
90.81144144506578 99.08602616304253 94.7990321840519
90.81144144506578 99.08602616304253 94.7990321840519
90.81144144506578 99.08602616304253 94.7990321840519
90.81144144506578 99.08602616304253 94.7990321840519
90.80459770114942 99.08602616304253 94.79702448643178
90.82509841728931 99.16749556718419 94.84557552533478
90.82509841728931 99.16749556718419 94.84557552533478
90.82509841728931 99.16749556718419 94.84557552533478
90.81827500954755 99.16749556718419 94.84358886215193
90.8319116909182 99.17015131266974 94.85548592273875
90.8319116909182 99.17015131266974 94.85548592273875
90.8319116909182 99.17015131266974 94.85548592273875
90.4856392680336 98.93046972905233 94.55263841954769
90.5137787014648 98.93132407867182 94.56309672063097
90.5137787014648 98.93132407867182 94.56309672063097
90.5137787014648 98.93132407867182 94.56309672063097
90.55979796765077 98.92961401232566 94.5890282718592
90.55979796765077 98.92961401232566 94.5890282718592
90.55979796765077 98.92961401232566 94.5890282718592
90.55979796765077 98.92961401232566 94.5890282718592
90.4785783055199 98.92961401232566 94.54844382472606
90.49972982168231 98.93217706445768 94.56100827424395
90.49972982168231 98.93217706445768 94.56100827424395
90.49972982168231 98.93217706445768 94.56100827424395
90.49268976567194 98.93217706445768 94.55891822279459
90.50675945924326 98.93557543437123 94.57143449247731
90.50675945924326 98.93557543437123 94.57143449247731
90.50675945924326 98.93557543437123 94.57143449247731
90.4856392680336 98.93046972905233 94.55263841954769
90.5137787014648 98.93132407867182 94.56309672063097
90.34046712009095 98.31999485055893 94.18775324567932
90.34046712009095 98.31999485055893 94.18775324567932
90.13705188820396 98.10438735686408 93.98001260838561
90.87855505048474 98.88043572231348 94.73881607734461
90.87855505048474 98.88043572231348 94.73881607734461
90.87855505048474 98.88043572231348 94.73881607734461
90.86495850455242 98.88043572231348 94.73475686045542
90.87855505048474 98.88311520300135 94.74489318084852
90.87855505048474 98.88311520300135 94.74489318084852
90.87855505048474 98.88311520300135 94.74489318084852
90.87176184054266 98.88311520300135 94.74286904018322
90.89211118251927 98.96536889653689 94.79341933071602
90.89211118251927 98.96536889653689 94.79341933071602
90.88533815696915 98.88400551533954 94.74893678967672
90.87176184054266 98.80238228820508 94.70231090467908
90.8988741495916 98.80333771750146 94.71249792117081
90.8988741495916 98.80333771750146 94.71249792117081
90.89211118251927 98.80238228820508 94.70842781950195
90.87855505048474 98.80142533203757 94.70231090467908
90.87855505048474 98.80142533203757 94.70231090467908
90.87855505048474 98.80142533203757 94.70231090467908
90.87176184054266 98.80142533203757 94.70026878919843
91.0263136653483 98.88043572231348 94.82175655368175
91.03969373362885 98.88311520300135 94.83173452488829
91.03969373362885 98.88311520300135 94.83173452488829
91.03300869074265 98.88311520300135 94.82974200808569
91.03300869074265 98.88311520300135 94.82974200808569
91.05303396104941 99.04419520805976 94.91664673398712
91.05303396104941 99.04419520805976 94.91664673398712
91.03300869074265 99.03960545954014 94.89898146602104
91.03300869074265 99.03960545954014 94.89898146602104
91.05968919000422 99.0403734762687 94.90881063233655
91.05968919000422 99.0403734762687 94.90881063233655
91.03969373362885 99.11822692116039 94.93563844780607
91.03969373362885 99.11822692116039 94.93563844780607
91.03969373362885 99.11822692116039 94.93563844780607
91.03969373362885 99.11822692116039 94.93563844780607
91.0263136653483 99.11822692116039 94.9317229634428
91.03300869074265 99.04114026563006 94.90291768337191
91.03969373362885 99.04114026563006 94.90488351487987
91.03969373362885 99.04114026563006 94.90488351487987
91.03300869074265 99.04114026563006 94.90291768337191
91.03300869074265 99.04114026563006 94.90291768337191
91.05303396104941 99.04419520805976 94.91664673398712
91.05303396104941 99.04419520805976 94.91664673398712
91.03300869074265 99.03960545954014 94.89898146602104
91.05303396104941 99.0403734762687 94.90684783061727
91.05968919000422 99.0403734762687 94.90881063233655
91.05968919000422 99.0403734762687 94.90881063233655
91.04636881631667 99.03883621249513 94.90095033433826
91.04636881631667 99.03883621249513 94.90095033433826
91.04636881631667 99.03883621249513 94.90095033433826
91.04636881631667 99.03883621249513 94.90095033433826
91.0263136653483 99.03883621249513 94.89503916449085
91.03969373362885 99.04114026563006 94.90488351487987
91.03969373362885 99.04114026563006 94.90488351487987
91.03969373362885 99.04114026563006 94.90488351487987
91.03300869074265 99.04114026563006 94.90291768337191
91.05303396104941 99.04419520805976 94.91664673398712
91.05303396104941 99.04419520805976 94.91664673398712
91.05303396104941 99.04419520805976 94.91664673398712
91.03300869074265 99.03960545954014 94.89898146602104
90.93228852722524 99.5979047577648 95.0980903955982
90.18931845356715 98.86515641855448 94.35823060188542
90.18931845356715 98.86515641855448 94.35823060188542
90.17482936175308 98.86334168899646 94.34956734659998
90.2486728136351 98.86334168899646 94.38795625739246
90.2486728136351 98.86334168899646 94.38795625739246
90.2486728136351 98.86334168899646 94.38795625739246
90.22702270227023 98.86334168899646 94.38148559794746
90.24146677584933 98.94498381877023 94.42848401248717
90.24146677584933 98.94498381877023 94.42848401248717
90.24146677584933 98.94498381877023 94.42848401248717
90.23425007994884 98.94498381877023 94.42634516818494
90.25586821689967 98.9483418641662 94.44128268540267
90.25586821689967 98.9483418641662 94.44128268540267
90.25586821689967 98.9483418641662 94.44128268540267
90.24146677584933 98.94582533899585 94.4306212158912
90.263053009167 98.9466655178356 94.43915365823361
90.263053009167 98.9466655178356 94.43915365823361
90.263053009167 98.9466655178356 94.43915365823361
90.24146677584933 98.94245117757737 94.42206254932093
90.2360664897332 99.5300874559457 94.68562328916829
89.34993084370679 98.82490171512507 93.87950961776603
89.171974522293 98.60976398318785 93.68422136634193
89.14822134387353 98.60976398318785 93.67699365946697
89.16406835852706 98.61308218294414 93.68903066474583
89.16406835852706 98.61308218294414 93.68903066474583
89.16406835852706 98.61308218294414 93.68903066474583
89.15615064083575 98.61308218294414 93.68662693143098
89.171974522293 98.61638458073236 93.69862732204504
89.171974522293 98.61638458073236 93.69862732204504
89.171974522293 98.61638458073236 93.69862732204504
89.15615064083575 98.5346883527061 93.65095698703438
89.18775228906173 98.53701439389064 93.66542781462392
89.18775228906173 98.53701439389064 93.66542781462392
89.18775228906173 98.53701439389064 93.66542781462392
89.16406835852706 98.53118538938664 93.64611867443824
89.171974522293 98.53118538938664 93.6485387521489
89.171974522293 98.53118538938664 93.6485387521489
89.171974522293 98.53118538938664 93.6485387521489
89.14822134387353 98.53118538938664 93.64127298210899
89.4040128220349 99.173929027096 94.07528337173619
88.87643101616901 98.5346883527061 93.4956511023711
88.87643101616901 98.5346883527061 93.4956511023711
88.86832936359521 98.5346883527061 93.4931788297173
88.88452088452088 98.5381746474043 93.5055214346502
88.88452088452088 98.5381746474043 93.5055214346502
88.88452088452088 98.5381746474043 93.5055214346502
88.86832936359521 98.5346883527061 93.4931788297173
88.90066537125361 98.53701439389064 93.50798433880655
88.90066537125361 98.53701439389064 93.50798433880655
88.90066537125361 98.53701439389064 93.50798433880655
88.87643101616901 98.45273192881275 93.45268069100887
88.88452088452088 98.45273192881275 93.45516929651545
88.88452088452088 98.45273192881275 93.45516929651545
88.88452088452088 98.45273192881275 93.45516929651545
88.86021590103222 98.45273192881275 93.44769779807267
88.86832936359521 98.45273192881275 93.45019019224839
88.86832936359521 98.45273192881275 93.45019019224839
88.86832936359521 98.45273192881275 93.45019019224839
88.86021590103222 98.45273192881275 93.44769779807267
88.88452088452088 98.46008866805165 93.47006129184348
88.98947161271278 98.25806313719623 93.43558533636606
88.98947161271278 98.25806313719623 93.43558533636606
88.97341400445399 98.25392064444254 93.42311916811235
89.00548252078052 98.2566844919786 93.43807290119727
89.00548252078052 98.2566844919786 93.43807290119727
89.00548252078052 98.2566844919786 93.43807290119727
88.98144865886802 98.24975840223344 93.41811943334395
88.98947161271278 98.24975840223344 93.4206202505648
88.98947161271278 98.24975840223344 93.4206202505648
88.98947161271278 98.24975840223344 93.4206202505648
88.96536762385611 98.24975840223344 93.41311209121098
88.97341400445399 98.24975840223344 93.41561671428278
88.97341400445399 98.24975840223344 93.41561671428278
88.97341400445399 98.24975840223344 93.41561671428278
88.96536762385611 98.24975840223344 93.41311209121098
88.98947161271278 98.33582887700535 93.47101932045302
88.98947161271278 98.33582887700535 93.47101932045302
88.98947161271278 98.33582887700535 93.47101932045302
89.00548252078052 98.41246036506985 93.50894275611131
89.00548252078052 98.41246036506985 93.50894275611131
89.00548252078052 98.41246036506985 93.50894275611131
89.00548252078052 98.41246036506985 93.50894275611131
88.98947161271278 98.4074105914718 93.49413928068788
88.99748289152836 98.4074105914718 93.4966112138016
88.99748289152836 98.4074105914718 93.4966112138016
88.98144865886802 98.4061431244757 93.48918977269223
88.96536762385611 98.4061431244757 93.48423272802098
88.97341400445399 98.4061431244757 93.48671219351654
88.97341400445399 98.4061431244757 93.48671219351654
88.96536762385611 98.4061431244757 93.48423272802098
88.96536762385611 98.4061431244757 93.48423272802098
88.98947161271278 98.41371780874702 93.50648019030432
88.98947161271278 98.41371780874702 93.50648019030432
88.97341400445399 98.40993948757564 93.49413928068788
88.97341400445399 98.40993948757564 93.49413928068788
88.99748289152836 98.41246036506985 93.50648019030432
88.99748289152836 98.41246036506985 93.50648019030432
88.98144865886802 98.32921722323633 93.45612935701591
88.98144865886802 98.32921722323633 93.45612935701591
88.62452512434888 97.95896536231574 93.08842925352991
88.62452512434888 97.95896536231574 93.08842925352991
88.59146078007777 97.9573484069887 93.07533138022167
88.59146078007777 97.9573484069887 93.07533138022167
88.59974487292709 97.9573484069887 93.07795492478932
88.59974487292709 97.9573484069887 93.07795492478932
88.59146078007777 97.9573484069887 93.07533138022167
88.59146078007777 97.9573484069887 93.07533138022167
88.61627701895 97.96701189106253 93.09887193098871
88.61627701895 97.96701189106253 93.09887193098871
88.59974487292709 97.88482882267566 93.05059965033178
88.60801694383433 97.88649789929408 93.0558535364371
88.62452512434888 97.96540766491074 93.09887193098871
88.62452512434888 97.96540766491074 93.09887193098871
88.60801694383433 97.95896536231574 93.08319605455681
88.61627701895 97.95896536231574 93.08581364426716
88.62452512434888 97.95896536231574 93.08842925352991
88.62452512434888 97.95896536231574 93.08842925352991
88.59146078007777 97.9573484069887 93.07533138022167
88.59974487292709 97.9573484069887 93.07795492478932
88.56672028877468 97.80447655899268 92.9903530398666
88.20851487856822 97.39845014050924 92.60949741729748
88.38489723142034 97.62082577616559 92.80913566627852
88.41010401188707 97.6320428143649 92.83351147757928
88.41010401188707 97.6320428143649 92.83351147757928
88.41010401188707 97.6320428143649 92.83351147757928
88.39331166542664 97.62644754768392 92.81998980112188
88.41848197714174 97.55346486291333 92.79855910126994
88.41848197714174 97.55346486291333 92.79855910126994
88.41848197714174 97.55346486291333 92.79855910126994
88.40171391676938 97.46892029972753 92.7472549879189
88.41848197714174 97.46892029972753 92.752722568026
88.41848197714174 97.46892029972753 92.752722568026
88.41848197714174 97.46892029972753 92.752722568026
88.38489723142034 97.46692515818403 92.73903813178738
88.39331166542664 97.46692515818403 92.74177915174518
88.39331166542664 97.46692515818403 92.74177915174518
88.39331166542664 97.46692515818403 92.74177915174518
88.38489723142034 97.54381476269668 92.7740736580933
88.41010401188707 97.5553857906799 92.79855910126994
88.56247551899725 97.5553857906799 92.88173225780167
88.37727441515038 97.37354909768703 92.69762855894042
88.36044076487973 97.3673595040445 92.68387070493105
88.37727441515038 97.37148913619502 92.69488112912082
88.37727441515038 97.37148913619502 92.69488112912082
88.37727441515038 97.37148913619502 92.69488112912082
88.36044076487973 97.363216875412 92.67835303709742
88.38567299429731 97.363216875412 92.68662642139446
88.38567299429731 97.363216875412 92.68662642139446
88.38567299429731 97.363216875412 92.68662642139446
88.35200564086493 97.36114066822729 92.67282704036882
88.36044076487973 97.36114066822729 92.67559108102321
88.36044076487973 97.36114066822729 92.67559108102321
88.36044076487973 97.36114066822729 92.67559108102321
88.35200564086493 97.36114066822729 92.67282704036882
88.37727441515038 97.44992050874404 92.73250493176872
88.37727441515038 97.44992050874404 92.73250493176872
88.37727441515038 97.44992050874404 92.73250493176872
88.36044076487973 97.44390617032126 92.71880762451991
88.37727441515038 97.4479188764903 92.72976959462896
88.37727441515038 97.4479188764903 92.72976959462896
88.37727441515038 97.4479188764903 92.72976959462896
88.36044076487973 97.43988082570759 92.71331423386316
88.38567299429731 97.43988082570759 92.72155121494185
88.38567299429731 97.43988082570759 92.72155121494185
88.38567299429731 97.43988082570759 92.72155121494185
88.35200564086493 97.4378633953102 92.70781254782725
88.36044076487973 97.4378633953102 92.71056442894152
88.36044076487973 97.4378633953102 92.71056442894152
88.36044076487973 97.4378633953102 92.71056442894152
88.35200564086493 97.4378633953102 92.70781254782725
88.36886368081362 97.44390617032126 92.72155121494185
88.36886368081362 97.44390617032126 92.72155121494185
88.36886368081362 97.44390617032126 92.72155121494185
88.35200564086493 97.4378633953102 92.70781254782725
88.37727441515038 97.52446869493217 92.76468433264135
88.37727441515038 97.52446869493217 92.76468433264135
88.37727441515038 97.52446869493217 92.76468433264135
88.36044076487973 97.51666560177199 92.74830181751423
88.38567299429731 97.51666560177199 92.75650233809102
88.23403259767605 97.51666560177199 92.67341849457988
88.23403259767605 97.51666560177199 92.67341849457988
88.19998435789145 97.51470713615824 92.6595961656129
88.20851487856822 97.4378633953102 92.62742780280026
88.20851487856822 97.4378633953102 92.62742780280026
88.20851487856822 97.4378633953102 92.62742780280026
88.19998435789145 97.4378633953102 92.62464703303873
88.21703307430981 97.44390617032126 92.63852994444557
88.21703307430981 97.44390617032126 92.63852994444557
88.21703307430981 97.44390617032126 92.63852994444557
88.19998435789145 97.4378633953102 92.62464703303873
88.22553897180762 97.4479188764903 92.646834632545
88.22553897180762 97.4479188764903 92.646834632545
88.22553897180762 97.4479188764903 92.646834632545
88.20851487856822 97.43988082570759 92.63020647645435
88.23403259767605 97.43988082570759 92.63852994444557
88.23403259767605 97.43988082570759 92.63852994444557
88.23403259767605 97.43988082570759 92.63852994444557
88.19998435789145 97.51470713615824 92.6595961656129
88.20851487856822 97.51470713615824 92.66236480218559
88.1585627807069 97.4274883938839 92.59534675250592
88.52330437851722 97.66667378263561 92.90386541567017
88.51497193987677 97.66667378263561 92.9011809212208
88.53162473548085 97.67218980278571 92.9145831207266
88.53162473548085 97.67218980278571 92.9145831207266
88.53162473548085 97.67218980278571 92.9145831207266
88.51497193987677 97.66667378263561 92.9011809212208
88.53993303702543 97.75276116703199 92.95766030347528
88.53993303702543 97.75276116703199 92.95766030347528
88.53993303702543 97.75276116703199 92.95766030347528
88.52330437851722 97.74566103793522 92.9416814864782
88.54822930933281 97.74566103793522 92.94967994854674
88.54822930933281 97.74566103793522 92.94967994854674
88.54822930933281 97.74566103793522 92.94967994854674
88.51497193987677 97.7438789898731 92.9363390884543
88.52330437851722 97.7438789898731 92.9390112979909
88.52330437851722 97.7438789898731 92.9390112979909
88.51497193987677 97.7438789898731 92.9363390884543
88.51497193987677 97.7438789898731 92.9363390884543
88.53162473548085 97.74921670183515 92.94967994854674
88.38960835713448 97.78881828649409 92.88993633692458
88.20679145011918 97.57293977137007 92.68787600693382
88.19825984944765 97.57293977137007 92.6851162363694
88.22381769939129 97.65923973126966 92.7420339396899
88.22381769939129 97.65923973126966 92.7420339396899
88.20679145011918 97.65185121992835 92.72560416029367
88.20679145011918 97.65185121992835 92.72560416029367
88.23231240130232 97.65185121992835 92.73382833745836
88.23231240130232 97.65185121992835 92.73382833745836
88.19825984944765 97.72717563122143 92.75513224920631
88.19825984944765 97.72717563122143 92.75513224920631
88.20679145011918 97.72717563122143 92.75786766806809
88.20679145011918 97.72717563122143 92.75786766806809
88.19825984944765 97.72717563122143 92.75513224920631
88.19825984944765 97.72717563122143 92.75513224920631
88.21531072453581 97.73255194459244 92.76878871861754
88.21531072453581 97.73255194459244 92.76878871861754
88.19825984944765 97.72717563122143 92.75513224920631
88.19825984944765 97.72717563122143 92.75513224920631
88.21531072453581 97.73433840126059 92.77151383668938
87.97655671949842 97.27656147341204 92.43259151013284
88.3156802474695 97.62082577616559 92.7712319536052
88.32413820088429 97.62270265660314 92.77668952007836
88.34943875061005 97.62270265660314 92.78486043596563
88.34943875061005 97.62270265660314 92.78486043596563
88.3156802474695 97.62082577616559 92.7712319536052
88.32413820088429 97.62082577616559 92.77396176731749
88.32413820088429 97.62082577616559 92.77396176731749
88.32413820088429 97.62082577616559 92.77396176731749
88.32413820088429 97.62082577616559 92.77396176731749
88.34101742595921 97.62644754768392 92.78757996821645
88.34101742595921 97.62644754768392 92.78757996821645
88.34101742595921 97.62644754768392 92.78757996821645
88.3156802474695 97.62082577616559 92.7712319536052
88.33258391820297 97.70521117166211 92.82256667380028
88.33258391820297 97.70521117166211 92.82256667380028
88.33258391820297 97.70521117166211 92.82256667380028
88.3156802474695 97.69795848637567 92.80629181349266
88.34943875061005 97.69977595220314 92.81985931287593
88.34943875061005 97.73940144302608 92.8378419716328
88.15669010655083 97.363216875412 92.56130291570086
88.12244818222665 97.36114066822729 92.54728607950784
88.13102721274353 97.36114066822729 92.55009367109228
88.13102721274353 97.36114066822729 92.55009367109228
88.13102721274353 97.36114066822729 92.55009367109228
88.13102721274353 97.36114066822729 92.55009367109228
88.14814814814815 97.3673595040445 92.56409995833376
88.14814814814815 97.3673595040445 92.56409995833376
88.14814814814815 97.3673595040445 92.56409995833376
88.12244818222665 97.4378633953102 92.58217684579488
88.13959385911866 97.52252252252252 92.63376285252271
88.13959385911866 97.52252252252252 92.63376285252271
88.13959385911866 97.52252252252252 92.63376285252271
88.12244818222665 97.4378633953102 92.58217684579488
88.15669010655083 97.363216875412 92.56130291570086
88.15669010655083 97.363216875412 92.56130291570086
88.15669010655083 97.363216875412 92.56130291570086
88.12244818222665 97.36114066822729 92.54728607950784
88.13102721274353 97.36114066822729 92.55009367109228
88.13102721274353 97.36114066822729 92.55009367109228
88.25679823275271 97.36114066822729 92.61893359689432
88.25679823275271 97.36114066822729 92.61893359689432
88.27376188338181 97.44390617032126 92.66769083639397
88.27376188338181 97.44390617032126 92.66769083639397
88.27376188338181 97.44390617032126 92.66769083639397
88.24829798888803 97.4378633953102 92.6510925980687
88.26528618870874 97.44591409948833 92.66769083639397
88.26528618870874 97.44591409948833 92.66769083639397
88.26528618870874 97.44591409948833 92.66769083639397
88.24829798888803 97.36114066822729 92.61614987870263
88.28222534332085 97.363216875412 92.63004751197973
88.28222534332085 97.363216875412 92.63004751197973
88.28222534332085 97.363216875412 92.63004751197973
88.24829798888803 97.36114066822729 92.61614987870263
88.25679823275271 97.36114066822729 92.61893359689432
88.25679823275271 97.36114066822729 92.61893359689432
88.25679823275271 97.36114066822729 92.61893359689432
88.25679823275271 97.36114066822729 92.61893359689432
88.27376188338181 97.3673595040445 92.63282076316004
88.27376188338181 97.3673595040445 92.63282076316004
88.27376188338181 97.3673595040445 92.63282076316004
88.20170893377393 97.16263857622222 92.5001781551273
88.21875549134076 97.17152898335945 92.51708971975907
88.38442127501418 97.96798292422625 92.97036878259894
88.38442127501418 97.96798292422625 92.97036878259894
88.36758281583639 97.96154340285213 92.95440362561254
88.40121105576716 97.96315710648494 92.96771294953744
88.40121105576716 97.96315710648494 92.96771294953744
88.40121105576716 97.96315710648494 92.96771294953744
88.36758281583639 97.96154340285213 92.95440362561254
88.37600814345001 97.96154340285213 92.95706951915406
88.37600814345001 97.96154340285213 92.95706951915406
88.37600814345001 97.96154340285213 92.95706951915406
88.37600814345001 97.96154340285213 92.95706951915406
88.3928222369913 97.96637686112832 92.97036878259894
88.3928222369913 97.96637686112832 92.97036878259894
88.3928222369913 97.96637686112832 92.97036878259894
88.37600814345001 97.96154340285213 92.95706951915406
88.3928222369913 97.96798292422625 92.97302261039914
88.3928222369913 97.96798292422625 92.97302261039914
88.67014392721283 98.6014737158693 93.41240632720638
88.27592954990216 98.06863732824591 92.95250176468784
88.30978769903216 98.07016792323509 92.96581440941023
88.30978769903216 98.07016792323509 92.96581440941023
88.30978769903216 98.07016792323509 92.96581440941023
88.27592954990216 98.06863732824591 92.95250176468784
88.28441246064493 98.06863732824591 92.95516832331165
88.28441246064493 98.06863732824591 92.95516832331165
88.28441246064493 98.06863732824591 92.95516832331165
88.28441246064493 98.06863732824591 92.95516832331165
88.30134150866024 98.07322184679869 92.9684709052494
88.30134150866024 98.07322184679869 92.9684709052494
88.30134150866024 98.07322184679869 92.9684709052494
88.28441246064493 98.06863732824591 92.95516832331165
88.30134150866024 98.07474518686297 92.97112539536782
88.30134150866024 98.07474518686297 92.97112539536782
88.30134150866024 98.07474518686297 92.97112539536782
88.27592954990216 97.99091843728581 92.91733136990223
88.30978769903216 97.99250936329588 92.9307053984261
88.30978769903216 97.99250936329588 92.9307053984261
88.10863428404556 97.61229667213848 92.64795669163139
88.38836092877436 97.99091843728581 92.97913490171197
88.39677318295739 97.99091843728581 92.98179214402619
88.39677318295739 97.99091843728581 92.98179214402619
88.39677318295739 97.99091843728581 92.98179214402619
88.39677318295739 97.99091843728581 92.98179214402619
88.41356117780471 98.07322184679869 93.03019160844875
88.41356117780471 98.07322184679869 93.03019160844875
88.40517325715628 98.06863732824591 93.01963993453354
88.39677318295739 98.06863732824591 93.0169970221954
88.41356117780471 98.07474518686297 93.03282454438715
88.41356117780471 98.07474518686297 93.03282454438715
88.40517325715628 97.99250936329588 92.98710059897377
88.38836092877436 97.99091843728581 92.97913490171197
88.42193697125998 97.99250936329588 92.99240102953793
88.42193697125998 97.99250936329588 92.99240102953793
88.39677318295739 97.99091843728581 92.98179214402619
88.38836092877436 97.99091843728581 92.97913490171197
88.39677318295739 97.99091843728581 92.98179214402619
88.39677318295739 97.99091843728581 92.98179214402619
88.54934881531462 97.99091843728581 93.06556638545335
88.54934881531462 97.99091843728581 93.06556638545335
88.56594461200987 97.99568366845446 93.07867602726428
88.56594461200987 97.99568366845446 93.07867602726428
88.54934881531462 98.06863732824591 93.10083474163979
88.54934881531462 98.06863732824591 93.10083474163979
88.56594461200987 98.07474518686297 93.11648630143986
88.56594461200987 98.07474518686297 93.11648630143986
88.54103283804739 97.99091843728581 93.0629384954166
88.54103283804739 97.99091843728581 93.0629384954166
88.57422448380467 97.99250936329588 93.07605806583521
88.57422448380467 97.99250936329588 93.07605806583521
88.61365733016665 97.99091843728581 93.10083474163979
88.61365733016665 97.99091843728581 93.10083474163979
88.62192060254198 97.99091843728581 93.10344827586206
88.62192060254198 97.99091843728581 93.10344827586206
88.54934881531462 97.99091843728581 93.06556638545335
88.55765273122832 97.99568366845446 93.07605806583521
88.56594461200987 97.99568366845446 93.07867602726428
88.56594461200987 97.99568366845446 93.07867602726428
88.71639679295708 97.18121375618666 92.78721992548358
88.72459499263623 97.26410892663995 92.83310901749664
88.73278128801853 97.26625413240654 92.83851248089658
88.73278128801853 97.26625413240654 92.83851248089658
88.70818666299581 97.33421270982703 92.85466102560959
88.74095570501382 97.41293108950492 92.90320605701925
88.74095570501382 97.41293108950492 92.90320605701925
88.74095570501382 97.41293108950492 92.90320605701925
88.71639679295708 97.4108929864157 92.8924724589695
88.72459499263623 97.4108929864157 92.89515890122686
88.72459499263623 97.4108929864157 92.89515890122686
88.72459499263623 97.4108929864157 92.89515890122686
88.71639679295708 97.4108929864157 92.8924724589695
88.73278128801853 97.4936224489796 92.9409603885635
88.73278128801853 97.4936224489796 92.9409603885635
88.73278128801853 97.4936224489796 92.9409603885635
88.71639679295708 97.48769417630889 92.92760972019178
88.73278128801853 97.49559232746353 92.94362447597385
88.73278128801853 97.49559232746353 92.94362447597385
88.73278128801853 97.49559232746353 92.94362447597385
88.71639679295708 97.48967338074351 92.93028389232938
88.74911826945684 97.49164946918282 92.94362447597385
88.74911826945684 97.49164946918282 92.94362447597385
88.74911826945684 97.49164946918282 92.94362447597385
88.71639679295708 97.48769417630889 92.92760972019178
88.65193912616593 97.48769417630889 92.8924724589695
88.65193912616593 97.48769417630889 92.8924724589695
88.65193912616593 97.48769417630889 92.8924724589695
88.64368809935544 97.48769417630889 92.889783984379
88.73278128801853 97.4936224489796 92.9409603885635
88.73278128801853 97.4936224489796 92.9409603885635
88.73278128801853 97.4936224489796 92.9409603885635
88.78910548655871 97.72422169660551 93.07891266344296
88.80538440406578 97.73137625592115 93.09458480808658
88.80538440406578 97.73137625592115 93.09458480808658
88.80538440406578 97.73137625592115 93.09458480808658
88.71639679295708 97.48967338074351 92.93028389232938
88.74911826945684 97.49164946918282 92.94362447597385
88.74911826945684 97.49164946918282 92.94362447597385
88.74911826945684 97.49164946918282 92.94362447597385
88.5736707867373 97.60416444434964 92.902915895874
88.9576354679803 98.73958648077006 93.62922829714473
88.7809482606045 98.52481964035749 93.43482104311
88.01419269310252 97.59375399974401 92.59157397221203
88.00554070663519 97.59375399974401 92.5887807611963
88.03145927425635 97.67635031521554 92.64035801464605
88.03145927425635 97.67635031521554 92.64035801464605
88.03145927425635 97.67635031521554 92.64035801464605
88.02283220665873 97.67635031521554 92.63758737523274
88.04007392277016 97.68365180467092 92.65417999086341
88.04007392277016 97.68365180467092 92.65417999086341
88.04007392277016 97.68365180467092 92.65417999086341
88.01419269310252 97.74983454665784 92.66418708921384
88.04867617899771 97.7516105635906 92.6779902359642
88.04867617899771 97.7516105635906 92.6779902359642
88.04867617899771 97.7516105635906 92.6779902359642
88.01419269310252 97.74805572173318 92.66142021244062
88.01419269310252 97.74805572173318 92.66142021244062
88.01419269310252 97.74805572173318 92.66142021244062
88.00554070663519 97.74805572173318 92.65865124769276
88.00554070663519 97.74805572173318 92.65865124769276
88.03145927425635 97.75338377917511 92.67523376372313
88.03145927425635 97.75338377917511 92.67523376372313
88.03145927425635 97.75338377917511 92.67523376372313
88.02283220665873 97.75338377917511 92.67247521527594
88.04007392277016 97.76044876017254 92.68899540967624
88.04007392277016 97.76044876017254 92.68899540967624
88.04007392277016 97.76044876017254 92.68899540967624
88.01419269310252 97.74983454665784 92.66418708921384
88.04867617899771 97.7516105635906 92.6779902359642
88.04867617899771 97.7516105635906 92.6779902359642
88.04867617899771 97.7516105635906 92.6779902359642
88.01419269310252 97.74805572173318 92.66142021244062
88.01419269310252 97.74805572173318 92.66142021244062
88.01419269310252 97.74805572173318 92.66142021244062
88.01419269310252 97.74805572173318 92.66142021244062
88.00554070663519 97.74805572173318 92.65865124769276
88.03145927425635 97.75338377917511 92.67523376372313
88.03145927425635 97.75338377917511 92.67523376372313
88.03145927425635 97.75338377917511 92.67523376372313
88.18087784695253 97.9057256308441 92.82837654591614
88.19792255373882 97.91232177058949 92.84457239351799
88.19792255373882 97.91232177058949 92.84457239351799
88.19792255373882 97.91232177058949 92.84457239351799
88.17233701808523 97.90241190557646 92.82025109727468
88.2064264849075 97.82673668929593 92.79880234642334
88.2064264849075 97.82673668929593 92.79880234642334
88.2064264849075 97.82673668929593 92.79880234642334
88.18087784695253 97.90075110740194 92.82025109727468
88.18087784695253 97.90075110740194 92.82025109727468
88.18087784695253 97.90075110740194 92.82025109727468
88.18087784695253 97.90075110740194 92.82025109727468
88.16378383660705 97.90075110740194 92.81482389474544
88.18087784695253 97.9057256308441 92.82837654591614
88.18087784695253 97.9057256308441 92.82837654591614
88.18087784695253 97.9057256308441 92.82837654591614
88.17233701808523 97.98312146138232 92.86071403063046
88.19792255373882 97.98947884054266 92.87953106873181
88.19792255373882 97.98947884054266 92.87953106873181
88.1894063499493 97.98471457239229 92.86879063984182
88.17233701808523 97.97992767113908 92.85531945309549
88.33200070206915 97.98152582962709 92.93793666173696
88.33200070206915 97.98152582962709 92.93793666173696
88.32357533177205 97.97992767113908 92.93260250482285
88.30668803502326 97.97832697991177 92.92458614347026
88.30668803502326 97.97832697991177 92.92458614347026
88.30668803502326 97.97832697991177 92.92458614347026
88.29822605566314 97.97832697991177 92.92190998027048
88.28975182024583 97.97832697991177 92.91923179187205
88.30668803502326 97.98312146138232 92.93260250482285
88.30668803502326 97.98312146138232 92.93260250482285
88.29822605566314 97.98312146138232 92.92993240345538
88.29822605566314 97.98312146138232 92.92993240345538
88.32357533177205 97.98947884054266 92.94858085606917
88.32357533177205 97.98947884054266 92.94858085606917
88.29822605566314 97.8250186945839 92.85437131129129
88.29822605566314 97.8250186945839 92.85437131129129
88.33200070206915 97.82673668929593 92.86784414843201
88.33200070206915 97.82673668929593 92.86784414843201
88.30668803502326 97.82329798152583 92.85437131129129
87.8738963009063 96.99783742526397 92.24214882739594
88.55938847510781 97.82329798152583 92.99300527672108
88.55938847510781 97.82329798152583 92.99300527672108
88.54277077690104 97.82329798152583 92.98769879444092
88.54277077690104 97.82329798152583 92.98769879444092
88.55938847510781 97.82845197209838 93.00094995863083
88.55938847510781 97.82845197209838 93.00094995863083
88.55108565600298 97.82845197209838 92.99830373382927
88.55108565600298 97.82845197209838 92.99830373382927
88.57595803812582 97.8352861122334 93.0167853976213
88.57595803812582 97.8352861122334 93.0167853976213
88.55108565600298 97.8250186945839 92.99300527672108
88.56767926043442 97.82673668929593 93.00094995863083
88.58422483424928 97.74952537383477 92.97112539536782
88.58422483424928 97.74952537383477 92.97112539536782
88.56767926043442 97.7459673111847 92.96049539146962
88.56767926043442 97.7459673111847 92.96049539146962
88.56767926043442 97.7459673111847 92.96049539146962
88.56767926043442 97.7459673111847 92.96049539146962
88.54277077690104 97.7459673111847 92.95250176468784
88.7298220808295 98.03338962399265 93.18751727173168
88.55938847510781 97.82845197209838 93.00094995863083
88.55938847510781 97.82845197209838 93.00094995863083
88.55108565600298 97.82845197209838 92.99830373382927
88.57595803812582 97.8352861122334 93.0167853976213
88.57595803812582 97.8352861122334 93.0167853976213
88.57595803812582 97.8352861122334 93.0167853976213
88.88582622905633 98.22796215647995 93.35961562153506
88.8454818508412 98.30733915431318 93.36969001148105
88.8454818508412 98.30733915431318 93.36969001148105
88.8454818508412 98.30733915431318 93.36969001148105
88.82925390740195 98.30464771481982 93.35961562153506
88.90199547822668 98.30464771481982 93.3976017412016
88.90199547822668 98.30464771481982 93.3976017412016
88.90199547822668 98.30464771481982 93.3976017412016
88.87772392323757 98.3828652531074 93.425598420663
88.89391673880537 98.38671615214639 93.43808047946963
88.89391673880537 98.38671615214639 93.43808047946963
88.89391673880537 98.38671615214639 93.43808047946963
88.88582622905633 98.38671615214639 93.43558786086814
88.5326395273773 97.51181569633131 92.84551687656406
89.05352223534042 97.7895385661757 93.25629157342978
89.05352223534042 97.7895385661757 93.25629157342978
89.0375596106097 97.70729111229377 93.20821522497724
89.06148612777002 97.63225573338434 93.18325741016893
89.06148612777002 97.63225573338434 93.18325741016893
89.06148612777002 97.63225573338434 93.18325741016893
89.35273992920284 97.91960960575318 93.46997091140827
89.36052485969489 97.91960960575318 93.4724534040236
89.36052485969489 97.91960960575318 93.4724534040236
89.36052485969489 97.91960960575318 93.4724534040236
89.33713584061157 97.91960960575318 93.46500025716196
89.35273992920284 97.92454038818782 93.47741273100615
89.35273992920284 97.92454038818782 93.47741273100615
89.35273992920284 97.92454038818782 93.47741273100615
89.34494359786265 97.92454038818782 93.47493400983946
89.36052485969489 97.92944785276073 93.487308812072
89.36052485969489 97.92944785276073 93.487308812072
89.36052485969489 97.92944785276073 93.487308812072
89.34494359786265 97.92454038818782 93.47493400983946
89.49437869237913 98.3934882724644 93.7674724551883
88.73520883943264 97.7278046082165 93.04925188939998
88.73520883943264 97.7278046082165 93.04925188939998
88.71065910117213 97.71882609252852 93.02820431504537
88.92472272476992 97.71882609252852 93.14323743216954
89.41176470588236 98.18860797527579 93.62348073974209
89.41176470588236 98.18860797527579 93.62348073974209
89.38847495244134 98.26664089181004 93.65188979705424
89.4040128220349 98.27076369246593 93.66397135979261
89.4040128220349 98.27076369246593 93.66397135979261
89.4040128220349 98.27076369246593 93.66397135979261
89.39624957921626 98.27076369246593 93.66155872757773
89.41176470588236 98.27486692746746 93.67360354993119
90.04560027081384 99.02849880447192 94.36373419424267
90.04560027081384 99.02849880447192 94.36373419424267
90.03091035995612 99.02617032302643 94.3529241008947
90.06024695285626 99.02772388220585 94.36589124835797
90.69502012374602 99.78494156493028 95.05808804376139
90.69502012374602 99.78494156493028 95.05808804376139
90.67429259482239 99.86466428010128 95.07956755400348
90.68121202398379 99.90609918546502 95.10035542546518
90.49610758670376 99.59619014177238 95.22478672737739
90.30454318522216 99.82921702574882 95.013942995603
89.88363288566532 99.68623349457445 94.56910907577019
89.71958902203939 99.27092826454889 94.28867797313417
89.71958902203939 99.27092826454889 94.28867797313417
89.0365841632975 98.51845471381196 93.57236239358471
89.02857819531064 98.51845471381196 93.56991329063085
89.05256109809173 98.60369345601956 93.62744091497095
89.05256109809173 98.60369345601956 93.62744091497095
89.05256109809173 98.60369345601956 93.62744091497095
89.0365841632975 98.60036119711042 93.61531419401956
89.06849153442275 98.60258446743657 93.6298607333819
89.06849153442275 98.60258446743657 93.6298607333819
89.06849153442275 98.60258446743657 93.6298607333819
89.04457845571716 98.51845471381196 93.57480963161144
89.05256109809173 98.51845471381196 93.57725500684036
89.05256109809173 98.51845471381196 93.57725500684036
89.05256109809173 98.51845471381196 93.57725500684036
88.62278978388997 98.06863732824591 93.14307387930415
88.63105404715628 98.06863732824591 93.1456736483994
88.13618882142788 97.27212808028406 92.51241654453672
88.13618882142788 97.27212808028406 92.51241654453672
88.12761301918493 97.27212808028406 92.50959590303302
87.98863658474889 96.18780600075323 91.94249246373013
87.98863658474889 96.18780600075323 91.94249246373013
88.48102999589096 96.54940669956946 92.37555965235713
88.4643270040954 96.61659679356185 92.39593908629442
88.49768468767707 96.62186323384027 92.41303863373919
88.49768468767707 96.62186323384027 92.41303863373919
88.49768468767707 96.62186323384027 92.41303863373919
88.48102999589096 96.5359477124183 92.36124501456305
88.48936336618176 96.5359477124183 92.36411224055024
88.48936336618176 96.5359477124183 92.36411224055024
88.48102999589096 96.53324330597346 92.35837563451777
88.45595732998667 96.53324330597346 92.34975454573173
88.4643270040954 96.53324330597346 92.35263040253592
88.4643270040954 96.53324330597346 92.35263040253592
88.45595732998667 96.92591258659775 92.53032170025561
88.44814771349215 96.72410528309032 92.43829506867365
88.26342396502255 96.50684356369132 92.23821420263177
88.63190905527244 96.94030322839129 92.63736375364424
88.61539669453931 96.93312478863714 92.62350139428851
88.61539669453931 96.93312478863714 92.62350139428851
88.57595803812582 96.862282015056 92.56778018007044
88.57595803812582 96.862282015056 92.56778018007044
88.55938847510781 96.85245901639344 92.55099445546568
88.55938847510781 96.85245901639344 92.55099445546568
88.64014728636621 96.85245901639344 92.59142496847414
88.64014728636621 96.85245901639344 92.59142496847414
88.60712251271877 96.84999364918075 92.57746034010209
88.60712251271877 96.84999364918075 92.57746034010209
87.44310368203915 95.14599450960819 91.16063101100158
87.44310368203915 95.14599450960819 91.16063101100158
87.43409830981548 95.14599450960819 91.1573498133954
87.43409830981548 95.14599450960819 91.1573498133954
87.46107575962711 95.16830207427648 91.18679318861302
87.46107575962711 95.16830207427648 91.18679318861302
87.44310368203915 95.15717398070339 91.17046000961693
87.45209615607943 95.16088903632443 91.17700054055136
87.47004252029377 95.16459839648635 91.18679318861302
87.47004252029377 95.16459839648635 91.18679318861302
87.45209615607943 95.14972673053344 91.16718610640665
87.46107575962711 95.14972673053344 91.17046000961693
87.47004252029377 95.14972673053344 91.17373148676661
87.47004252029377 95.14972673053344 91.17373148676661
88.04676673237952 95.64726542900151 91.7195780548125
88.32932245504882 95.92803824540803 92.00024290760402
88.32932245504882 95.92803824540803 92.00024290760402
87.71493520371486 95.21331945889699 91.33833740290798
87.70609737128636 95.21331945889699 91.33511590036389
87.73257280329045 95.23533311236328 91.36402344337023
87.73257280329045 95.23533311236328 91.36402344337023
87.73257280329045 95.23533311236328 91.36402344337023
87.71493520371486 95.15125108925682 91.31407587265595
87.74137262504847 95.1586841233013 91.3301686496014
87.43793349948801 94.84431780640898 91.02114960425587
87.8350315380883 95.30478443088924 91.4483118237518
87.81753513051252 95.29032258064515 91.42923186701641
87.8350315380883 95.29032258064515 91.43560130554859
88.32529908858487 95.86089942215895 91.9638798824278
87.8350315380883 95.99354270619314 91.75997500579503
87.79998832162251 95.99043242903002 91.74458288737655
87.80876803983351 95.99043242903002 91.7476659096644
87.80876803983351 95.99043242903002 91.7476659096644
87.80876803983351 95.99043242903002 91.7476659096644
87.79998832162251 95.99043242903002 91.74458288737655
87.82628962088253 96.08326714876897 91.80643082932329
87.82628962088253 96.08326714876897 91.80643082932329
87.82628962088253 96.08326714876897 91.80643082932329
88.05024086751312 96.45403495488675 92.09674155029346
88.51913477537437 96.96246886477815 92.58473070008836
88.51913477537437 96.96246886477815 92.58473070008836
88.51913477537437 96.96246886477815 92.58473070008836
88.50247985728569 96.95294964638123 92.56797337052231
88.52744415320214 96.95294964638123 92.57636149184528
87.99898889731475 96.36528181167657 92.01964767593462
87.89132292394936 96.47086089924571 92.00941851769508
87.85641944531007 96.46810753821823 91.99445170043232
87.8651641657422 96.46810753821823 91.99744954759832
87.67064763569279 96.79057270400068 92.03843583564529
87.25213559584091 96.79057270400068 91.80882546031168
86.89178256347036 97.15025906735751 91.77423590489465
86.91975012013455 97.31583403895004 91.8702463103813
86.91975012013455 97.31583403895004 91.8702463103813
86.91975012013455 97.31583403895004 91.8702463103813
86.90111836153298 97.30951218994674 91.85506661283812
86.91975012013455 97.31373005953012 91.86721489902044
86.91975012013455 97.31373005953012 91.86721489902044
86.91975012013455 97.31373005953012 91.86721489902044
86.90111836153298 97.30528105408564 91.84897884976668
86.92904613729783 97.30528105408564 91.85810708556555
86.92904613729783 97.30528105408564 91.85810708556555
86.20545153241014 96.33892313842658 91.02333393317737
86.16645336287749 96.33607075173721 91.00670065403993
86.17622356264793 96.33607075173721 91.01003223933198
86.17622356264793 96.33607075173721 91.01003223933198
86.17622356264793 96.33607075173721 91.01003223933198
86.16645336287749 96.33607075173721 91.00670065403993
86.1859799713877 96.34461460893678 91.02333393317737
86.1859799713877 96.34461460893678 91.02333393317737
86.1859799713877 96.34461460893678 91.02333393317737
86.16645336287749 96.41118580490169 91.04043926095147
86.19572261827608 96.42512280112516 91.06693306693306
86.19572261827608 96.42512280112516 91.06693306693306
86.35374097696979 97.60528664315159 91.68242346220381
86.33442974068691 97.59773202029245 91.6638106566135
86.36337614258726 97.59773202029245 91.67312746055559
86.36337614258726 97.59773202029245 91.67312746055559
86.36337614258726 97.59773202029245 91.67312746055559
86.32475361209454 97.59583591100113 91.65758786264779
86.33442974068691 97.59583591100113 91.66070042049431
86.33442974068691 97.59583591100113 91.66070042049431
86.33442974068691 97.59583591100113 91.66070042049431
86.32475361209454 97.59583591100113 91.65758786264779
86.34409218597719 97.7554674510807 91.74148302651068
86.34409218597719 97.7554674510807 91.74148302651068
86.34409218597719 97.7554674510807 91.74148302651068
86.32475361209454 97.75014422152427 91.72605948030447
86.35374097696979 97.83604183084492 91.78489080419263
86.20886872307165 97.87564987641694 91.72116797134406
86.06448174793499 97.83604183084492 91.62252620787392
86.04482732332089 97.90659881110209 91.63794667150373
86.07428821392571 97.90659881110209 91.6472897478484
86.07428821392571 97.90659881110209 91.6472897478484
86.07428821392571 97.90659881110209 91.6472897478484
86.03497930613568 97.90494125703525 91.63170633319886
86.04482732332089 97.90494125703525 91.63482766615925
86.04482732332089 97.90494125703525 91.63482766615925
86.04482732332089 97.90494125703525 91.63482766615925
86.03497930613568 97.90494125703525 91.63170633319886
86.25672941086633 98.16769056232206 91.87479187479187
87.0175641321932 99.09892389472319 92.71399767825503
87.0175641321932 99.09892389472319 92.71399767825503
86.9990356798457 99.01740109081464 92.66526607787546
87.18789164176226 99.97605885169547 93.19810655243275
87.18789164176226 99.97605885169547 93.19810655243275
87.18789164176226 99.97605885169547 93.19810655243275
87.16958544920932 99.89527653539871 93.14731731301087
87.19702516280682 99.89527653539871 93.15509991098561
87.1785487257527 99.62141815887384 93.02470523325908
87.5377176015474 99.91475037160095 93.43136852475166
87.50193978895096 99.9146813677233 93.41887459774014
87.5109034871775 99.9146813677233 93.42137718396711
87.5109034871775 99.9146813677233 93.42137718396711
87.5109034871775 99.9146813677233 93.42137718396711
87.50193978895096 99.8336033629636 93.45442577088433
87.519854336962 99.91488804504387 93.43136852475166
87.519854336962 99.91488804504387 93.43136852475166
87.5109034871775 99.9146813677233 93.42137718396711
87.50193978895096 99.9146813677233 93.41887459774014
87.52879236590984 99.91502527453373 93.43884213655326
87.52879236590984 99.91502527453373 93.43884213655326
87.519854336962 99.91481926395107 93.42887353584297
87.5109034871775 99.91475037160095 93.42387786761458
87.5377176015474 99.91475037160095 93.43136852475166
87.5377176015474 99.91475037160095 93.43136852475166
87.50193978895096 99.8336033629636 93.45442577088433
87.50193978895096 99.8336033629636 93.45442577088433
87.5109034871775 99.8336033629636 93.45691578503644
87.32132840757431 99.78407380749853 93.18195797027165
87.03764447102861 99.98688696564385 93.11252984638718
87.03764447102861 99.98688696564385 93.11252984638718
87.05612608620258 99.98691869971876 93.12556255625563
87.05612608620258 99.98691869971876 93.12556255625563
87.03764447102861 99.90609918546502 93.07723827084614
87.03764447102861 99.90609918546502 93.07723827084614
87.05612608620258 99.906401689123 93.09294576971034
87.05612608620258 99.906401689123 93.09294576971034
87.03764447102861 99.8254418503164 93.041973437644
87.03764447102861 99.8254418503164 93.041973437644
87.07455507455506 99.82558266291669 93.0551296989023
87.07455507455506 99.82558266291669 93.0551296989023
87.03764447102861 99.8254418503164 93.041973437644
87.04689187104735 99.8254418503164 93.04460867607018
87.04689187104735 99.8254418503164 93.04460867607018
87.04689187104735 99.8254418503164 93.04460867607018
87.2706887552918 99.33107424195748 93.53962357347932
87.27978674084376 99.25087873462213 93.58502590247512
87.28887173052794 99.25087873462213 93.58746468019523
87.28887173052794 99.25087873462213 93.58746468019523
86.81318681318682 99.67325277954431 93.13257210799286
86.83194004035745 99.67430982097969 93.14816329869917
86.83194004035745 99.67430982097969 93.14816329869917
86.83194004035745 99.67430982097969 93.14816329869917
86.81318681318682 99.83579638752053 93.06198533327871
86.85064000460572 99.75478927203065 93.11032479751289
85.92394296671793 99.09962556543948 92.08386431215486
85.92394296671793 99.09962556543948 92.08386431215486
85.88427926813016 99.09890395529177 92.06902491665738
85.89421613394215 99.0195441854425 92.03750392353412
85.89421613394215 99.0195441854425 92.03750392353412
85.89421613394215 99.0195441854425 92.03750392353412
85.89421613394215 99.0195441854425 92.03750392353412
85.91404795379412 99.0218940277238 92.05239115495007
85.91404795379412 99.0218940277238 92.05239115495007
85.91404795379412 99.0218940277238 92.05239115495007
85.88427926813016 99.0195441854425 92.03451978202297
85.9041390193357 99.10178347799801 92.08682553002194
85.9041390193357 99.10178347799801 92.08682553002194
85.9041390193357 99.10178347799801 92.08682553002194
85.88427926813016 99.09890395529177 92.06902491665738
85.92394296671793 99.02032871972318 92.04941816380382
85.92394296671793 99.02032871972318 92.04941816380382
85.92394296671793 99.02032871972318 92.04941816380382
85.88427926813016 99.09890395529177 92.06902491665738
85.89421613394215 99.09890395529177 92.07199724490003
85.89421613394215 99.09890395529177 92.07199724490003
85.89421613394215 99.09890395529177 92.07199724490003
85.89421613394215 99.09890395529177 92.07199724490003
85.91404795379412 99.1803633217993 92.12128567671986
85.91404795379412 99.1803633217993 92.12128567671986
85.91404795379412 99.1803633217993 92.12128567671986
85.88427926813016 99.09890395529177 92.06902491665738
85.9041390193357 99.18101864857273 92.12128567671986
85.9041390193357 99.18101864857273 92.12128567671986
85.74763251285749 98.56759368624503 91.76489552479397
85.7275888937456 98.56302647736821 91.74643563956542
85.76761991396138 98.56417100787877 91.76182461374104
85.76761991396138 98.56417100787877 91.76182461374104
86.17918689898124 98.7193031629331 92.0633797120207
86.14012641549067 98.71828068358364 92.04850523244623
86.1499122204412 98.71828068358364 92.0514845870296
86.1499122204412 98.71828068358364 92.0514845870296
86.1499122204412 98.71828068358364 92.0514845870296
86.1499122204412 98.71828068358364 92.0514845870296
86.16944243301955 98.80003446938687 92.10079275198188
86.16944243301955 98.80003446938687 92.10079275198188
86.16944243301955 98.80003446938687 92.10079275198188
86.21078159909868 98.79715809704797 92.12051806960292
86.23023969794626 98.80099020557529 92.13820579194305
86.23023969794626 98.80099020557529 92.13820579194305
86.23023969794626 98.80099020557529 92.13820579194305
86.14012641549067 98.79715809704797 92.08302085655797
86.17918689898124 98.79811841878129 92.09783631232361
86.17918689898124 98.79811841878129 92.09783631232361
86.17918689898124 98.79811841878129 92.09783631232361
86.14012641549067 98.79715809704797 92.08302085655797
86.30802171751931 99.41545883222147 92.44561514131419
86.30802171751931 99.41545883222147 92.44561514131419
86.15484437319898 99.25585229861366 92.28887038804395
85.6546568766957 98.31098504383704 91.59235412069366
85.52569364325836 98.12148312972036 91.4387824760069
85.52569364325836 98.12148312972036 91.4387824760069
85.52569364325836 98.12148312972036 91.4387824760069
85.50540729938068 98.1170112378828 91.42285294738853
85.52569364325836 98.12296904395417 91.44196128410722
85.52569364325836 98.12296904395417 91.44196128410722
85.52569364325836 98.12296904395417 91.44196128410722
85.49524278837042 98.0392156862745 91.38563971557022
85.53581553581553 97.96315710648494 91.36770062920853
85.53581553581553 97.96315710648494 91.36770062920853
85.53581553581553 97.96315710648494 91.36770062920853
85.49524278837042 97.96154340285213 91.35164481621491
85.50540729938068 97.96154340285213 91.35486075516829
85.50540729938068 97.96154340285213 91.35486075516829
85.50540729938068 97.96154340285213 91.35486075516829
85.50540729938068 97.96154340285213 91.35486075516829
85.52569364325836 97.96637686112832 91.3709046405714
85.52569364325836 97.96637686112832 91.3709046405714
85.52569364325836 97.96637686112832 91.3709046405714
85.50540729938068 97.96154340285213 91.35486075516829
85.52569364325836 97.96798292422625 91.37410627438003
85.52569364325836 97.96798292422625 91.37410627438003
85.52569364325836 97.96798292422625 91.37410627438003
85.49524278837042 97.8065674704977 91.28373083646446
85.53581553581553 97.80830111293871 91.29990072500827
85.53581553581553 97.80830111293871 91.29990072500827
85.53581553581553 97.80830111293871 91.29990072500827
85.49524278837042 97.8065674704977 91.28373083646446
85.50540729938068 97.8065674704977 91.28696962088878
85.50540729938068 97.8065674704977 91.28696962088878
85.50540729938068 97.8065674704977 91.28696962088878
85.50540729938068 97.8065674704977 91.28696962088878
85.52569364325836 97.88900747065101 91.33700349969416
85.52569364325836 97.88900747065101 91.33700349969416
85.5155575743811 97.96154340285213 91.35807430328116
85.50540729938068 97.96154340285213 91.35486075516829
85.52569364325836 98.04541473522312 91.40802118652569
85.52569364325836 98.04541473522312 91.40802118652569
85.52569364325836 98.04541473522312 91.40802118652569
85.49524278837042 98.0392156862745 91.38563971557022
85.53581553581553 97.96315710648494 91.36770062920853
85.53581553581553 97.96315710648494 91.36770062920853
85.50540729938068 97.96154340285213 91.35486075516829
85.49524278837042 97.96154340285213 91.35164481621491
85.50540729938068 97.96154340285213 91.35486075516829
85.50540729938068 97.96154340285213 91.35486075516829
85.50540729938068 97.96154340285213 91.35486075516829
85.50540729938068 97.96154340285213 91.35486075516829
85.52569364325836 97.56621635996171 91.19525821502232
85.52569364325836 97.56621635996171 91.19525821502232
85.50540729938068 97.56045549537255 91.17891928219635
85.50540729938068 97.56045549537255 91.17891928219635
85.52569364325836 97.5681306066919 91.19851874092979
85.52569364325836 97.5681306066919 91.19851874092979
85.49524278837042 97.56045549537255 91.1756442161034
85.49524278837042 97.56045549537255 91.1756442161034
85.53581553581553 97.56237881144659 91.19199527248325
85.53581553581553 97.56237881144659 91.19199527248325
85.35611565243718 96.82744608351499 90.77394926920887
86.02349441244898 97.53133793809158 91.46014937692509
85.87624355633335 96.73940624207053 91.02370247238717
85.87624355633335 96.73940624207053 91.02370247238717
85.87624355633335 96.73940624207053 91.02370247238717
85.88617700729927 96.74704132649832 91.03698593154753
85.89609649539366 96.74704132649832 91.04030065568527
85.89609649539366 96.74704132649832 91.04030065568527
85.87624355633335 96.66377907836633 90.98998998999
85.88617700729927 96.67158516020235 91.00331840716456
85.89609649539366 96.67417907618426 91.00996783923613
85.89609649539366 96.67417907618426 91.00996783923613
85.8662961129935 96.66377907836633 90.9866517128466
85.89609649539366 96.66638517079762 90.99999000109989
85.90600205003607 96.66638517079762 91.00331840716456
85.90600205003607 96.66638517079762 91.00331840716456
85.87624355633335 96.66377907836633 90.98998998999
85.88617700729927 96.66377907836633 90.99332579525101
85.88617700729927 96.66377907836633 90.99332579525101
85.88617700729927 96.66377907836633 90.99332579525101
86.09405393035586 96.55972984381596 91.06473782283756
86.56699274460631 96.7837923393479 91.4296039027524
86.73469387755102 96.99052533626596 91.6153691410179
86.73469387755102 96.99052533626596 91.6153691410179
86.71583880757558 96.98344391919106 91.59973799566686
86.73469387755102 96.99287842606876 91.61848839196838
86.73469387755102 96.99287842606876 91.61848839196838
86.73469387755102 96.99287842606876 91.61848839196838
86.71583880757558 96.98580809150603 91.60286888548634
86.75349549894656 96.98816856096684 91.61848839196838
86.75349549894656 96.98816856096684 91.61848839196838
86.75349549894656 96.98816856096684 91.61848839196838
86.71583880757558 96.98344391919106 91.59973799566686
86.72527303787021 96.98344391919106 91.60286888548634
86.72527303787021 96.98344391919106 91.60286888548634
86.72527303787021 96.98344391919106 91.60286888548634
86.71583880757558 96.98344391919106 91.59973799566686
86.73469387755102 97.06648041145469 91.64947727478543
86.73469387755102 97.06648041145469 91.64947727478543
86.73469387755102 97.06648041145469 91.64947727478543
86.48990382773286 96.4457374146218 91.23291245960215
86.8479680417915 97.06877590728365 91.71531524277316
86.8479680417915 97.06877590728365 91.71531524277316
86.8479680417915 97.06877590728365 91.71531524277316
86.82924952879179 97.06187861700549 91.69985983240393
86.86663342411109 97.06418131751747 91.71531524277316
86.86663342411109 97.06418131751747 91.71531524277316
86.86663342411109 97.06418131751747 91.71531524277316
86.82924952879179 97.05957230142566 91.69676182790275
86.82924952879179 97.05957230142566 91.69676182790275
86.82924952879179 97.05957230142566 91.69676182790275
86.82924952879179 97.05957230142566 91.69676182790275
86.81987027734472 97.05957230142566 91.69366150989474
86.8479680417915 97.06648041145469 91.71222876705433
86.8479680417915 97.06648041145469 91.71222876705433
86.8479680417915 97.06648041145469 91.71222876705433
86.83861544079491 97.06648041145469 91.70913999073309
86.85730736013818 97.07564089038928 91.72763819095478
86.85730736013818 97.07564089038928 91.72763819095478
86.85730736013818 97.07564089038928 91.72763819095478
86.65259117082533 96.80536174891115 91.48675023642326
87.65166908563134 97.50824555803808 92.34924495794061
87.65166908563134 97.50824555803808 92.34924495794061
87.4891348438315 96.52238020010532 91.8132720714185
87.453266954652 96.51695111917469 91.79491840361933
87.453266954652 96.51695111917469 91.79491840361933
87.453266954652 96.51695111917469 91.79491840361933
87.453266954652 96.51695111917469 91.79491840361933
87.44426782460357 96.51695111917469 91.7918514552416
87.47122657020718 96.52508839872033 91.81021883095283
87.47122657020718 96.52508839872033 91.81021883095283
87.47122657020718 96.52508839872033 91.81021883095283
87.4622531939605 96.52508839872033 91.80716331222523
87.48018711099084 96.53587914393623 91.82546230154738
87.48018711099084 96.53587914393623 91.82546230154738
87.48018711099084 96.53587914393623 91.82546230154738
87.453266954652 96.44444444444444 91.76370865204142
87.4891348438315 96.44721333557837 91.77905583030328
87.4891348438315 96.44721333557837 91.77905583030328
87.453266954652 96.36650868878357 91.72637187430624
87.453266954652 96.36650868878357 91.72637187430624
87.453266954652 96.36650868878357 91.72637187430624
87.453266954652 96.36650868878357 91.72637187430624
87.453266954652 96.36650868878357 91.72637187430624
87.44426782460357 96.36650868878357 91.72328161435883
87.47122657020718 96.37498423906192 91.74178862443722
87.47122657020718 96.37498423906192 91.74178862443722
87.47122657020718 96.37498423906192 91.74178862443722
87.4622531939605 96.37498423906192 91.73870987243818
87.48018711099084 96.38622365609419 91.75714802750633
87.31815550839282 95.4266395652715 91.22885930190716
87.31815550839282 95.4266395652715 91.22885930190716
87.29093756646493 95.40548424737456 91.19956674790144
87.32720226733761 95.40902371483895 91.21586449907905
87.32720226733761 95.40902371483895 91.21586449907905
87.32720226733761 95.40902371483895 91.21586449907905
87.3000231857176 95.40193931811073 91.19956674790144
87.3000231857176 95.40193931811073 91.19956674790144
87.3000231857176 95.40193931811073 91.19956674790144
87.3000231857176 95.40193931811073 91.19956674790144
87.1486254129557 95.28272414870354 91.06598781270046
87.16697212308287 95.29360428874205 91.08252218365163
87.16697212308287 95.29360428874205 91.08252218365163
87.16697212308287 95.29360428874205 91.08252218365163
87.15780532066874 95.29360428874205 91.0792202073576
87.1852665241095 95.30803330985623 91.10228282243494
87.1852665241095 95.30803330985623 91.10228282243494
87.1852665241095 95.30803330985623 91.10228282243494
87.15780532066874 95.28635644718221 91.07260891337006
87.19439417857005 95.36335636393906 91.12282245644913
87.19439417857005 95.36335636393906 91.12282245644913
87.1852665241095 95.35978340102051 91.11624834874505
87.16697212308287 95.28272414870354 91.07260891337006
87.16697212308287 95.28272414870354 91.07260891337006
87.16697212308287 95.28272414870354 91.07260891337006
87.15780532066874 95.28272414870354 91.06929959023373
87.1486254129557 95.28272414870354 91.06598781270046
87.16697212308287 95.22039740049415 91.04882097641953
87.16697212308287 95.22039740049415 91.04882097641953
87.15780532066874 95.22039740049415 91.04550774802172
86.9881885970828 94.98374168962161 90.84466271386077
87.80776469218681 95.55347871235722 91.55189535665205
87.80776469218681 95.55347871235722 91.55189535665205
87.78145051526347 95.53288265731932 91.52358139254011
87.78145051526347 95.53288265731932 91.52358139254011
87.81651091550661 95.53632857291775 91.53933475985254
87.81651091550661 95.53632857291775 91.53933475985254
87.79023451920648 95.6032933506081 91.55767662427886
87.79023451920648 95.6032933506081 91.55767662427886
87.79023451920648 95.6032933506081 91.55767662427886
87.79023451920648 95.6032933506081 91.55767662427886
87.77265386336661 95.6032933506081 91.55138190575029
87.77265386336661 95.6032933506081 91.55138190575029
87.79023451920648 95.61346815386219 91.56710113444365
87.79023451920648 95.61346815386219 91.56710113444365
87.78145051526347 95.61346815386219 91.56396196991801
87.78145051526347 95.61346815386219 91.56396196991801
87.80776469218681 95.55347871235722 91.55189535665205
87.80776469218681 95.55347871235722 91.55189535665205
87.78145051526347 95.53288265731932 91.52358139254011
87.76492508345626 95.32368114494925 91.41632194064019
88.14806165343298 95.7119284834054 91.79939754787883
88.14806165343298 95.7119284834054 91.79939754787883
88.13096862210095 95.70529046294166 91.78715203858222
88.13096862210095 95.70529046294166 91.78715203858222
88.13096862210095 95.70529046294166 91.78715203858222
88.13096862210095 95.70529046294166 91.78715203858222
88.10523643039903 95.70529046294166 91.77794387992162
88.12240360423614 95.71523980465 91.79327936120661
88.12240360423614 95.71523980465 91.79327936120661
88.12240360423614 95.71523980465 91.79327936120661
88.11382621594191 95.71523980465 91.79021684316692
88.13952129627826 95.80218636127017 91.84579157106629
88.13952129627826 95.80218636127017 91.84579157106629
88.13952129627826 95.80218636127017 91.84579157106629
88.11382621594191 95.70861204013377 91.7840849448908
88.14806165343298 95.7119284834054 91.79939754787883
88.14806165343298 95.7119284834054 91.79939754787883
88.14806165343298 95.7119284834054 91.79939754787883
88.13096862210095 95.70529046294166 91.78715203858222
88.13096862210095 95.70529046294166 91.78715203858222
88.13096862210095 95.70529046294166 91.78715203858222
88.13096862210095 95.70529046294166 91.78715203858222
88.10523643039903 95.70529046294166 91.77794387992162
88.12240360423614 95.78920985024124 91.82753403933435
88.12240360423614 95.78920985024124 91.82753403933435
88.12240360423614 95.78920985024124 91.82753403933435
88.11382621594191 95.78920985024124 91.82448316567958
88.13952129627826 95.80218636127017 91.84579157106629
88.13952129627826 95.80218636127017 91.84579157106629
88.13952129627826 95.80218636127017 91.84579157106629
88.12240360423614 95.79246149350921 91.83058263683749
88.14806165343298 95.72184712844877 91.80855774262368
88.14806165343298 95.72184712844877 91.80855774262368
88.14806165343298 95.72184712844877 91.80855774262368
88.12240360423614 95.63127090301003 91.74982091148487
88.13096862210095 95.63127090301003 91.7528996469995
88.13096862210095 95.63127090301003 91.7528996469995
88.13096862210095 95.63127090301003 91.7528996469995
88.10523643039903 95.63127090301003 91.74365653934309
87.92519654394022 95.52384919808374 91.5984225034709
87.92519654394022 95.52384919808374 91.5984225034709
87.92519654394022 95.52384919808374 91.5984225034709
87.91649627076396 95.59752360702896 91.62941484434779
87.93388429752066 95.60768654854006 91.64497683626607
87.93388429752066 95.60768654854006 91.64497683626607
87.93388429752066 95.60768654854006 91.64497683626607
87.91649627076396 95.59752360702896 91.62941484434779
87.95122235383211 95.60430411888359 91.64808229361302
87.95122235383211 95.60430411888359 91.64808229361302
87.95122235383211 95.60430411888359 91.64808229361302
87.92519654394022 95.58731352638836 91.62317380352644
87.93388429752066 95.58731352638836 91.62629548682104
87.93388429752066 95.58731352638836 91.62629548682104
87.93388429752066 95.58731352638836 91.62629548682104
87.90778345091009 95.58731352638836 91.61692344922159
87.92519654394022 95.74521388755505 91.70082689576682
87.92519654394022 95.74521388755505 91.70082689576682
87.92519654394022 95.74521388755505 91.70082689576682
87.91649627076396 95.74521388755505 91.69773299748111
88.11722982189485 95.9849671155653 91.91839779061212
87.920206871075 95.7550510310352 91.70580131331516
87.920206871075 95.7550510310352 91.70580131331516
87.90280184583034 95.74521388755505 91.69034234016402
87.75526020072073 95.62221574586786 91.5505960743387
87.75526020072073 95.62221574586786 91.5505960743387
87.75526020072073 95.62221574586786 91.5505960743387
87.72887016290312 95.5314261850073 91.49135250973409
87.73767947225456 95.5314261850073 91.49451875691442
87.73767947225456 95.5314261850073 91.49451875691442
87.73767947225456 95.5314261850073 91.49451875691442
87.71121351766513 95.5314261850073 91.48501293810853
87.72004818715268 95.5314261850073 91.48818390434398
87.72004818715268 95.5314261850073 91.48818390434398
87.72004818715268 95.5314261850073 91.48818390434398
87.71121351766513 95.5314261850073 91.48501293810853
87.73767947225456 95.69923810316833 91.58147381951837
87.73767947225456 95.69923810316833 91.58147381951837
87.73767947225456 95.69923810316833 91.58147381951837
87.72004818715268 95.68927744277755 91.56580443290775
87.86250509204477 95.37404231463988 91.49367190163869
87.86932314198692 95.6102739155774 91.60667128555792
87.86932314198692 95.6102739155774 91.60667128555792
87.84314487907302 95.51945882745949 91.5475375508396
87.85188351174402 95.51945882745949 91.5506848212219
87.85188351174402 95.51945882745949 91.5506848212219
87.85188351174402 95.51945882745949 91.5506848212219
87.82562984307465 95.51945882745949 91.54123597090411
87.8343936652464 95.4457263263305 91.51028872870776
87.8343936652464 95.4457263263305 91.51028872870776
87.8343936652464 95.4457263263305 91.51028872870776
87.82562984307465 95.4457263263305 91.50712523289188
87.85188351174402 95.46672204340152 91.53551210503072
87.85188351174402 95.46672204340152 91.53551210503072
87.85188351174402 95.46672204340152 91.53551210503072
87.8343936652464 95.45624843893098 91.51976509155999
87.86932314198692 95.46323621098134 91.53865449255004
87.86932314198692 95.46323621098134 91.53865449255004
87.86932314198692 95.46323621098134 91.53865449255004
87.85188351174402 95.4492391077757 91.51976509155999
88.43230357387107 96.24374658426872 92.19856001458213
87.61397734972414 95.64064001336843 91.47786072401009
87.6050989964741 95.63726822334176 91.47151978281634
87.57838740365386 95.63726822334176 91.46199065872122
87.58730405090796 95.63726822334176 91.46516939857719
87.58730405090796 95.63726822334176 91.46516939857719
87.57838740365386 95.63726822334176 91.46199065872122
87.57838740365386 95.63726822334176 91.46199065872122
87.6050989964741 95.73112323518387 91.52448815736652
87.6050989964741 95.73112323518387 91.52448815736652
87.58730405090796 95.72123311974285 91.50872253783118
87.58730405090796 95.72123311974285 91.50872253783118
87.5512651861023 95.72783161404605 91.49051436138727
87.5512651861023 95.72783161404605 91.49051436138727
87.53341857491573 95.64064001336843 91.43750251276485
87.53341857491573 95.64064001336843 91.43750251276485
87.61397734972414 95.64064001336843 91.47786072401009
87.61397734972414 95.64064001336843 91.47786072401009
87.57838740365386 95.63726822334176 91.46199065872122
87.58730405090796 95.63726822334176 91.46516939857719
87.80193706484111 96.00050360919926 91.74859196156409
87.61960213488598 95.78544061302682 91.55084199500443
87.61070540708515 95.78544061302682 91.54769221468801
87.61070540708515 95.78544061302682 91.54769221468801
87.63735731312623 95.80493904345107 91.57595597686375
87.63735731312623 95.80493904345107 91.57595597686375
87.61960213488598 95.79521243263567 91.56027726637089
87.61960213488598 95.79521243263567 91.56027726637089
87.64621581842125 95.80170184366396 91.57595597686375
87.64621581842125 95.80170184366396 91.57595597686375
87.6284860944106 95.71461421075736 91.5230535518466
87.63735731312623 95.71461421075736 91.52620781206002
87.64621581842125 95.71461421075736 91.52935972575473
87.64621581842125 95.71461421075736 91.52935972575473
87.61070540708515 95.78544061302682 91.54769221468801
87.61960213488598 95.78544061302682 91.55084199500443
87.61960213488598 95.78544061302682 91.55084199500443
87.61960213488598 95.78544061302682 91.55084199500443
87.61070540708515 95.78544061302682 91.54769221468801
87.63735731312623 95.80493904345107 91.57595597686375
87.51354698869794 95.80493904345107 91.5088754427687
87.51354698869794 95.80493904345107 91.5088754427687
87.4956393658669 95.72123311974285 91.45906400426092
87.52248157960896 95.72783161404605 91.47491323449756
87.52248157960896 95.72783161404605 91.47491323449756
87.52248157960896 95.72783161404605 91.47491323449756
87.50459959329912 95.71461421075736 91.45588708380248
87.52248157960896 95.71461421075736 91.46223856307637
87.52248157960896 95.71461421075736 91.46223856307637
87.52248157960896 95.71461421075736 91.46223856307637
87.4866662787766 95.7112970711297 91.44634212618634
87.4956393658669 95.7112970711297 91.44952614740738
87.4956393658669 95.7112970711297 91.44952614740738
87.4956393658669 95.7112970711297 91.44952614740738
87.4866662787766 95.7112970711297 91.44634212618634
87.51354698869794 95.73112323518387 91.47491323449756
87.51354698869794 95.73112323518387 91.47491323449756
87.51354698869794 95.73112323518387 91.47491323449756
87.4956393658669 95.72123311974285 91.45906400426092
87.51354698869794 95.72783161404605 91.47174809596918
87.39008599864721 95.72783161404605 91.40479294094054
87.58473755568468 95.91973104470756 91.59858921411993
87.56691752657305 95.90708196309252 91.57980603643614
87.59362842820369 95.90708196309252 91.58920811202319
87.59362842820369 95.90708196309252 91.58920811202319
87.59362842820369 95.90708196309252 91.58920811202319
87.55798831499058 95.9039074291464 91.57352629934591
87.56691752657305 95.9039074291464 91.57666733830344
87.56691752657305 95.9039074291464 91.57666733830344
87.56691752657305 95.9039074291464 91.57666733830344
87.55798831499058 95.9039074291464 91.57352629934591
87.58473755568468 95.9228811083754 91.60171159950178
87.58473755568468 95.9228811083754 91.60171159950178
87.58473755568468 95.9228811083754 91.60171159950178
87.56691752657305 95.91341629195858 91.58607642068611
87.58473755568468 95.91973104470756 91.59858921411993
87.58473755568468 95.91973104470756 91.59858921411993
87.58473755568468 95.91973104470756 91.59858921411993
87.56691752657305 95.90708196309252 91.57980603643614
87.59362842820369 95.8328100799531 91.55513097692192
87.20206555039596 95.23482673988103 91.06794562749431
87.56142862670742 95.65862321111459 91.45764482526543
87.5257091854554 95.65526469850298 91.4417406356299
87.53465826466311 95.65526469850298 91.44492620947054
87.53465826466311 95.65526469850298 91.44492620947054
87.53465826466311 95.65526469850298 91.44492620947054
87.5257091854554 95.65526469850298 91.4417406356299
87.54359451290398 95.66532468345189 91.45764482526543
87.54359451290398 95.66532468345189 91.45764482526543
87.54359451290398 95.66532468345189 91.45764482526543
87.5257091854554 95.65526469850298 91.4417406356299
87.5525179577533 95.67200549851081 91.46715899741125
87.5525179577533 95.67200549851081 91.46715899741125
87.5525179577533 95.67200549851081 91.46715899741125
87.53465826466311 95.65862321111459 91.44810941271119
87.56142862670742 95.65862321111459 91.45764482526543
87.56142862670742 95.65862321111459 91.45764482526543
87.56142862670742 95.65862321111459 91.45764482526543
87.5257091854554 95.65526469850298 91.4417406356299
87.53465826466311 95.65526469850298 91.44492620947054
87.53465826466311 95.65526469850298 91.44492620947054
87.53465826466311 95.65526469850298 91.44492620947054
87.5257091854554 95.65526469850298 91.4417406356299
87.54359451290398 95.81322469445314 91.5256793027534
87.54359451290398 95.81322469445314 91.5256793027534
87.54359451290398 95.81322469445314 91.5256793027534
87.5257091854554 95.72932142035111 91.47580263568544
87.5525179577533 95.7457895614474 91.50112923462986
87.5525179577533 95.7457895614474 91.50112923462986
87.5525179577533 95.7457895614474 91.50112923462986
87.53465826466311 95.73262524044492 91.48214842610383
87.56142862670742 95.73262524044492 91.49164941616255
87.56142862670742 95.73262524044492 91.49164941616255
87.56142862670742 95.73262524044492 91.49164941616255
87.5257091854554 95.72932142035111 91.47580263568544
87.53465826466311 95.72932142035111 91.47897671235634
87.53465826466311 95.72932142035111 91.47897671235634
87.53465826466311 95.72932142035111 91.47897671235634
87.5257091854554 95.72932142035111 91.47580263568544
87.54359451290398 95.73921756920379 91.49164941616255
87.51137882280025 95.59353830119855 91.4071441479429
87.51137882280025 95.59353830119855 91.4071441479429
87.49345384719824 95.58331940498078 91.39115478621217
87.520322056205 95.60032466856751 91.41670928728301
87.520322056205 95.60032466856751 91.41670928728301
87.520322056205 95.60032466856751 91.41670928728301
87.5024227623367 95.58673096595061 91.39755766621438
87.529252490088 95.58673096595061 91.4071441479429
87.529252490088 95.58673096595061 91.4071441479429
87.529252490088 95.58673096595061 91.4071441479429
87.49345384719824 95.58331940498078 91.39115478621217
87.5024227623367 95.58331940498078 91.39435741720123
87.5024227623367 95.58331940498078 91.39435741720123
87.5024227623367 95.58331940498078 91.39435741720123
87.49345384719824 95.58331940498078 91.39115478621217
87.51137882280025 95.59353830119855 91.4071441479429
87.51137882280025 95.59353830119855 91.4071441479429
87.5024227623367 95.58331940498078 91.39435741720123
87.49345384719824 95.58331940498078 91.39115478621217
87.520322056205 95.67399816712488 91.45064205457464
87.520322056205 96.38061267310113 91.77472615979381
87.51137882280025 96.2972302778128 91.72823205700635
87.5024227623367 96.29434898736041 91.72205803738035
87.529252490088 96.29434898736041 91.73131561448406
87.529252490088 96.29434898736041 91.73131561448406
87.49345384719824 96.21653452228229 91.68163380622767
87.49345384719824 96.21653452228229 91.68163380622767
87.5024227623367 96.21653452228229 91.68473820642909
87.5024227623367 96.21653452228229 91.68473820642909
87.49345384719824 96.21653452228229 91.68163380622767
87.49345384719824 96.21653452228229 91.68163380622767
87.51137882280025 96.22534620226605 91.6971326706348
87.51137882280025 96.22534620226605 91.6971326706348
87.49345384719824 96.14172235531458 91.64741837547784
87.49345384719824 96.14172235531458 91.64741837547784
87.51137882280025 96.15368500439938 91.66607960549489
87.51137882280025 96.15368500439938 91.66607960549489
87.49345384719824 96.14172235531458 91.64741837547784
87.49345384719824 96.14172235531458 91.64741837547784
87.529252490088 96.21947631656369 91.6971326706348
87.89132292394936 96.80126849894292 92.1602963802737
86.98058271147876 96.47217594837947 91.51726360742919
86.64261313476376 96.0508912263022 91.13869476723784
86.64261313476376 96.0508912263022 91.13869476723784
86.64261313476376 96.0508912263022 91.13869476723784
86.63312143501891 96.0508912263022 91.13540621865597
86.64261313476376 96.0600728917934 91.14854578960019
86.65209136413326 96.0600728917934 91.15182459828803
86.65209136413326 96.0600728917934 91.15182459828803
86.63312143501891 96.0508912263022 91.13540621865597
86.65209136413326 96.1375727870638 91.18886719727686
86.65209136413326 96.1375727870638 91.18886719727686
86.65209136413326 96.1375727870638 91.18886719727686
86.63312143501891 96.125562045636 91.16924033994562
86.67100752628454 96.20330293734504 91.21940467483543
86.67100752628454 96.20330293734504 91.21940467483543
86.67100752628454 96.20330293734504 91.21940467483543
86.63312143501891 96.20034905481842 91.20309959247585
86.64261313476376 96.20034905481842 91.2063654515718
86.64261313476376 96.20034905481842 91.2063654515718
86.7474972618796 95.94815653705801 91.14966156931563
86.74916413665885 95.27478706345404 90.84358541289814
86.9364606363549 95.4860605051115 91.04394066610692
87.68323896688125 96.37498423906192 91.85743964178383
87.68323896688125 96.37498423906192 91.85743964178383
87.65667204290628 96.29146320929449 91.80483566225132
87.67439604152518 96.30297943768359 91.82317657139977
87.67439604152518 96.30297943768359 91.82317657139977
87.67439604152518 96.30297943768359 91.82317657139977
87.65667204290628 96.29146320929449 91.80483566225132
87.69206921273421 96.29434898736041 91.82012545634241
87.69206921273421 96.29434898736041 91.82012545634241
87.69206921273421 96.29434898736041 91.82012545634241
87.65667204290628 96.29146320929449 91.80483566225132
87.66554040933629 96.29146320929449 91.80789819210182
87.66554040933629 96.29146320929449 91.80789819210182
87.66554040933629 96.29146320929449 91.80789819210182
87.66554040933629 96.29146320929449 91.80789819210182
87.68323896688125 96.37498423906192 91.85743964178383
87.68323896688125 96.37498423906192 91.85743964178383
87.68323896688125 96.37498423906192 91.85743964178383
87.65667204290628 96.36650868878357 91.83916875555916
87.67439604152518 96.37780064254667 91.85743964178383
87.67439604152518 96.37780064254667 91.85743964178383
87.67439604152518 96.37780064254667 91.85743964178383
87.65667204290628 96.36650868878357 91.83916875555916
87.69206921273421 96.36933827243644 91.85440017756076
87.69206921273421 96.36933827243644 91.85440017756076
87.69206921273421 96.36933827243644 91.85440017756076
87.65667204290628 96.36650868878357 91.83916875555916
87.66554040933629 96.36650868878357 91.84221959524315
87.66554040933629 96.36650868878357 91.84221959524315
87.66554040933629 96.36650868878357 91.84221959524315
87.66554040933629 96.36650868878357 91.84221959524315
87.68323896688125 96.30010709111144 91.82317657139977
87.68323896688125 96.30010709111144 91.82317657139977
87.68323896688125 96.30010709111144 91.82317657139977
87.65667204290628 96.29146320929449 91.80483566225132
87.67439604152518 96.37780064254667 91.85743964178383
87.67439604152518 96.37780064254667 91.85743964178383
87.66759153262578 96.23029184837303 91.78616415579181
87.64985912756242 96.21855808866829 91.76774766949795
87.68527309011296 96.2214983713355 91.78310046573519
87.68527309011296 96.2214983713355 91.78310046573519
87.68527309011296 96.2214983713355 91.78310046573519
87.64985912756242 96.2934899286481 91.80205302295505
87.65873169973982 96.2934899286481 91.80511649985355
87.65873169973982 96.2934899286481 91.80511649985355
87.65873169973982 96.2934899286481 91.80511649985355
87.65873169973982 96.2934899286481 91.80511649985355
87.67643865363735 96.37700956183672 91.8546606024546
87.67643865363735 96.37700956183672 91.8546606024546
87.67643865363735 96.37700956183672 91.8546606024546
87.65873169973982 96.3685385684796 91.83943582282573
87.67643865363735 96.30500010491197 91.82344938781681
87.67643865363735 96.30500010491197 91.82344938781681
87.67643865363735 96.30500010491197 91.82344938781681
87.64985912756242 96.2934899286481 91.80205302295505
87.68527309011296 96.29637419029191 91.8173475459102
87.68527309011296 96.29637419029191 91.8173475459102
87.68527309011296 96.29637419029191 91.8173475459102
87.46800589467153 96.11546461060107 91.62154258805498
87.47699044740259 96.11546461060107 91.62466736553505
87.47699044740259 96.11546461060107 91.62466736553505
87.47699044740259 96.11546461060107 91.62466736553505
87.47699044740259 96.11546461060107 91.62466736553505
87.49492096047055 96.12450220079648 91.64025635608142
87.49492096047055 96.12450220079648 91.64025635608142
87.49492096047055 96.12450220079648 91.64025635608142
87.47699044740259 96.11546461060107 91.62466736553505
87.49492096047055 96.12750539300899 91.6433671930001
87.49492096047055 96.12750539300899 91.6433671930001
87.49492096047055 96.12750539300899 91.6433671930001
87.46800589467153 96.11546461060107 91.62154258805498
87.50386697602475 96.11848182047191 91.63714320222232
87.50386697602475 96.11848182047191 91.63714320222232
87.50386697602475 96.11848182047191 91.63714320222232
87.46800589467153 96.11546461060107 91.62154258805498
87.47699044740259 96.04080947182803 91.59050833795153
87.47699044740259 96.04080947182803 91.59050833795153
87.47699044740259 96.04080947182803 91.59050833795153
87.47699044740259 96.04080947182803 91.59050833795153
87.49492096047055 96.05001361342073 91.60615508397868
87.49492096047055 96.05001361342073 91.60615508397868
87.49492096047055 96.05001361342073 91.60615508397868
87.47699044740259 96.04080947182803 91.59050833795153
87.49492096047055 96.05307215804453 91.60927744880212
87.49492096047055 96.05307215804453 91.60927744880212
87.49492096047055 96.05307215804453 91.60927744880212
87.46800589467153 96.04080947182803 91.58737198613015
87.50386697602475 96.0438822813752 91.60303039449458
87.50386697602475 96.0438822813752 91.60303039449458
87.4859621267862 96.04080947182803 91.59364235208798
87.46800589467153 96.11546461060107 91.62154258805498
87.47699044740259 96.11546461060107 91.62466736553505
87.47699044740259 96.11546461060107 91.62466736553505
87.47699044740259 96.11546461060107 91.62466736553505
87.47699044740259 96.11546461060107 91.62466736553505
87.49492096047055 96.12450220079648 91.64025635608142
87.49492096047055 96.12450220079648 91.64025635608142
87.47699044740259 96.04080947182803 91.59050833795153
87.47699044740259 96.04080947182803 91.59050833795153
87.49492096047055 96.05307215804453 91.60927744880212
87.49492096047055 96.05307215804453 91.60927744880212
87.46800589467153 96.04080947182803 91.58737198613015
87.46800589467153 96.04080947182803 91.58737198613015
87.50386697602475 96.0438822813752 91.60303039449458
87.50386697602475 96.0438822813752 91.60303039449458
87.46800589467153 95.96627021584546 91.55322686281426
87.46800589467153 95.96627021584546 91.55322686281426
87.47699044740259 95.96627021584546 91.55637477085475
87.47699044740259 95.96627021584546 91.55637477085475
87.47699044740259 95.96627021584546 91.55637477085475
87.4859621267862 95.97564038171772 91.56894297495725
87.49492096047055 95.97564038171772 91.57207918204028
87.49492096047055 95.97564038171772 91.57207918204028
87.47699044740259 95.96627021584546 91.55637477085475
87.4859621267862 95.97564038171772 91.56894297495725
87.49492096047055 95.97875410384559 91.57521305676154
87.49492096047055 95.97875410384559 91.57521305676154
87.63112906985779 96.54954099398545 91.90884170704322
87.6577432298835 96.55223314073636 91.92093648052197
87.66658918332558 96.55223314073636 91.92395452617976
87.66658918332558 96.55223314073636 91.92395452617976
87.64001320055131 96.62498943989186 91.94626799243382
87.64888457807953 96.62498943989186 91.94928107747377
87.64888457807953 96.62498943989186 91.94928107747377
87.64888457807953 96.62498943989186 91.94928107747377
87.64001320055131 96.62498943989186 91.94626799243382
87.6577432298835 96.63288312016688 91.96131090604366
87.6577432298835 96.63288312016688 91.96131090604366
87.6577432298835 96.63288312016688 91.96131090604366
87.64001320055131 96.62498943989186 91.94626799243382
87.6577432298835 96.71084515055101 91.99866728590756
87.6577432298835 96.71084515055101 91.99866728590756
87.6577432298835 96.71084515055101 91.99866728590756
87.64001320055131 96.70313424009463 91.98369427782443
87.67542246568979 96.63025599932521 91.96431274789822
87.67542246568979 96.63025599932521 91.96431274789822
87.67542246568979 96.63025599932521 91.96431274789822
87.52617293524622 96.17405928105948 91.67826525466465
88.27563301031573 96.82129856937273 92.38083627940998
88.27563301031573 96.82129856937273 92.38083627940998
88.27563301031573 96.82129856937273 92.38083627940998
88.26715154359005 96.82129856937273 92.37797132084675
88.28410222369732 96.82874817895825 92.39227460845574
88.28410222369732 96.82874817895825 92.39227460845574
88.28410222369732 96.82874817895825 92.39227460845574
88.26715154359005 96.82129856937273 92.37797132084675
88.28410222369732 96.83122362869199 92.39512882651768
88.28410222369732 96.83122362869199 92.39512882651768
88.28410222369732 96.83122362869199 92.39512882651768
88.26715154359005 96.82378565839835 92.38083627940998
88.30100399649089 96.82626885855555 92.39512882651768
88.30100399649089 96.82626885855555 92.39512882651768
88.30100399649089 96.82626885855555 92.39512882651768
88.26715154359005 96.82129856937273 92.37797132084675
88.26715154359005 96.82129856937273 92.37797132084675
88.26715154359005 96.82129856937273 92.37797132084675
88.26715154359005 96.82129856937273 92.37797132084675
88.25865779690862 96.78238243320429 92.35726410587411
88.42739254566077 96.13457708835553 92.1501775543033
88.61106756544913 96.34866278703335 92.34824750838986
88.99822869513875 96.80013508664543 92.76584476560033
89.15878998362177 97.19402352442513 93.03611207618891
89.17459754487597 97.2027972027972 93.05187390400064
89.85803633475628 97.93107852110427 93.75731925297393
89.85803633475628 97.93107852110427 93.75731925297393
89.8356349743304 97.84383280622275 93.7001545595054
89.86548152851077 97.76829528483039 93.67649477753105
89.86548152851077 97.76829528483039 93.67649477753105
89.69464137193552 96.77719112988385 93.12505109966479
89.66434955312809 96.77214654370083 93.10941757318747
89.66434955312809 96.77214654370083 93.10941757318747
89.66434955312809 96.77214654370083 93.10941757318747
89.66434955312809 96.77214654370083 93.10941757318747
89.65674875280743 96.77214654370083 93.10680507024357
89.6795176899889 96.77970751471922 93.12245044013454
89.6795176899889 96.77970751471922 93.12245044013454
90.09403889065986 97.21668715818035 93.54805578949531
90.04364375535583 96.998730964467 93.42082311536133
90.76633039850786 97.93941716158972 94.24915838823603
90.76633039850786 97.93941716158972 94.24915838823603
90.76633039850786 97.93941716158972 94.24915838823603
90.9211745277319 99.07175004327506 94.85344737665588
90.94815469258263 99.07249259507492 94.86335953360054
90.94815469258263 99.07249259507492 94.86335953360054
90.94815469258263 99.07249259507492 94.86335953360054
90.9211745277319 99.07100630156565 94.85146035290558
90.9211745277319 99.07100630156565 94.85146035290558
90.9211745277319 99.07100630156565 94.85146035290558
90.9211745277319 99.07100630156565 94.85146035290558
90.91440433722313 99.07100630156565 94.8494717942294
90.93468468468468 99.07323395981854 94.86138015788707
90.93468468468468 99.07323395981854 94.86138015788707
90.93468468468468 99.07323395981854 94.86138015788707
90.9279346360508 99.07323395981854 94.85939925610278
90.59553598238415 98.75083170569422 94.5342116711205
90.59553598238415 98.75083170569422 94.5342116711205
90.57459272931546 98.74485108585478 94.5152941910137
90.57459272931546 98.74485108585478 94.5152941910137
90.6024963994239 98.7458518295048 94.52582003776013
90.6024963994239 98.7458518295048 94.52582003776013
90.6024963994239 98.7458518295048 94.52582003776013
90.64882433191558 98.82276703747705 94.58804439405444
90.64882433191558 98.82276703747705 94.58804439405444
90.64882433191558 98.82276703747705 94.58804439405444
90.13165769000598 98.44213969101003 94.13274812637158
90.05050605873076 98.44213969101003 94.09218470077771
90.06518229114758 98.36772339238986 94.06750767132628
90.06518229114758 98.36772339238986 94.06750767132628
90.06518229114758 98.36772339238986 94.06750767132628
91.30179788460372 99.81431317721076 95.57564874032533
91.32128011622746 99.8149115930668 95.58765002827758
91.32128011622746 99.8149115930668 95.58765002827758
91.32128011622746 99.8149115930668 95.58765002827758
91.30179788460372 99.81401251586364 95.57220780039727
91.32775481399335 99.81416296814535 95.58080013426479
91.32775481399335 99.81416296814535 95.58080013426479
91.32128011622746 99.81401251586364 95.57736720554273
90.44016093196421 99.19559419787082 94.64612822647793
90.44016093196421 99.19559419787082 94.64612822647793
90.44016093196421 99.19559419787082 94.64612822647793
90.43307559793277 99.19559419787082 94.64406567891466
90.25229587243152 98.37651865390818 94.17117509275957
90.266706622715 98.38038441736742 94.18232975763155
89.62924758485251 97.63476113429277 93.49373093866487
89.62163020605868 97.63476113429277 93.49125798697429
89.62163020605868 97.63476113429277 93.49125798697429
90.28467692062162 98.38971814721354 94.19954793629823
90.28467692062162 98.38971814721354 94.19954793629823
90.26311580294306 98.38203695745595 94.17954347736028
90.26311580294306 98.38203695745595 94.17954347736028
90.2918427557611 98.46153846153847 94.22671244209133
90.2918427557611 98.46153846153847 94.22671244209133
90.27031346772422 98.45908836568674 94.21564666024305
90.59429763002767 98.7992916684663 94.54772301933873
90.8237517086114 99.0688609787787 94.79609707280461
90.8237517086114 99.0688609787787 94.79609707280461
90.8100817328985 99.0688609787787 94.79207962109041
90.8100817328985 99.0688609787787 94.79207962109041
90.8237517086114 99.15034375405371 94.83864919480844
90.8237517086114 99.15034375405371 94.83864919480844
90.81692180805054 99.15034375405371 94.83665919866618
90.81692180805054 99.15034375405371 94.83665919866618
90.83738107663282 99.23217944570257 94.88704294759167
90.83738107663282 99.23217944570257 94.88704294759167
90.81692180805054 99.14898224339541 94.8326745992846
90.83057145726625 99.14966354371768 94.83864919480844
90.66960264237814 98.53564132888937 94.46506323864814
90.66960264237814 98.53564132888937 94.46506323864814
90.65576071049097 98.53330748853138 94.45655785364234
90.65576071049097 98.53330748853138 94.45655785364234
90.46171081059454 98.53330748853138 94.3517356537612
90.13893595391393 98.1549023814632 94.00270725482295
90.1170688828512 98.1549023814632 93.99582066083214
90.68703209361139 98.7681175026382 94.58838929521276
90.97736791237114 99.06681355712527 94.8831247329533
90.97736791237114 99.06681355712527 94.8831247329533
90.97064098172366 99.06681355712527 94.88115095913261
91.00542931831892 98.62805204827542 94.6980151277768
91.45969322797728 98.62805204827542 94.9413306703283
92.02692260767009 99.2771448299672 95.54762253721655
92.00888580919967 99.11464196034288 95.45783777542172
92.03291679366046 99.11535050721346 95.46664152208533
92.03291679366046 99.11535050721346 95.46664152208533
92.03291679366046 99.11535050721346 95.46664152208533
92.0209193952097 99.11393227756233 95.45960125918154
92.0209193952097 99.11393227756233 95.45960125918154
92.0209193952097 99.11393227756233 95.45960125918154
92.0209193952097 99.11393227756233 95.45960125918154
92.00285539465634 99.11393227756233 95.45430669510132
92.01490713587488 99.19537992343132 95.50017307026653
92.84114492366491 99.78147330696444 96.41949421781675
92.84114492366491 99.78147330696444 96.41949421781675
92.83569812872712 99.78147330696444 96.41809070780053
92.85201370509427 99.78217778649066 96.42789223454834
92.85201370509427 99.78217778649066 96.42789223454834
92.85201370509427 99.78217778649066 96.42789223454834
92.84114492366491 99.7816498537054 96.42089662838089
92.85743572922219 99.7008602995764 96.46421925224158
92.85743572922219 99.7008602995764 96.46421925224158
92.85743572922219 99.7008602995764 96.46421925224158
92.84114492366491 99.69964703045184 96.45311837081036
92.84658344283837 99.69964703045184 96.45450979144799
92.84658344283837 99.69964703045184 96.45450979144799
92.84658344283837 99.69964703045184 96.45450979144799
92.59776249615108 99.92562778895791 96.22052080354968
91.12231521629525 98.62368551213953 94.75573964989697
91.0250211531488 98.51140610903467 94.65132235528942
91.0250211531488 98.51140610903467 94.65132235528942
91.0183262434225 98.51140610903467 94.64926420882949
91.03170608958229 98.51494696239152 94.65953913223998
91.03170608958229 98.51494696239152 94.65953913223998
91.03170608958229 98.51494696239152 94.65953913223998
91.0183262434225 98.35506562580424 94.57647902399484
91.04504613158053 98.35767204830628 94.58896227099771
91.04504613158053 98.35767204830628 94.58896227099771
91.04504613158053 98.35767204830628 94.58896227099771
91.0250211531488 98.27297332130429 94.53592814371258
91.19325629701332 98.23288171258025 94.60586522462562
91.3553809167862 98.27297332130429 94.71125316231664
91.3553809167862 98.27297332130429 94.71125316231664
91.33595205313031 98.27297332130429 94.70513435200434
91.34891431806234 98.19922059012463 94.6788819100703
90.45826743278144 97.2249311002756 93.74787631668366
90.45826743278144 97.2249311002756 93.74787631668366
90.45119410161885 97.2249311002756 93.74549350033992
90.4653302924819 97.23144603540534 93.75738945377158
90.4653302924819 97.23144603540534 93.75738945377158
90.4653302924819 97.23144603540534 93.75738945377158
90.45119410161885 97.2249311002756 93.74549350033992
90.47942469037156 97.22927779188892 93.75976321631177
90.47942469037156 97.22927779188892 93.75976321631177
90.47942469037156 97.22927779188892 93.75976321631177
90.45826743278144 97.2948832461401 93.77648987841725
90.4653302924819 97.2948832461401 93.77886359887844
90.4653302924819 97.2948832461401 93.77886359887844
90.2919212491514 96.5067712947728 93.31712621040539
90.27035680694803 96.5067712947728 93.30950840547563
90.91018928715265 97.37150154304565 94.05452946350043
90.14596353906671 96.5067712947728 93.2421758798609
90.14596353906671 96.5067712947728 93.2421758798609
90.13867796339221 96.5067712947728 93.2396100564392
90.16050244242847 96.59809627870816 93.2979354653899
90.16050244242847 96.59809627870816 93.2979354653899
90.16050244242847 96.59809627870816 93.2979354653899
90.14596353906671 96.66547225091162 93.32061851441696
90.17499850683868 96.6706652355999 93.3357886767745
90.17499850683868 96.6706652355999 93.3357886767745
90.17499850683868 96.6706652355999 93.3357886767745
90.15323835747635 96.6576523282346 93.31554643406875
90.16050244242847 96.6576523282346 93.31808343676593
90.16050244242847 96.6576523282346 93.31808343676593
90.16050244242847 96.6576523282346 93.31808343676593
90.13867796339221 96.6576523282346 93.31046664475846
90.14596353906671 96.6576523282346 93.31300750413189
90.14596353906671 96.6576523282346 93.31300750413189
90.14596353906671 96.6576523282346 93.31300750413189
90.13867796339221 96.6576523282346 93.31046664475846
90.36228843194853 97.1061636601749 93.64378497715254
90.4653302924819 96.73835276293086 93.52565943307216
90.4653302924819 96.73835276293086 93.52565943307216
90.45119410161885 96.7307165003902 93.51335244495135
90.30624451710662 96.15263851966593 93.1613720144186
90.30624451710662 96.15263851966593 93.1613720144186
90.30624451710662 96.15263851966593 93.1613720144186
90.2919212491514 96.14068241469816 93.14583397300092
90.29908817015503 96.14068241469816 93.14842854804387
90.29908817015503 96.14068241469816 93.14842854804387
90.29908817015503 96.14068241469816 93.14842854804387
90.27035680694803 96.13768176851308 93.13543599257885
90.27755559110543 96.13768176851308 93.13803844419853
90.27755559110543 96.13768176851308 93.13803844419853
90.27035680694803 96.13768176851308 93.13543599257885
90.27035680694803 96.13768176851308 93.13543599257885
90.2919212491514 96.15561597992051 93.15878723491194
90.2919212491514 96.15561597992051 93.15878723491194
90.28474373064242 96.07214680744093 93.11318149742792
90.27755559110543 96.07214680744093 93.11057456212146
90.1192775642685 96.25539583420645 93.11217978170532
89.85625223364968 96.22515030270021 92.95842125113401
89.84132665235028 96.21341066212781 92.94245052665993
89.84132665235028 96.21341066212781 92.94245052665993
89.92231119235431 96.21341066212781 92.98290406258299
89.92231119235431 96.21341066212781 92.98290406258299
89.89258882844105 96.13566160247116 92.93443796665643
90.91073983756223 97.21425384075987 93.98220935043442
90.917512485903 97.21425384075987 93.98451151297084
90.917512485903 97.21425384075987 93.98451151297084
90.91073983756223 97.29074515141205 94.01819066047204
90.91073983756223 97.29074515141205 94.01819066047204
90.93102754876332 97.22733329103484 94.00286559533258
90.93102754876332 97.22733329103484 94.00286559533258
90.917512485903 97.22080895446452 93.99140744412773
90.917512485903 97.22080895446452 93.99140744412773
90.93777000823839 97.22516191846928 94.00286559533258
90.93777000823839 97.22516191846928 94.00286559533258
90.92427504879963 97.14012941550865 93.953195356715
90.93777000823839 97.14012941550865 93.9578130482343
90.7426715322613 96.99813575120753 93.7874698695894
90.55022008803522 96.78080744028746 93.58310206598827
90.52215443891475 96.85409433482937 93.60654386615569
90.52918646854759 96.85409433482937 93.60897997013542
90.52918646854759 96.85409433482937 93.60897997013542
90.52918646854759 96.85409433482937 93.60897997013542
90.52215443891475 96.85409433482937 93.60654386615569
90.54321926996776 96.94439172518504 93.66398258083069
90.54321926996776 96.94439172518504 93.66398258083069
90.54321926996776 96.94439172518504 93.66398258083069
90.52918646854759 96.86146957568589 93.6162771560237
90.55022008803522 96.9420057403343 93.66398258083069
90.55022008803522 96.9420057403343 93.66398258083069
90.55022008803522 96.9420057403343 93.66398258083069
90.5362080711738 96.85655659678886 93.61384661295136
90.55022008803522 96.85655659678886 93.61870584969101
90.72448079544544 97.4502500798127 93.98982130506147
90.72448079544544 97.4502500798127 93.98982130506147
90.69687952388612 97.44824060662862 93.97832112862521
90.70379523034578 97.44824060662862 93.98062468336762
90.63277924997992 97.77939259227595 94.09736959244728
90.0812099686733 97.14613326538412 93.50690765448356
90.07388178913737 97.14613326538412 93.50443534278716
90.09583391444681 97.15952320568096 93.52661860174142
90.09583391444681 97.15952320568096 93.52661860174142
90.09583391444681 97.15952320568096 93.52661860174142
90.0812099686733 97.0767537360823 93.47877443276944
90.09583391444681 97.08132555583735 93.48867260812044
90.09583391444681 97.08132555583735 93.48867260812044
90.09583391444681 97.08132555583735 93.48867260812044
90.0812099686733 97.07216757123473 93.47381405149817
90.10312972843832 97.07216757123473 93.48125179678837
90.10312972843832 97.07216757123473 93.48125179678837
90.10312972843832 97.07216757123473 93.48125179678837
90.07388178913737 97.06986908828584 93.46884611823765
90.0812099686733 96.99372455902306 93.43578146682428
89.32903302400128 96.133641521328 92.63214747933843
89.14206733142463 95.919993290842 92.43245441880804
89.1341289914638 95.919993290842 92.42960611979166
89.15790926477257 96.01303230926672 92.48985801217039
89.15790926477257 95.97494780793319 92.47203885660979
89.7079828598635 97.06105903217633 93.27312523012723
89.85709167628677 97.2434850830135 93.43654712893853
89.87200890372844 97.24780353551392 93.44650490512655
89.87200890372844 97.24780353551392 93.44650490512655
89.87200890372844 97.24780353551392 93.44650490512655
89.85709167628677 97.23915305710705 93.43155688438183
89.87945107540763 97.23915305710705 93.439039408867
89.87945107540763 97.23915305710705 93.439039408867
89.87945107540763 97.23915305710705 93.439039408867
89.84961657205459 97.3135090294174 93.46211606904072
89.85709167628677 97.3135090294174 93.464603362295
89.85709167628677 97.3135090294174 93.464603362295
89.85709167628677 97.3135090294174 93.464603362295
89.84961657205459 97.3135090294174 93.46211606904072
89.87200890372844 97.47884904900236 93.55540281297127
89.87200890372844 97.47884904900236 93.55540281297127
89.87200890372844 97.47884904900236 93.55540281297127
89.85709167628677 97.47290116896919 93.54314846030506
89.87200890372844 97.47686953569307 93.55295566502463
89.87200890372844 97.47686953569307 93.55295566502463
89.87200890372844 97.47686953569307 93.55295566502463
89.85709167628677 97.46892029972753 93.53823366043326
89.87945107540763 97.46892029972753 93.54560305767038
89.87945107540763 97.46892029972753 93.54560305767038
89.87945107540763 97.46892029972753 93.54560305767038
89.84961657205459 97.46692515818403 93.53331137280738
89.85709167628677 97.46692515818403 93.53577345365863
89.85709167628677 97.46692515818403 93.53577345365863
89.85709167628677 97.46692515818403 93.53577345365863
89.84961657205459 97.46692515818403 93.53331137280738
89.86455577875455 97.54961393657074 93.5811783085968
89.86455577875455 97.54961393657074 93.5811783085968
89.86455577875455 97.54961393657074 93.5811783085968
89.84961657205459 97.46692515818403 93.53331137280738
89.87200890372844 97.15730028130882 93.40437522414058
89.87200890372844 97.15730028130882 93.40437522414058
89.87200890372844 97.15730028130882 93.40437522414058
89.85709167628677 97.07216757123473 93.35386510625192
89.87945107540763 97.07216757123473 93.36142984587936
89.87945107540763 97.07216757123473 93.36142984587936
89.87945107540763 97.07216757123473 93.36142984587936
89.84961657205459 97.14613326538412 93.3843102190156
89.85709167628677 97.14613326538412 93.38682501849264
89.85709167628677 97.14613326538412 93.38682501849264
89.85709167628677 97.14613326538412 93.38682501849264
89.84961657205459 97.14613326538412 93.3843102190156
89.86455577875455 97.15284397839213 93.39686512658487
89.86455577875455 97.15284397839213 93.39686512658487
89.86455577875455 97.15284397839213 93.39686512658487
89.84961657205459 97.54381476269668 93.56894971526255
89.87200890372844 97.55346486291333 93.58849316756157
89.87200890372844 97.55346486291333 93.58849316756157
89.87200890372844 97.55346486291333 93.58849316756157
89.85709167628677 97.54575086814802 93.57384673958902
89.70841840274336 96.48305799055967 92.99525049793166
89.70841840274336 96.48305799055967 92.99525049793166
89.70841840274336 96.48305799055967 92.99525049793166
89.67813761157831 96.48031379826651 92.98198935734753
89.68572450236401 96.48031379826651 92.98464560082654
89.71067482712026 96.52713309140012 93.01985264019648
89.71067482712026 96.52713309140012 93.01985264019648
89.87467872726185 97.3155790011061 93.47653878995504
89.88958519844823 97.39837743703012 93.52446302554674
89.88958519844823 97.39837743703012 93.52446302554674
89.88213745321335 97.39222990952634 93.51460345874099
89.87467872726185 97.39222990952634 93.51213387398884
89.89702198719733 97.40245971162001 93.53183804970142
89.89702198719733 97.40245971162001 93.53183804970142
89.88958519844823 97.39633148419733 93.52200094539327
89.88213745321335 97.39428231089934 93.51707116412999
89.90444784362025 97.39428231089934 93.52446302554674
89.90444784362025 97.39428231089934 93.52446302554674
89.88213745321335 97.39222990952634 93.51460345874099
89.87467872726185 97.39222990952634 93.51213387398884
89.88213745321335 97.39222990952634 93.51460345874099
89.88213745321335 97.39222990952634 93.51460345874099
89.87467872726185 97.39222990952634 93.51213387398884
89.87467872726185 97.39222990952634 93.51213387398884
89.88958519844823 97.39837743703012 93.52446302554674
89.66482109900578 96.9802702531244 93.20945945945947
89.85498585713717 97.2101226016191 93.41695368323651
89.85498585713717 97.2101226016191 93.41695368323651
89.86991805235103 97.21886848403973 93.43194477212347
89.86991805235103 97.21886848403973 93.43194477212347
89.85498585713717 97.2101226016191 93.41695368323651
89.85498585713717 97.2101226016191 93.41695368323651
89.88480635551142 97.13600780703057 93.39399099367095
89.88480635551142 97.13600780703057 93.39399099367095
89.85498585713717 97.13375796178345 93.38143100861235
89.85498585713717 97.13375796178345 93.38143100861235
89.86245745337288 97.13375796178345 93.38394682501361
89.86245745337288 97.13375796178345 93.38394682501361
89.85498585713717 97.13375796178345 93.38143100861235
89.69106983212475 96.55150634750204 93.02491976204591
89.6986421027555 96.55150634750204 93.02755668175455
89.6986421027555 96.55150634750204 93.02755668175455
89.68348642093125 96.46810753821823 92.97913490171197
89.69106983212475 96.47635476270617 92.98975181616618
89.6986421027555 96.40411678218862 92.95993141597437
89.88779692038355 96.65789196588396 93.17960941576045
89.37430654620384 96.2266532054518 92.70119164218087
89.4053733702094 96.22958744036485 92.71494180303664
89.4053733702094 96.22958744036485 92.71494180303664
89.4053733702094 96.22958744036485 92.71494180303664
89.37430654620384 96.2266532054518 92.70119164218087
89.38209032053693 96.2266532054518 92.70394582521698
89.38209032053693 96.2266532054518 92.70394582521698
89.38209032053693 96.2266532054518 92.70394582521698
89.38209032053693 96.2266532054518 92.70394582521698
89.39762370756974 96.31021882481414 92.75261962709138
89.39762370756974 96.31021882481414 92.75261962709138
89.39762370756974 96.31021882481414 92.75261962709138
89.37430654620384 96.30159765929231 92.73619857316365
89.38986269932339 96.5379437994279 92.85757977367723
89.38986269932339 96.5379437994279 92.85757977367723
89.38986269932339 96.5379437994279 92.85757977367723
89.37430654620384 96.52713309140012 92.84137818285855
89.4053733702094 96.52984209305757 92.85488460322479
89.4053733702094 96.52984209305757 92.85488460322479
89.4053733702094 96.52984209305757 92.85488460322479
89.37430654620384 96.45183732844222 92.80629181349266
89.38209032053693 96.45183732844222 92.80900941373466
89.55229801836828 97.4378633953102 93.3580510650535
89.55229801836828 97.4378633953102 93.3580510650535
89.55229801836828 97.4378633953102 93.3580510650535
89.56761146433736 97.3673595040445 93.3352461368201
89.56761146433736 97.3673595040445 93.3352461368201
89.56761146433736 97.3673595040445 93.3352461368201
89.54462442432904 97.36114066822729 93.32005012016515
89.5599603567889 97.36942594085451 93.3352461368201
89.5599603567889 97.36942594085451 93.3352461368201
89.5599603567889 97.36942594085451 93.3352461368201
89.54462442432904 97.36114066822729 93.32005012016515
89.57525136568759 97.363216875412 93.33271827044315
89.57525136568759 97.363216875412 93.33271827044315
89.57525136568759 97.363216875412 93.33271827044315
89.54462442432904 97.36114066822729 93.32005012016515
89.55229801836828 97.36114066822729 93.32258759997126
89.55229801836828 97.36114066822729 93.32258759997126
89.36262866191608 97.17914949658014 93.1361298387262
89.36262866191608 97.17914949658014 93.1361298387262
89.37818713681465 97.1857848227341 93.14911589949173
89.37818713681465 97.1857848227341 93.14911589949173
89.37818713681465 97.1857848227341 93.14911589949173
89.35483231979082 97.17914949658014 93.13352671661832
89.37041359257867 97.18798966670902 93.14911589949173
89.37041359257867 97.18798966670902 93.14911589949173
89.37041359257867 97.18798966670902 93.14911589949173
89.35483231979082 97.17914949658014 93.13352671661832
89.55575343821114 98.18162324434438 93.69867242976227
89.55575343821114 98.18162324434438 93.69867242976227
89.55575343821114 98.18162324434438 93.69867242976227
89.52507591243773 98.18017940684149 93.68665257514049
89.53276217674123 98.18017940684149 93.68906021314754
89.53276217674123 98.18017940684149 93.68906021314754
89.53276217674123 98.18017940684149 93.68906021314754
89.53276217674123 98.18017940684149 93.68906021314754
89.54810091488771 98.18450405703398 93.70107091053114
89.54810091488771 98.18450405703398 93.70107091053114
90.07071008863659 98.6831063197986 94.21378183247482
90.05605314077117 98.67995341012036 94.20268827790616
90.07071008863659 98.68415394538809 94.21599545055058
90.07071008863659 98.68415394538809 94.21599545055058
89.8988091688038 97.67610129814854 93.65820065576467
89.87646941621837 97.66875880619956 93.64127298210899
89.9062338591124 97.67059877557115 93.65337338119876
89.9062338591124 97.67059877557115 93.65337338119876
89.9062338591124 97.67059877557115 93.65337338119876
89.87646941621837 97.59167217730753 93.6055795362062
89.88392697154917 97.59167217730753 93.60801598253455
89.88392697154917 97.59167217730753 93.60801598253455
89.88392697154917 97.59167217730753 93.60801598253455
89.88392697154917 97.59167217730753 93.60801598253455
89.8988091688038 97.59736114066823 93.6201704165853
89.8988091688038 97.59736114066823 93.6201704165853
89.8988091688038 97.59736114066823 93.6201704165853
89.88392697154917 97.66875880619956 93.64369675179512
89.8988091688038 97.67610129814854 93.65820065576467
89.8988091688038 97.67610129814854 93.65820065576467
89.8988091688038 97.67610129814854 93.65820065576467
89.87646941621837 97.66875880619956 93.64127298210899
89.9062338591124 97.67059877557115 93.65337338119876
89.9062338591124 97.67059877557115 93.65337338119876
89.9062338591124 97.67059877557115 93.65337338119876
89.87646941621837 97.66875880619956 93.64127298210899
89.88392697154917 97.66875880619956 93.64369675179512
89.88392697154917 97.66875880619956 93.64369675179512
89.88392697154917 97.66875880619956 93.64369675179512
89.88392697154917 97.66875880619956 93.64369675179512
89.8988091688038 97.75130019609514 93.69143256837795
89.8988091688038 97.75130019609514 93.69143256837795
89.8988091688038 97.75130019609514 93.69143256837795
89.88392697154917 97.7459673111847 93.67940473245939
89.8988091688038 97.83016454940746 93.72949175555716
89.8988091688038 97.83016454940746 93.72949175555716
89.8988091688038 97.83016454940746 93.72949175555716
89.87646941621837 97.90075110740194 93.74851683329723
89.9062338591124 97.90241190557646 93.76042675014932
89.9062338591124 97.90241190557646 93.76042675014932
89.89137354766831 97.90075110740194 93.75328625186864
89.87646941621837 97.90075110740194 93.74851683329723
89.88392697154917 97.90075110740194 93.75090245260834
89.88392697154917 97.90075110740194 93.75090245260834
89.88392697154917 97.90075110740194 93.75090245260834
89.88392697154917 97.90075110740194 93.75090245260834
89.8988091688038 97.98312146138232 93.79852944205301
89.8988091688038 97.98312146138232 93.79852944205301
89.88392697154917 97.97832697991177 93.78669225451657
89.88392697154917 97.97832697991177 93.78669225451657
89.8988091688038 98.06217284478154 93.83663213395671
89.8988091688038 98.06217284478154 93.83663213395671
89.87646941621837 97.97832697991177 93.78431939226292
89.87646941621837 97.97832697991177 93.78431939226292
89.9062338591124 97.97992767113908 93.79616561415077
89.9062338591124 97.97992767113908 93.79616561415077
89.87646941621837 97.97832697991177 93.78431939226292
89.87646941621837 97.97832697991177 93.78431939226292
89.88392697154917 97.97832697991177 93.78669225451657
89.88392697154917 97.97832697991177 93.78669225451657
89.88392697154917 97.97832697991177 93.78669225451657
89.89137354766831 97.9057256308441 93.76042675014932
89.8988091688038 97.9057256308441 93.76280328999516
89.8988091688038 97.9057256308441 93.76280328999516
89.88392697154917 97.82329798152583 93.71513995566781
89.88392697154917 97.82329798152583 93.71513995566781
89.8988091688038 97.83016454940746 93.72949175555716
89.8988091688038 97.83016454940746 93.72949175555716
89.87646941621837 97.82329798152583 93.71274159945544
89.8988091688038 97.8250186945839 93.72232405824563
89.9062338591124 97.8250186945839 93.72471511071308
89.9062338591124 97.8250186945839 93.72471511071308
89.88392697154917 97.90075110740194 93.75090245260834
89.89137354766831 97.90075110740194 93.75328625186864
89.89137354766831 97.90075110740194 93.75328625186864
89.89137354766831 97.90075110740194 93.75328625186864
89.88392697154917 97.90075110740194 93.75090245260834
89.8988091688038 97.9057256308441 93.76280328999516
89.8988091688038 97.9057256308441 93.76280328999516
89.8988091688038 97.9057256308441 93.76280328999516
90.24868063329602 98.02451148440177 94.00492264416314
90.26308435466485 98.03075608714225 94.01865494541778
90.26308435466485 98.03075608714225 94.01865494541778
90.26308435466485 98.03075608714225 94.01865494541778
90.24868063329602 98.02607634502986 94.00721573816588
90.27744558718011 98.02763872844736 94.01865494541778
90.27744558718011 98.02763872844736 94.01865494541778
90.27744558718011 98.02763872844736 94.01865494541778
90.24868063329602 98.02451148440177 94.00492264416314
90.25588781686342 98.02451148440177 94.00721573816588
90.25588781686342 98.02451148440177 94.00721573816588
90.25588781686342 98.02451148440177 94.00721573816588
90.24868063329602 98.02451148440177 94.00492264416314
90.26308435466485 98.02919864053182 94.01637059898226
90.26308435466485 98.02919864053182 94.01637059898226
90.26308435466485 98.02919864053182 94.01637059898226
90.24868063329602 97.8693364138108 93.93303709827427
90.26308435466485 97.95334741874213 93.9827755144139
90.26308435466485 97.95334741874213 93.9827755144139
90.26308435466485 97.95334741874213 93.9827755144139
90.02193419740779 97.48552205757112 93.63454766366688
90.45051521687036 97.95011008272235 94.0759247979021
90.45051521687036 97.95011008272235 94.0759247979021
90.45051521687036 97.95011008272235 94.0759247979021
90.6164067361153 98.08335477231799 94.23003161768517
90.6164067361153 98.08335477231799 94.23003161768517
90.6164067361153 98.08335477231799 94.23003161768517
90.6164067361153 98.08335477231799 94.23003161768517
90.60943274947775 98.08335477231799 94.2278176463268
90.63032367972743 98.08790503689445 94.24107604759442
90.63032367972743 98.08790503689445 94.24107604759442
90.63032367972743 98.08790503689445 94.24107604759442
90.62337037185607 98.08790503689445 94.23887054537174
90.63726668268845 98.09393855403705 94.25207827748233
90.63726668268845 98.09393855403705 94.25207827748233
90.63726668268845 98.09393855403705 94.25207827748233
90.6164067361153 97.92963319431077 94.16003976143142
90.64419940363025 97.85389395460078 94.13520940515299
90.64419940363025 97.85389395460078 94.13520940515299
90.64419940363025 97.85389395460078 94.13520940515299
90.6164067361153 97.92799349287212 94.15780151027046
90.98714176306986 98.11280291657731 94.44248192170227
90.98714176306986 98.11280291657731 94.44248192170227
90.98714176306986 98.11280291657731 94.44248192170227
90.98041588511728 98.11280291657731 94.44034465913461
91.00056347098125 98.11728461094114 94.4531436334035
91.00056347098125 98.11728461094114 94.4531436334035
91.00056347098125 98.11728461094114 94.4531436334035
90.99385761756118 98.19501541623843 94.48728193526293
91.00725934565345 98.20071715188251 94.49995340698482
91.00725934565345 98.20071715188251 94.49995340698482
91.00725934565345 98.20071715188251 94.49995340698482
90.98714176306986 98.19215097576668 94.48092427894605
91.01394526383476 98.19358433154048 94.49151224166002
91.01394526383476 98.19358433154048 94.49151224166002
91.01394526383476 98.19358433154048 94.49151224166002
90.98714176306986 98.19071534350654 94.47880180020995
90.98714176306986 98.19071534350654 94.47880180020995
90.98714176306986 98.19071534350654 94.47880180020995
90.98714176306986 98.19071534350654 94.47880180020995
90.8100817328985 97.97832697991177 94.28648514029554
91.34246353977295 98.19501541623843 94.67207151023803
91.34246353977295 98.19501541623843 94.67207151023803
91.34246353977295 98.19501541623843 94.67207151023803
91.33598819462694 98.19501541623843 94.67002173167106
91.34892921300688 98.20071715188251 94.68229679962654
91.34892921300688 98.20071715188251 94.68229679962654
91.34892921300688 98.20071715188251 94.68229679962654
91.32950315585046 98.11429918357726 94.62741547778853
91.35538523598225 98.11579307982186 94.63773835735948
91.35538523598225 98.11579307982186 94.63773835735948
91.35538523598225 98.11579307982186 94.63773835735948
91.40435345525167 98.11280291657731 94.66386292186296
91.40435345525167 98.11280291657731 94.66386292186296
91.2271846228396 97.31143914578637 94.19320088666073
91.2271846228396 97.31143914578637 94.19320088666073
91.14586490473016 97.31143914578637 94.15263457851924
91.15908403107031 97.31777188328913 94.16382252559727
91.15908403107031 97.31777188328913 94.16382252559727
91.45901705765569 97.50813258775753 94.41361066445356
91.28887450964532 97.27855082301036 94.2152011428808
91.50592421852886 97.58420293543735 94.47549841624743
91.50592421852886 97.58420293543735 94.47549841624743
91.50592421852886 97.58420293543735 94.47549841624743
91.48681784100351 97.57277415505263 94.45638964195568
91.51227396706739 97.49787234042553 94.43079952329137
91.51227396706739 97.49787234042553 94.43079952329137
91.51227396706739 97.49787234042553 94.43079952329137
91.4931961768994 97.49392660785065 94.42010175475029
91.4931961768994 97.49392660785065 94.42010175475029
91.4931961768994 97.49392660785065 94.42010175475029
91.48681784100351 97.49392660785065 94.4179572673543
91.48042993307645 97.49392660785065 94.4158111309697
91.4931961768994 97.42320601605982 94.39030458852558
91.4931961768994 97.42320601605982 94.39030458852558
91.48681784100351 97.42320601605982 94.38815195859823
91.48681784100351 97.42320601605982 94.38815195859823
91.50592421852886 97.50768252622656 94.43932824933002
91.50592421852886 97.50768252622656 94.43932824933002
91.48681784100351 97.49590102846922 94.42010175475029
91.42382697798749 97.97992767113908 94.6146162810055
90.88975398322431 97.3466743143628 94.02932708679455
90.88975398322431 97.3466743143628 94.02932708679455
90.86941656778554 97.34249664886488 94.01790699117058
90.86941656778554 97.34249664886488 94.01790699117058
90.86941656778554 97.34249664886488 94.01790699117058
90.86941656778554 97.34249664886488 94.01790699117058
90.85580777054926 97.34249664886488 94.01332671136495
90.85580777054926 97.34249664886488 94.01332671136495
90.86941656778554 97.34875822542985 94.02476428490287
90.86941656778554 97.34875822542985 94.02476428490287
90.86261723624361 97.34875822542985 94.02248026777966
90.86261723624361 97.34875822542985 94.02248026777966
90.8829849187702 97.43334533364393 94.07429549155827
90.8829849187702 97.43334533364393 94.07429549155827
90.86261723624361 97.42122172812188 94.05388633190258
90.86941656778554 97.42325027638404 94.05843384077967
90.88975398322431 97.3466743143628 94.02932708679455
90.88975398322431 97.3466743143628 94.02932708679455
90.87620578778134 97.34249664886488 94.02019450387044
91.00972085253687 97.34249664886488 94.09118176364727
91.00972085253687 97.34249664886488 94.09118176364727
91.00972085253687 97.34249664886488 94.09118176364727
90.98959173793772 97.34249664886488 94.08439037017861
91.00302114803625 97.34875822542985 94.09570070276973
91.00302114803625 97.34875822542985 94.09570070276973
91.00302114803625 97.34875822542985 94.09570070276973
90.99631145062786 97.34875822542985 94.09344209753627
91.01641058643713 97.28089650068718 94.0733258433915
91.01641058643713 97.28089650068718 94.0733258433915
91.01641058643713 97.28089650068718 94.0733258433915
90.99631145062786 97.26807299301086 94.05291355521999
91.02309037197806 97.270218637232 94.06427104086879
91.02309037197806 97.270218637232 94.06427104086879
91.02309037197806 97.270218637232 94.06427104086879
91.00972085253687 97.26592397312697 94.05518852806468
91.00972085253687 97.26592397312697 94.05518852806468
91.00972085253687 97.26592397312697 94.05518852806468
91.00972085253687 97.26592397312697 94.05518852806468
90.98959173793772 97.34249664886488 94.08439037017861
91.3322956883831 97.52886885141314 94.35508943561257
91.3322956883831 97.52886885141314 94.35508943561257
91.3322956883831 97.52886885141314 94.35508943561257
91.32580814823805 97.52886885141314 94.3529241008947
91.34524169946513 97.53662207712365 94.36804665205344
91.34524169946513 97.53662207712365 94.36804665205344
91.34524169946513 97.53662207712365 94.36804665205344
91.3322956883831 97.53081172970676 94.35725311039977
91.35170021378725 97.53275155530076 94.36589124835797
91.35170021378725 97.53275155530076 94.36589124835797
91.35170021378725 97.53275155530076 94.36589124835797
91.3322956883831 97.52302182810368 94.34858844402021
91.33877353155046 97.52302182810368 94.3507571043352
91.33877353155046 97.52302182810368 94.3507571043352
91.33877353155046 97.52302182810368 94.3507571043352
91.31931088932527 97.52302182810368 94.34424612445358
91.3322956883831 97.45218869528262 94.3189234546415
91.3322956883831 97.45218869528262 94.3189234546415
91.3322956883831 97.45218869528262 94.3189234546415
91.32580814823805 97.45218869528262 94.31674508259582
91.33877353155046 97.45818405376184 94.32762026913808
91.33877353155046 97.45818405376184 94.32762026913808
91.33877353155046 97.45818405376184 94.32762026913808
91.32580814823805 97.29918954470233 94.24447021787756
91.35170021378725 97.30342314861889 94.25767124702965
91.35170021378725 97.30342314861889 94.25767124702965
91.35170021378725 97.30342314861889 94.25767124702965
91.3322956883831 97.29281415477531 94.24005637656228
91.33877353155046 97.29281415477531 94.24226414312501
91.33877353155046 97.29281415477531 94.24226414312501
91.33877353155046 97.29281415477531 94.24226414312501
91.31931088932527 97.29281415477531 94.23563576021571
91.3322956883831 97.37562902095675 94.28278518763979
91.3322956883831 97.37562902095675 94.28278518763979
91.3322956883831 97.37562902095675 94.28278518763979
91.32580814823805 97.37562902095675 94.28059379888326
91.33877353155046 97.38179969496696 94.2915339757641
91.33877353155046 97.38179969496696 94.2915339757641
91.33877353155046 97.38179969496696 94.2915339757641
91.32580814823805 97.37562902095675 94.28059379888326
91.3867199322075 97.6073606595695 94.41960589501574
91.3867199322075 97.6073606595695 94.41960589501574
91.3867199322075 97.6073606595695 94.41960589501574
91.367386556661 97.59791791108456 94.40245826758576
91.37384065145791 97.59791791108456 94.40460748196959
91.37384065145791 97.59791791108456 94.40460748196959
91.37384065145791 97.59791791108456 94.40460748196959
91.35444934991291 97.59791791108456 94.39815488187504
91.36092279672164 97.59791791108456 94.40030740152247
91.36092279672164 97.59791791108456 94.40030740152247
91.36092279672164 97.59791791108456 94.40030740152247
91.35444934991291 97.59791791108456 94.39815488187504
91.37384065145791 97.60924030744405 94.41746818930083
91.37384065145791 97.60924030744405 94.41746818930083
91.37384065145791 97.60924030744405 94.41746818930083
91.36092279672164 97.60359248302723 94.4067550465758
91.3867199322075 97.53068070831034 94.38346385822616
91.3867199322075 97.53068070831034 94.38346385822616
91.3867199322075 97.53068070831034 94.38346385822616
91.367386556661 97.44408945686901 94.32999315366901
91.3092641951377 97.80238573688486 94.46636622292371
90.70849715156865 97.12138581072475 93.82722415891416
90.70849715156865 97.12138581072475 93.82722415891416
90.68776261032147 97.12138581072475 93.82014930767086
90.69468439873036 97.12138581072475 93.82250939267578
90.69468439873036 97.12138581072475 93.82250939267578
90.69468439873036 97.12138581072475 93.82250939267578
90.68776261032147 97.12138581072475 93.82014930767086
90.70849715156865 97.13488843813387 93.8413253755917
90.70849715156865 97.13488843813387 93.8413253755917
90.70849715156865 97.13488843813387 93.8413253755917
90.69468439873036 97.12815299574305 93.82957884427032
90.72226895805792 97.1326468038316 93.84366931709475
90.72226895805792 97.1326468038316 93.84366931709475
90.72226895805792 97.1326468038316 93.84366931709475
90.70849715156865 97.1236450798634 93.82957884427032
90.71538816171902 97.1236450798634 93.831931733861
90.71538816171902 97.1236450798634 93.831931733861
90.71538816171902 97.1236450798634 93.831931733861
90.68776261032147 97.0451604692107 93.78431939226292
90.11717268499112 96.244872199432 93.10369550966897
91.25197073210171 96.7864773953331 93.95925286584043
91.63094923723821 97.21425384075987 94.36286218714301
91.63094923723821 97.21425384075987 94.36286218714301
91.64977705715444 97.1513102282333 94.34616180426237
91.64977705715444 97.1513102282333 94.34616180426237
91.64351053688416 97.14461225613759 94.33749171087533
91.63723460398651 97.14461225613759 94.33532003109613
91.5874043793257 97.14908106507625 94.31006132558404
91.5874043793257 97.14908106507625 94.31006132558404
91.57478719092015 97.06393623335877 94.2608173076923
91.57478719092015 97.06393623335877 94.2608173076923
91.65603418595703 97.06393623335877 94.30133921635647
91.65603418595703 97.06393623335877 94.30133921635647
91.63094923723821 96.9854998728059 94.25420898123463
91.63094923723821 96.9854998728059 94.25420898123463
91.63723460398651 96.9854998728059 94.25641344698148
91.63723460398651 96.9854998728059 94.25641344698148
91.63094923723821 96.9854998728059 94.25420898123463
91.63094923723821 96.9854998728059 94.25420898123463
92.05651235698872 97.69428565356908 94.8179956123478
91.03537132848831 97.11436900587266 94.00480357897558
90.83702213279679 96.93927159737048 93.81603768722489
90.6527981365836 96.73275680236237 93.62109226322124
90.67358551049848 96.73784853845507 93.6332087560064
90.67358551049848 96.73784853845507 93.6332087560064
90.6597375496609 96.72764914652696 93.6186634284891
90.6597375496609 96.72764914652696 93.6186634284891
90.67358551049848 96.72764914652696 93.6235192497532
90.67358551049848 96.72764914652696 93.6235192497532
90.64584840446909 96.72508932535571 93.61136581395589
90.6527981365836 96.72508932535571 93.61380020597322
90.6527981365836 96.72508932535571 93.61380020597322
90.6527981365836 96.72508932535571 93.61380020597322
90.64584840446909 96.72508932535571 93.61136581395589
90.66666666666666 96.74038845983881 93.6332087560064
90.66666666666666 96.74038845983881 93.6332087560064
90.66666666666666 96.74038845983881 93.6332087560064
90.6527981365836 96.6573229076654 93.58547219480093
90.67358551049848 96.66252814545149 93.59765171964324
90.4796177452568 96.48385809405785 93.41070184783054
90.4796177452568 96.48385809405785 93.41070184783054
90.4655120632696 96.47289353363814 93.39568404410406
90.4796177452568 96.47289353363814 93.40069757899056
90.4796177452568 96.47289353363814 93.40069757899056
90.4796177452568 96.47289353363814 93.40069757899056
90.45136452046279 96.47014170040485 93.38814944241739
90.45844353610644 96.47014170040485 93.39066288579295
90.45844353610644 96.47014170040485 93.39066288579295
90.45844353610644 96.47014170040485 93.39066288579295
90.45136452046279 96.47014170040485 93.38814944241739
90.47257012524508 96.41171906130067 93.37531357190396
90.47257012524508 96.41171906130067 93.37531357190396
90.47257012524508 96.41171906130067 93.37531357190396
90.45844353610644 96.47838434837487 93.39819176338989
90.47257012524508 96.48385809405785 93.40820362533431
90.47257012524508 96.48385809405785 93.40820362533431
90.47257012524508 96.48385809405785 93.40820362533431
90.45844353610644 96.3977430628658 93.35769870439192
90.4796177452568 96.3977430628658 93.36525939067035
90.48685394381685 96.54612546125462 93.439039408867
90.48685394381685 96.54612546125462 93.439039408867
90.45861992901116 96.54342871613066 93.42655904580741
90.46569413273485 96.54342871613066 93.42905891542983
90.46569413273485 96.54342871613066 93.42905891542983
90.46569413273485 96.54342871613066 93.42905891542983
90.45861992901116 96.54342871613066 93.42655904580741
90.47981111689143 96.55954631379963 93.44898962987253
90.47981111689143 96.55954631379963 93.44898962987253
90.47981111689143 96.55954631379963 93.44898962987253
90.46569413273485 96.47635476270617 93.40106732348112
90.47981111689143 96.55687049376748 93.44650490512655
90.47981111689143 96.55687049376748 93.44650490512655
90.47981111689143 96.55687049376748 93.44650490512655
90.46569413273485 96.62150755465518 93.46708876372159
90.48685394381685 96.62150755465518 93.4745336385943
90.48685394381685 96.62150755465518 93.4745336385943
90.48685394381685 96.62150755465518 93.4745336385943
90.45861992901116 96.61886760575278 93.46211606904072
90.46569413273485 96.61886760575278 93.464603362295
90.29922393791503 96.43150728242313 93.28810845759912
90.49108037682902 96.64744280372646 93.49151984531045
90.48402302770144 96.64744280372646 93.48904208251878
90.50516371787687 96.81373065178478 93.58228406653737
90.50516371787687 96.81373065178478 93.58228406653737
90.50516371787687 96.81373065178478 93.58228406653737
90.49108037682902 96.8062650398953 93.57007731534792
90.50516371787687 96.73581130883437 93.54431548810147
90.50516371787687 96.73581130883437 93.54431548810147
90.50516371787687 96.73581130883437 93.54431548810147
90.49108037682902 96.72560576293385 93.52957511802276
90.51218975620488 96.72560576293385 93.53695370769894
90.51218975620488 96.72560576293385 93.53695370769894
90.51218975620488 96.72560576293385 93.53695370769894
90.48402302770144 96.723044397463 93.52464669130136
90.49108037682902 96.723044397463 93.52711184278218
90.49108037682902 96.723044397463 93.52711184278218
90.49108037682902 96.723044397463 93.52711184278218
90.48402302770144 96.79876436112815 93.56027842991887
90.49812726580808 96.7307165003902 93.53695370769894
90.36419271614568 96.76949696151249 93.48413130307107
90.17123014289136 96.55150634750204 93.27917055129242
90.15669344845504 96.54342871613066 93.26640799819343
90.178482401037 96.55687049376748 93.28680488753352
90.178482401037 96.55687049376748 93.28680488753352
90.178482401037 96.55687049376748 93.28680488753352
90.1639671666234 96.54612546125462 93.27151883154181
90.18572396476824 96.54612546125462 93.27917055129242
90.18572396476824 96.54612546125462 93.27917055129242
90.18572396476824 96.54612546125462 93.27917055129242
90.15669344845504 96.54342871613066 93.26640799819343
90.1639671666234 96.54342871613066 93.26896438502345
90.1639671666234 96.54342871613066 93.26896438502345
90.1639671666234 96.54342871613066 93.26896438502345
90.15669344845504 96.54342871613066 93.26640799819343
90.17123014289136 96.55150634750204 93.27917055129242
90.17123014289136 96.55150634750204 93.27917055129242
90.17123014289136 96.55150634750204 93.27917055129242
90.15669344845504 96.54342871613066 93.26640799819343
90.178482401037 96.55687049376748 93.28680488753352
90.00258742511394 96.35837301504058 93.10006740609106
90.178482401037 96.55687049376748 93.28680488753352
90.1639671666234 96.54612546125462 93.27151883154181
90.18572396476824 96.54612546125462 93.27917055129242
90.18572396476824 96.54612546125462 93.27917055129242
90.18572396476824 96.54612546125462 93.27917055129242
90.15669344845504 96.54342871613066 93.26640799819343
90.1639671666234 96.54342871613066 93.26896438502345
90.1639671666234 96.54342871613066 93.26896438502345
90.1639671666234 96.54342871613066 93.26896438502345
90.15669344845504 96.54342871613066 93.26640799819343
90.17123014289136 96.55150634750204 93.27917055129242
90.17123014289136 96.55150634750204 93.27917055129242
90.1639671666234 96.54342871613066 93.26896438502345
90.15669344845504 96.54342871613066 93.26640799819343
90.178482401037 96.55687049376748 93.28680488753352
90.178482401037 96.55687049376748 93.28680488753352
90.17123014289136 96.54881800176985 93.2766219124731
90.1639671666234 96.54612546125462 93.27151883154181
90.18572396476824 96.54612546125462 93.27917055129242
90.22168175112635 96.71947613012252 93.37962298209268
89.64654487688641 96.22867719748439 92.84598020489668
89.63893249607536 96.22867719748439 92.8432754991519
89.64654487688641 96.15384615384616 92.81090463549113
89.64654487688641 96.15384615384616 92.81090463549113
89.63893249607536 96.15384615384616 92.8081876959848
89.63893249607536 96.15384615384616 92.8081876959848
89.65414608012382 96.16279801220357 92.82175189625642
89.65414608012382 96.16279801220357 92.82175189625642
89.63893249607536 96.15384615384616 92.8081876959848
89.63893249607536 96.15384615384616 92.8081876959848
89.58837292302812 96.09128022610697 92.75450870171794
89.58837292302812 96.09128022610697 92.75450870171794
89.57307386814932 96.004532673018 92.70308323300753
89.57307386814932 96.004532673018 92.70308323300753
89.6693150522082 96.08217568304865 92.78675159235668
89.6693150522082 96.08217568304865 92.78675159235668
89.63893249607536 96.15384615384616 92.8081876959848
89.63893249607536 96.15384615384616 92.8081876959848
89.64654487688641 96.15384615384616 92.81090463549113
89.64654487688641 96.19225836294443 92.8289131034201
89.43455331297831 95.96023156305058 92.60859816132255
89.4422981674096 95.96961516730491 92.61973092344955
89.45003167564143 95.96961516730491 92.62250887598043
89.45003167564143 95.96961516730491 92.62250887598043
89.43455331297831 95.96023156305058 92.60859816132255
89.4422981674096 95.96961516730491 92.61973092344955
89.45003167564143 95.97273335563735 92.625284738041
89.45003167564143 95.97273335563735 92.625284738041
89.43455331297831 95.96023156305058 92.60859816132255
89.46546475309374 95.96336428227107 92.62250887598043
89.46546475309374 95.96336428227107 92.62250887598043
89.46546475309374 95.96336428227107 92.62250887598043
89.43455331297831 95.96023156305058 92.60859816132255
89.4422981674096 95.96023156305058 92.6113844993938
89.4422981674096 95.96023156305058 92.6113844993938
89.4422981674096 95.96023156305058 92.6113844993938
89.4422981674096 95.96023156305058 92.6113844993938
89.45775386258877 95.96961516730491 92.625284738041
89.45775386258877 95.96961516730491 92.625284738041
89.83630006357279 96.54744110650302 93.09770332287376
89.34598320392965 96.00654733175246 92.58312020460357
89.36157588702979 96.01891173824816 92.59985970334374
89.36157588702979 96.01891173824816 92.59985970334374
89.36157588702979 96.01891173824816 92.59985970334374
89.34598320392965 96.00654733175246 92.58312020460357
89.37712299549727 96.00964562801425 92.5970750361044
89.37712299549727 96.00964562801425 92.5970750361044
89.37712299549727 96.00964562801425 92.5970750361044
89.34598320392965 96.08114919354838 92.61803800048928
89.35378525482434 96.08114919354838 92.6208210635718
89.52388506613258 97.05957230142566 93.1676318351868
89.52388506613258 97.05957230142566 93.1676318351868
89.52388506613258 97.05957230142566 93.1676318351868
89.5392352929529 97.06648041145469 93.18056265984654
89.5392352929529 97.06648041145469 93.18056265984654
89.5392352929529 97.06648041145469 93.18056265984654
89.51619304651533 97.05957230142566 93.1650397834468
89.53156580668173 97.06877590728365 93.18056265984654
89.53156580668173 97.06877590728365 93.18056265984654
89.41993706584338 97.32606713458725 93.23970190811563
88.86196639284518 96.79876436112815 92.69173484585723
88.89434503348981 96.72560576293385 92.67058871427409
88.89434503348981 96.72560576293385 92.67058871427409
88.89434503348981 96.72560576293385 92.67058871427409
88.86196639284518 96.723044397463 92.65676146966746
88.87007874015748 96.723044397463 92.65953109072376
88.87007874015748 96.723044397463 92.65953109072376
88.87007874015748 96.723044397463 92.65953109072376
88.87007874015748 96.723044397463 92.65953109072376
88.88626803475252 96.7307165003902 92.67334791677266
88.88626803475252 96.7307165003902 92.67334791677266
88.88626803475252 96.7307165003902 92.67334791677266
88.86196639284518 96.723044397463 92.65676146966746
88.8781792788717 96.73326589108076 92.67334791677266
88.8781792788717 96.73326589108076 92.67334791677266
88.8781792788717 96.73326589108076 92.67334791677266
89.19581594922191 97.03692705792521 92.98198935734753
89.22734173222136 97.0392505934215 92.99525049793166
89.22734173222136 97.0392505934215 92.99525049793166
89.22734173222136 97.0392505934215 92.99525049793166
89.19581594922191 97.03692705792521 92.98198935734753
89.2037146808931 97.03692705792521 92.98464560082654
89.2037146808931 97.03692705792521 92.98464560082654
89.2037146808931 97.03692705792521 92.98464560082654
89.2037146808931 97.03692705792521 92.98464560082654
89.21947754715492 97.04388674933344 92.99789671438198
89.7257827691575 97.41285923660232 93.44152979677257
89.7257827691575 97.41285923660232 93.44152979677257
89.71067482712026 97.483539664614 93.464603362295
89.7257827691575 97.5681306066919 93.51498357963875
89.7257827691575 97.5681306066919 93.51498357963875
89.7257827691575 97.5681306066919 93.51498357963875
89.70310418199534 97.56045549537255 93.49770016772825
89.7333201149995 97.48552205757112 93.4745336385943
89.7333201149995 97.48552205757112 93.4745336385943
89.7333201149995 97.48552205757112 93.4745336385943
89.70310418199534 97.483539664614 93.46211606904072
89.71067482712026 97.483539664614 93.464603362295
89.71067482712026 97.483539664614 93.464603362295
90.04168411815155 98.64165588615784 94.17731223904102
89.12798847057431 97.99721537967227 93.38490620312724
89.05080740448996 97.96846962317355 93.33142060824657
89.05080740448996 97.96846962317355 93.33142060824657
89.21947754715492 98.7787542000517 93.79273416261637
89.2037146808931 98.77582744996437 93.78088664665161
89.85058019392783 99.46257530446843 94.4513547691606
89.85058019392783 99.46257530446843 94.4513547691606
89.85058019392783 99.46257530446843 94.4513547691606
89.82814584702392 99.4608461237445 94.43641843787351
89.85803633475628 99.46127946127946 94.44709543568464
89.85803633475628 99.46127946127946 94.44709543568464
89.85803633475628 99.46127946127946 94.44709543568464
89.82814584702392 99.38090583251874 94.40011636121847
89.8356349743304 99.38090583251874 94.40226817185764
89.8356349743304 99.38090583251874 94.40226817185764
89.8356349743304 99.38090583251874 94.40226817185764
89.8356349743304 99.38090583251874 94.40226817185764
89.85058019392783 99.54202118423338 94.48547717842324
89.85058019392783 99.54202118423338 94.48547717842324
89.85058019392783 99.54202118423338 94.48547717842324
89.51678464497452 99.07529722589167 94.08860366421695
89.53214405923931 99.07825148407987 94.10215631196299
89.53214405923931 99.07825148407987 94.10215631196299
89.53214405923931 99.07825148407987 94.10215631196299
89.50908802285895 98.99597524559657 94.0503053514129
89.53980690091801 98.99677844803355 94.06167673950101
89.53980690091801 98.99677844803355 94.06167673950101
89.52446998216762 98.99597524559657 94.05485912870796
89.67992047713717 99.61677481165353 94.42562301249143
89.68750620815702 99.61677481165353 94.42776560049032
89.68750620815702 99.61677481165353 94.42776560049032
88.8490907659608 98.63740244060196 93.52326275284483
89.0365841632975 98.63740244060196 93.62633514270706
89.36758893280631 99.0218940277238 93.9843572652042
89.36758893280631 99.0218940277238 93.9843572652042
89.35201678343823 99.0195441854425 93.97285198854532
89.35201678343823 99.0195441854425 93.97285198854532
89.36758893280631 99.02267480744752 93.98665305154151
89.36758893280631 99.02267480744752 93.98665305154151
89.36722402726048 98.96813550522423 93.95985646774143
89.36722402726048 98.96813550522423 93.95985646774143
89.39830910240202 99.04817530880221 94.00728954786219
89.39830910240202 99.04817530880221 94.00728954786219
89.36722402726048 99.04741285992638 93.99582066083214
89.36722402726048 99.04741285992638 93.99582066083214
89.37501237305247 99.04741285992638 93.99811794877098
89.37501237305247 99.04741285992638 93.99811794877098
89.37501237305247 99.04741285992638 93.99811794877098
89.37501237305247 99.04741285992638 93.99811794877098
88.76587558643975 98.37194337194337 93.35916279737195
88.76587558643975 98.37194337194337 93.35916279737195
88.74953311447051 98.2898637906587 93.31109172098752
88.74953311447051 98.2898637906587 93.31109172098752
88.76587558643975 98.29528419068832 93.32630048035068
88.76587558643975 98.29528419068832 93.32630048035068
88.74134403525338 98.2898637906587 93.3085501858736
88.75771028955329 98.29122211965739 93.31616900368248
88.77402903099254 98.29122211965739 93.32123858429937
88.46341797142243 97.91497369659125 92.98005535074192
88.60843964671247 98.04131664666552 93.12086381051898
88.44670646960947 97.83584962148754 92.93693214917167
88.44670646960947 97.83584962148754 92.93693214917167
88.44670646960947 97.83584962148754 92.93693214917167
88.43833254975709 97.83584962148754 92.93426030058276
88.45506826806464 97.84097454824739 92.94759936731467
88.45506826806464 97.84097454824739 92.94759936731467
88.66666666666667 98.05644644002565 93.16150148307251
90.05784959106323 99.48896379254104 94.57316755969411
90.16769356543239 99.60503472222221 94.68986085564943
90.16769356543239 99.60503472222221 94.68986085564943
90.16769356543239 99.60503472222221 94.68986085564943
90.15316412724404 99.60408101111618 94.6796326760094
90.18218018914882 99.6043994261618 94.68986085564943
90.18218018914882 99.6043994261618 94.68986085564943
90.18218018914882 99.6043994261618 94.68986085564943
90.15316412724404 99.60376208307935 94.67758230999178
90.1604342100012 99.60376208307935 94.6796326760094
90.1604342100012 99.60376208307935 94.6796326760094
90.1604342100012 99.60376208307935 94.6796326760094
90.15316412724404 99.60376208307935 94.67758230999178
90.16769356543239 99.60471732945291 94.68781836704991
90.16769356543239 99.60471732945291 94.68781836704991
90.16769356543239 99.60471732945291 94.68781836704991
90.15316412724404 99.68406144460181 94.71408327428833
91.05186855670104 99.29127811300054 95.67614107665977
91.05186855670104 99.29127811300054 95.67614107665977
91.05186855670104 99.29127811300054 95.67614107665977
91.0385158298044 99.289547774063 95.66772571380478
91.06518155132896 99.29012549174743 95.67614107665977
91.06518155132896 99.29012549174743 95.67614107665977
91.06518155132896 99.29012549174743 95.67614107665977
91.0385158298044 99.28896911528386 95.66603870886262
91.0385158298044 99.28896911528386 95.66603870886262
91.0385158298044 99.28896911528386 95.66603870886262
91.0385158298044 99.28896911528386 95.66603870886262
91.0318245111295 99.28896911528386 95.6643503895557
91.05186855670104 99.29070227063113 95.6744606205752
90.67030256852405 99.11568666270706 95.54399362228843
90.57404959339823 99.2331692740376 95.43787589848907
89.74853011282377 99.65233263075552 94.4813988481295
90.51943116586996 99.42948325609862 95.32508224972584
89.79563492063491 99.58442457955455 94.48038840177638
89.70130616613481 99.4703160807714 94.3768289782539
89.6785983870327 99.38787470967462 94.32118741637365
89.70885323826501 99.38836593935714 94.3320634394799
89.70885323826501 99.38836593935714 94.3320634394799
89.70885323826501 99.38836593935714 94.3320634394799
89.6785983870327 99.38738269030239 94.31900720111234
89.6785983870327 99.38738269030239 94.31900720111234
89.6785983870327 99.38738269030239 94.31900720111234
89.6785983870327 99.38738269030239 94.31900720111234
89.67100685816519 99.38738269030239 94.31682531114733
89.6937480165027 99.46861579837764 94.36605126292451
89.6937480165027 99.46861579837764 94.36605126292451
89.6937480165027 99.46861579837764 94.36605126292451
89.68617876496158 99.46861579837764 94.36389076022179
89.70130616613481 99.4703160807714 94.3768289782539
89.70130616613481 99.4703160807714 94.3768289782539
89.70130616613481 99.4703160807714 94.3768289782539
89.515009715668 99.23063586320488 94.16003976143142
89.73373484428244 99.4185541959559 94.35941512716428
89.73373484428244 99.4185541959559 94.35941512716428
89.0719946510393 98.76074915407659 93.69768637532134
89.11567311488353 99.26231286613148 93.95245478036176
89.11567311488353 99.26231286613148 93.95245478036176
89.11567311488353 99.26231286613148 93.95245478036176
89.11567311488353 99.26231286613148 93.95245478036176
89.10771783576635 99.26231286613148 93.95014113924705
89.13154886269564 99.18465331545482 93.9281442065751
89.13154886269564 99.18465331545482 93.9281442065751
89.13154886269564 99.18465331545482 93.9281442065751
89.12361678205811 99.18465331545482 93.92582658482488
89.13946938212759 99.18725477514766 93.93970583694433
89.13946938212759 99.18725477514766 93.93970583694433
89.13946938212759 99.18725477514766 93.93970583694433
89.11567311488353 99.18334633047397 93.91886309179543
89.14737836561171 99.18400034631286 93.93046006040676
89.14737836561171 99.18400034631286 93.93046006040676
89.14737836561171 99.18400034631286 93.93046006040676
89.35804129420141 99.22141013684964 94.06556122185098
89.63458181241073 99.23217074440396 94.22248010610079
89.63458181241073 99.23217074440396 94.22248010610079
89.63458181241073 99.23217074440396 94.22248010610079
89.5535129340295 99.23217074440396 94.18191241254212
89.5688373476063 99.23401493021746 94.19304779639975
89.5688373476063 99.23401493021746 94.19304779639975
89.5688373476063 99.23401493021746 94.19304779639975
89.56118076495794 99.23401493021746 94.19082413090051
89.58411686692136 99.23646010827599 94.20635412150864
89.58411686692136 99.23646010827599 94.20635412150864
89.58411686692136 99.23646010827599 94.20635412150864
89.56118076495794 99.31242408467811 94.22248010610079
89.59173985283645 99.31297544483215 94.23353361531382
89.59173985283645 99.31297544483215 94.23353361531382
89.59173985283645 99.31297544483215 94.23353361531382
89.5688373476063 99.31187183884343 94.22248010610079
89.5688373476063 99.31187183884343 94.22248010610079
89.5688373476063 99.31187183884343 94.22248010610079
89.5535129340295 99.31187183884343 94.21804682801385
89.5535129340295 99.27092826454889 94.19948785469174
89.75744452611295 99.50098717754008 94.4177123301877
89.75744452611295 99.50098717754008 94.4177123301877
89.74991054033636 99.50098717754008 94.41556959530256
89.74991054033636 99.50098717754008 94.41556959530256
89.7724793208101 99.50258439845152 94.43053428796094
89.7724793208101 99.50258439845152 94.43053428796094
89.74991054033636 99.42024579841056 94.37502594545228
89.74991054033636 99.42024579841056 94.37502594545228
89.77998017839445 99.42071120175305 94.38580499476906
89.77998017839445 99.42071120175305 94.38580499476906
89.75744452611295 99.33990532852738 94.33880053530858
89.75744452611295 99.33990532852738 94.33880053530858
89.75744452611295 99.33990532852738 94.33880053530858
89.75744452611295 99.33990532852738 94.33880053530858
89.74236546304586 99.33990532852738 94.3344511467104
89.74236546304586 99.33990532852738 94.3344511467104
89.75744452611295 99.34149247265243 94.34531211141507
89.75744452611295 99.34149247265243 94.34531211141507
89.74991054033636 99.34149247265243 94.34314325105994
89.72137207361183 99.22972066555596 94.27668721189207
90.097748402381 99.65776420386857 94.67935019398743
90.097748402381 99.65776420386857 94.67935019398743
90.0758180367119 99.65611056698226 94.66090667777026
89.911050086562 98.14311109207343 93.87894041921109
89.93328568024779 98.14311109207343 93.8859409613106
89.93328568024779 98.14311109207343 93.8859409613106
89.91847285742692 98.1401634596821 93.87660334134789
89.91847285742692 98.1401634596821 93.87660334134789
89.91847285742692 98.1401634596821 93.87660334134789
89.91847285742692 98.1401634596821 93.87660334134789
89.89617170529505 98.1401634596821 93.86958138766065
89.911050086562 98.14458140729327 93.88127571379961
89.911050086562 98.14458140729327 93.88127571379961
89.911050086562 98.14458140729327 93.88127571379961
89.90361637725029 98.22235548606798 93.91478427770956
90.68630397755736 99.20008624407072 94.79046580464247
90.87933492640414 99.4273241993344 94.99963569369126
90.87933492640414 99.4273241993344 94.99963569369126
90.8589599098374 99.34474603484563 94.94555060191904
91.41069626639758 99.96509598603839 95.5246881224447
91.04687625633191 99.34527164722716 95.04245155099402
91.04687625633191 99.34527164722716 95.04245155099402
89.64040756452444 98.11490703210448 93.71413855266546
89.45598417408507 98.11490703210448 93.61384661295136
89.23884514435696 97.85677618069816 93.37746984860149
89.23884514435696 97.85677618069816 93.37746984860149
89.21522091689411 97.85677618069816 93.3699159422077
89.23098191010348 97.86185263427437 93.38249623073057
89.23098191010348 97.86185263427437 93.38249623073057
89.23098191010348 97.86185263427437 93.38249623073057
89.22310717603115 97.86185263427437 93.37998399376167
89.24669690396372 97.8685839484376 93.39752970190645
89.24669690396372 97.8685839484376 93.39752970190645
89.24669690396372 97.8685839484376 93.39752970190645
89.22310717603115 97.70394554339245 93.30405696579179
89.24669690396372 97.70575692963752 93.31420960967114
89.24669690396372 97.70575692963752 93.31420960967114
89.24669690396372 97.70575692963752 93.31420960967114
89.23098191010348 97.70213129457993 93.30405696579179
89.52150931443391 98.34479793637145 93.75470200859502
88.82864831948454 97.70213129457993 93.08319605455681
88.82864831948454 97.70213129457993 93.08319605455681
88.80423655405937 97.70213129457993 93.07533138022167
88.82052290151367 97.7075654600848 93.08842925352991
88.82052290151367 97.7075654600848 93.08842925352991
88.82052290151367 97.7075654600848 93.08842925352991
88.8123856549879 97.7075654600848 93.08581364426716
88.82864831948454 97.78987896449766 93.13405094058294
88.82864831948454 97.78987896449766 93.13405094058294
88.82864831948454 97.78987896449766 93.13405094058294
88.8123856549879 97.7075654600848 93.08581364426716
88.8448637727781 97.6343308961061 93.06633751236879
88.8448637727781 97.6343308961061 93.06633751236879
88.8448637727781 97.6343308961061 93.06633751236879
88.82052290151367 97.94895949302047 93.19313779745434
88.82864831948454 97.94895949302047 93.19571787122881
88.82864831948454 97.94895949302047 93.19571787122881
88.82864831948454 97.94895949302047 93.19571787122881
88.80423655405937 97.94895949302047 93.1879717755169
88.82052290151367 97.95382216621456 93.20087215551392
88.82052290151367 97.95382216621456 93.20087215551392
88.82052290151367 97.95382216621456 93.20087215551392
88.8123856549879 97.95382216621456 93.19829598984147
88.82864831948454 98.1133686187468 93.28171189509324
88.82864831948454 98.1133686187468 93.28171189509324
88.82864831948454 98.1133686187468 93.28171189509324
88.8123856549879 98.10888865119264 93.26897456393858
88.8448637727781 98.11187765650698 93.28425357873212
88.8448637727781 98.11187765650698 93.28425357873212
88.8448637727781 98.11187765650698 93.28425357873212
88.82052290151367 98.10438735686408 93.26386609780111
88.82864831948454 98.10438735686408 93.26642129976112
88.82864831948454 98.10438735686408 93.26642129976112
88.82864831948454 98.10438735686408 93.26642129976112
88.9723865877712 99.20419801808443 93.84922069471271
88.98042848414373 99.20419801808443 93.8515704049394
88.98042848414373 99.20419801808443 93.8515704049394
88.98042848414373 99.20419801808443 93.8515704049394
88.9723865877712 99.20419801808443 93.84922069471271
89.17373299152041 99.3645441576968 94.03873123246989
89.17373299152041 99.3645441576968 94.03873123246989
89.17373299152041 99.3645441576968 94.03873123246989
88.98919813924151 98.872456019317 93.71267350385106
89.02122641509433 98.8742520125705 93.72701308841357
89.02122641509433 98.8742520125705 93.72701308841357
89.02122641509433 98.8742520125705 93.72701308841357
88.9972227146487 98.86975125883345 93.7078790626739
89.00523560209423 98.86975125883345 93.71027719692209
89.00523560209423 98.86975125883345 93.71027719692209
89.00523560209423 98.86975125883345 93.71027719692209
88.98116185028108 98.86975125883345 93.70307730385282
88.98919813924151 98.86975125883345 93.70547909901552
88.98919813924151 98.86975125883345 93.70547909901552
88.82112221610137 98.25819892184447 93.33600303935764
88.81297867732472 98.25819892184447 93.33347029336839
88.8373737770618 98.2664643139602 93.35619593591646
88.8373737770618 98.2664643139602 93.35619593591646
88.8373737770618 98.2664643139602 93.35619593591646
88.82112221610137 98.2623414466918 93.34358974358975
88.65357890822258 97.3322880027122 92.82393040647098
88.6396994070334 97.31579170374137 92.80882188380586
88.6396994070334 97.31579170374137 92.80882188380586
88.62322390984812 97.30734900327283 92.79254478532611
88.63146762758998 97.30734900327283 92.79526275021404
88.63146762758998 97.30734900327283 92.79526275021404
88.63146762758998 97.30734900327283 92.79526275021404
88.5984208665593 97.38186462324393 92.81672012585041
88.60670055543561 97.38186462324393 92.81943409135003
88.60670055543561 97.38186462324393 92.81943409135003
88.60670055543561 97.38186462324393 92.81943409135003
88.5984208665593 97.38186462324393 92.81672012585041
88.62322390984812 97.47058199936393 92.87605662491089
88.62322390984812 97.47058199936393 92.87605662491089
88.78212685687338 98.06483342599324 93.23045731020501
88.77396519516272 98.06483342599324 93.22789153973018
88.73399603944866 98.06789069171649 93.20544137035863
88.73399603944866 98.06789069171649 93.20544137035863
88.72581721147431 98.0633011620193 93.19514816520804
88.71762649963675 98.13953488372094 93.22532382357764
88.99398277421639 98.50903614457832 93.54079766576942
88.92578547147937 98.11009449527523 93.32219511695126
88.89348704305843 98.10859495625321 93.30950840547563
88.89348704305843 98.10859495625321 93.30950840547563
88.90157929975187 98.10859495625321 93.3120496027265
88.90157929975187 98.10859495625321 93.3120496027265
88.89348704305843 98.10859495625321 93.30950840547563
88.89348704305843 98.10859495625321 93.30950840547563
88.91772848828063 98.19510007048721 93.36766557800006
88.91772848828063 98.19510007048721 93.36766557800006
88.90157929975187 98.11308645144727 93.3196616252243
88.90157929975187 98.11308645144727 93.3196616252243
88.92578547147937 98.11606894931329 93.33230989663289
88.92578547147937 98.11606894931329 93.33230989663289
88.90965977291958 97.87729799059427 93.21099601430343
88.90965977291958 97.87729799059427 93.21099601430343
88.92578547147937 97.87729799059427 93.21613956774134
88.92578547147937 97.87729799059427 93.21613956774134
88.89348704305843 97.87561773955458 93.20326604300017
88.90157929975187 97.87561773955458 93.20584465521661
88.94361479963749 98.09807663443189 93.33025309307459
88.75825731362063 97.87561773955458 93.12754208202281
88.75007377968403 97.87561773955458 93.12493594342524
88.76642895031533 97.96283668598704 93.18095861145468
88.7745887156936 97.96283668598704 93.18353667259314
88.7745887156936 97.56366723259762 93.00108099288177
88.75825731362063 97.63476113429277 93.02301811194243
88.78273663560569 97.63848148620498 93.03618612338173
88.78273663560569 97.63848148620498 93.03618612338173
88.615848524603 97.24162750328126 92.76363303461534
88.59932937231602 97.23295816521555 92.7472549879189
88.615848524603 97.15661934771998 92.71777429275545
88.615848524603 97.15661934771998 92.71777429275545
88.615848524603 97.15661934771998 92.71777429275545
88.41608028381583 96.56380598590063 92.34224620669329
88.42447508617988 96.56380598590063 92.34512465205113
88.42447508617988 96.56380598590063 92.34512465205113
88.42447508617988 96.56380598590063 92.34512465205113
88.41608028381583 96.56380598590063 92.34224620669329
88.44122824173675 96.5798319327731 92.36807454674366
88.6266977637536 96.75871358814615 92.55087024915005
88.6266977637536 96.75871358814615 92.55087024915005
88.61017880625724 96.75112339402122 92.53685815963397
88.56247551899725 96.6808385250042 92.47859432698941
88.56247551899725 96.6808385250042 92.47859432698941
88.56247551899725 96.6808385250042 92.47859432698941
88.54587533832817 96.67046702136643 92.46161667513981
88.6349392871132 96.67046702136643 92.50487685930261
88.6349392871132 96.67046702136643 92.50487685930261
88.6349392871132 96.67046702136643 92.50487685930261
88.60190131992458 96.66786400997317 92.49076232453505
88.61017880625724 96.66786400997317 92.49358948268143
88.61017880625724 96.66786400997317 92.49358948268143
88.61017880625724 96.66786400997317 92.49358948268143
88.60190131992458 96.66786400997317 92.49076232453505
88.6266977637536 96.75871358814615 92.55087024915005
88.6266977637536 96.75871358814615 92.55087024915005
88.6266977637536 96.75871358814615 92.55087024915005
88.61017880625724 96.75112339402122 92.53685815963397
88.6266977637536 96.75618746708794 92.54807204207192
88.6266977637536 96.75618746708794 92.54807204207192
88.6266977637536 96.75618746708794 92.54807204207192
88.61017880625724 96.74604348469161 92.53123855264764
88.6349392871132 96.74604348469161 92.5396647931129
88.80189937995448 97.73731508954683 93.08462238398543
88.80189937995448 97.73731508954683 93.08462238398543
88.76928526448363 97.735526596881 93.07151783336406
88.77745659056497 97.735526596881 93.07414271525552
88.77745659056497 97.735526596881 93.07414271525552
88.77745659056497 97.735526596881 93.07414271525552
88.76928526448363 97.735526596881 93.07151783336406
88.79376362243995 97.74621534274537 93.09507038659031
88.79376362243995 97.74621534274537 93.09507038659031
88.79376362243995 97.74621534274537 93.09507038659031
88.77745659056497 97.74088361288122 93.08200544111932
88.79376362243995 97.74444089796786 93.09246134678621
88.79376362243995 97.74444089796786 93.09246134678621
88.79376362243995 97.74444089796786 93.09246134678621
88.77745659056497 97.73731508954683 93.07676560900717
88.80189937995448 97.73731508954683 93.08462238398543
88.64014728636621 97.54367277375373 92.90794616161719
88.80189937995448 97.73731508954683 93.08462238398543
88.76928526448363 97.735526596881 93.07151783336406
88.77745659056497 97.735526596881 93.07414271525552
88.77745659056497 97.735526596881 93.07414271525552
88.77745659056497 97.735526596881 93.07414271525552
88.76928526448363 97.735526596881 93.07151783336406
88.78561603458441 97.74088361288122 93.08462238398543
88.78561603458441 97.74088361288122 93.08462238398543
88.78561603458441 97.74088361288122 93.08462238398543
88.76928526448363 97.65833457852156 93.03625733389308
88.79376362243995 97.74444089796786 93.09246134678621
88.79376362243995 97.74444089796786 93.09246134678621
88.79376362243995 97.74444089796786 93.09246134678621
88.77745659056497 97.66018257827831 93.04152981982259
88.80189937995448 97.66018257827831 93.0494235957812
88.80189937995448 97.66018257827831 93.0494235957812
88.80189937995448 97.66018257827831 93.0494235957812
88.76928526448363 97.65833457852156 93.03625733389308
88.77745659056497 97.65833457852156 93.03889457523029
88.61713612719599 97.50639386189258 92.88203136974403
88.61713612719599 97.50639386189258 92.88203136974403
88.6088630470653 97.50639386189258 92.87933924847692
88.62539719901142 97.5122791350386 92.89277952924611
88.62539719901142 97.5122791350386 92.89277952924611
88.62539719901142 97.5122791350386 92.89277952924611
88.6088630470653 97.42956321741167 92.8442241863792
88.63364628863756 97.43965041788638 92.8658021006306
88.63364628863756 97.43965041788638 92.8658021006306
88.63364628863756 97.43965041788638 92.8658021006306
88.61713612719599 97.35493610597266 92.81456683269373
88.64188342212472 97.35493610597266 92.8226982168891
88.64188342212472 97.35493610597266 92.8226982168891
88.64188342212472 97.35493610597266 92.8226982168891
88.6088630470653 97.35285355577308 92.80913566627852
88.61713612719599 97.35285355577308 92.8118522753959
88.61713612719599 97.35285355577308 92.8118522753959
88.61713612719599 97.35285355577308 92.8118522753959
88.6088630470653 97.35285355577308 92.80913566627852
88.62539719901142 97.35909139157202 92.8226982168891
88.62539719901142 97.35909139157202 92.8226982168891
88.61713612719599 97.42956321741167 92.84692856121428
88.6088630470653 97.42956321741167 92.8442241863792
88.63364628863756 97.43965041788638 92.8658021006306
88.63364628863756 97.43965041788638 92.8658021006306
88.63364628863756 97.43965041788638 92.8658021006306
88.61713612719599 97.4315870111078 92.84963089269851
88.64188342212472 97.4315870111078 92.85772565017848
88.64188342212472 97.4315870111078 92.85772565017848
88.61713612719599 97.42956321741167 92.84692856121428
88.6088630470653 97.42956321741167 92.8442241863792
88.61713612719599 97.42956321741167 92.84692856121428
88.61713612719599 97.42956321741167 92.84692856121428
88.6088630470653 97.42956321741167 92.8442241863792
88.6088630470653 97.42956321741167 92.8442241863792
88.62539719901142 97.43562505311463 92.85772565017848
88.62539719901142 97.43562505311463 92.85772565017848
88.6088630470653 97.42956321741167 92.8442241863792
88.6088630470653 97.42956321741167 92.8442241863792
88.63364628863756 97.43965041788638 92.8658021006306
88.26859262151083 97.24162750328126 92.57626843238413
88.25162248807568 97.23295816521555 92.55949351627547
88.25162248807568 97.23295816521555 92.55949351627547
88.27705931690952 97.23295816521555 92.56789043992801
88.27705931690952 97.23295816521555 92.56789043992801
88.24311899685048 97.23078230931078 92.55388501813144
88.24311899685048 97.23078230931078 92.55388501813144
88.25162248807568 97.23078230931078 92.55669032369742
88.25162248807568 97.23078230931078 92.55669032369742
88.24311899685048 97.23078230931078 92.55388501813144
88.25162248807568 97.23729963531507 92.56509357200976
88.2601136874182 97.23729963531507 92.56789043992801
88.2601136874182 97.23729963531507 92.56789043992801
88.24311899685048 97.23078230931078 92.55388501813144
88.25162248807568 97.23729963531507 92.56509357200976
88.2601136874182 97.23946526556641 92.57068520438239
88.2601136874182 97.23946526556641 92.57068520438239
88.24311899685048 97.15438521979188 92.51901556883789
88.26859262151083 97.15661934771998 92.53027237512327
88.27705931690952 97.15661934771998 92.53308128544423
88.09491367060518 96.97759139238362 92.35193281061397
88.06051732552464 96.9752209763232 92.33755411475376
87.90451341563144 95.99848920410433 91.80326213200021
87.90451341563144 95.99848920410433 91.80326213200021
87.90451341563144 95.99848920410433 91.80326213200021
87.90451341563144 95.99848920410433 91.80326213200021
87.92191631669 95.93347976153122 91.78431431824822
87.92191631669 95.93347976153122 91.78431431824822
87.92191631669 95.93347976153122 91.78431431824822
87.8957931451063 95.92401559944646 91.76589405645609
87.91322113046016 95.93662472304669 91.78431431824822
87.91322113046016 95.93662472304669 91.78431431824822
87.91322113046016 95.93662472304669 91.78431431824822
87.8957931451063 95.92401559944646 91.76589405645609
87.93059900134061 95.92717521107875 91.78125
87.93059900134061 95.92717521107875 91.78125
87.93059900134061 95.92717521107875 91.78125
87.8957931451063 95.99848920410433 91.80019802380328
87.90451341563144 95.99848920410433 91.80326213200021
87.90451341563144 95.99848920410433 91.80326213200021
88.08631858268946 96.21248764484449 92.00024290760402
87.57710960232784 95.99848920410433 91.62559093612346
87.59491709282504 96.00778764026127 91.64117836445588
87.59491709282504 96.00778764026127 91.64117836445588
87.59491709282504 96.00778764026127 91.64117836445588
87.56818667132569 95.99848920410433 91.62246647171524
87.58601973365383 95.93662472304669 91.60707640627986
87.58601973365383 95.93662472304669 91.60707640627986
87.58601973365383 95.93662472304669 91.60707640627986
87.56818667132569 95.92401559944646 91.58829518078362
87.60380170728402 95.92717521107875 91.60395202833226
87.60380170728402 95.92717521107875 91.60395202833226
87.60380170728402 95.92717521107875 91.60395202833226
87.56818667132569 95.92401559944646 91.58829518078362
87.57710960232784 95.92401559944646 91.59143122002338
87.57710960232784 95.92401559944646 91.59143122002338
87.57710960232784 95.92401559944646 91.59143122002338
87.57710960232784 95.92401559944646 91.59143122002338
87.59491709282504 95.93347976153122 91.60707640627986
87.59491709282504 95.93347976153122 91.60707640627986
87.2770786690342 95.78520854654441 91.36632193477847
87.26833043141808 95.96224436287363 91.44266089669401
86.94723473040065 95.60888222305545 91.10951066298564
86.94723473040065 95.60888222305545 91.10951066298564
86.94723473040065 95.60888222305545 91.10951066298564
86.92862098203962 95.59530277069665 91.08972431077694
86.96579554189086 95.59870550161811 91.10621904237755
86.96579554189086 95.59870550161811 91.10621904237755
86.96579554189086 95.59870550161811 91.10621904237755
86.92862098203962 95.59530277069665 91.08972431077694
86.93793448747329 95.52145317882868 91.05926430517711
86.93793448747329 95.52145317882868 91.05926430517711
86.93793448747329 95.52145317882868 91.05926430517711
86.93793448747329 95.52145317882868 91.05926430517711
87.1173444814765 96.30212926798538 91.51503581870611
87.1173444814765 96.30212926798538 91.51503581870611
87.1173444814765 96.30212926798538 91.51503581870611
87.09895240483861 96.2934899286481 91.4992349814785
87.1173444814765 96.30500010491197 91.5181889399996
87.1173444814765 96.30500010491197 91.5181889399996
87.1173444814765 96.30500010491197 91.5181889399996
87.08973665920148 96.21855808866829 91.46199065872122
87.12652086862775 96.14673890218806 91.44386638008959
87.12652086862775 96.14673890218806 91.44386638008959
87.12652086862775 96.14673890218806 91.44386638008959
87.08973665920148 96.21855808866829 91.46199065872122
87.09895240483861 96.21855808866829 91.46516939857719
87.09895240483861 96.21855808866829 91.46516939857719
87.09895240483861 96.21855808866829 91.46516939857719
87.09895240483861 96.21855808866829 91.46516939857719
87.1173444814765 96.22736524056317 91.48102766004459
87.1173444814765 96.22736524056317 91.48102766004459
87.1173444814765 96.22736524056317 91.48102766004459
87.09895240483861 96.2934899286481 91.4992349814785
87.1173444814765 96.30500010491197 91.5181889399996
87.1173444814765 96.30500010491197 91.5181889399996
87.1173444814765 96.30500010491197 91.5181889399996
87.08973665920148 96.21855808866829 91.46199065872122
87.12652086862775 96.2214983713355 91.47786072401009
87.12652086862775 96.2214983713355 91.47786072401009
87.30636418002585 95.75464792856097 91.36311638268408
87.78802740152577 96.36650868878357 91.91070109954582
87.79681453102818 96.36650868878357 91.91372755217603
87.79681453102818 96.36650868878357 91.91372755217603
87.79681453102818 96.36650868878357 91.91372755217603
87.79681453102818 96.36650868878357 91.91372755217603
87.65094687057821 95.4860605051115 91.43143946998595
87.65094687057821 95.4860605051115 91.43143946998595
87.65094687057821 95.4860605051115 91.43143946998595
87.63320845546131 95.47560415710171 91.41549756122089
87.65094687057821 95.48953522240254 91.43462074916965
87.65094687057821 95.48953522240254 91.43462074916965
87.65094687057821 95.48953522240254 91.43462074916965
87.62432012432012 95.40193931811073 91.37828732337708
87.65979700937476 95.40548424737456 91.39429833366793
87.65979700937476 95.40548424737456 91.39429833366793
87.65094687057821 95.40193931811073 91.38790107086172
87.62432012432012 95.47560415710171 91.41230205839152
87.63320845546131 95.47560415710171 91.41549756122089
87.63320845546131 95.47560415710171 91.41549756122089
87.30613034229357 95.09259836627798 91.06200098175734
87.63320845546131 95.47560415710171 91.41549756122089
87.65094687057821 95.4860605051115 91.43143946998595
87.65094687057821 95.4860605051115 91.43143946998595
87.63320845546131 95.47560415710171 91.41549756122089
87.63320845546131 95.47560415710171 91.41549756122089
87.65094687057821 95.56309729538404 91.46858060630395
87.65094687057821 95.56309729538404 91.46858060630395
87.62432012432012 95.623275645849 91.48040755507229
87.62432012432012 95.623275645849 91.48040755507229
87.65979700937476 95.55281939980802 91.46223856307637
87.65979700937476 95.55281939980802 91.46223856307637
87.62432012432012 95.54938284496983 91.44634212618634
87.62432012432012 95.54938284496983 91.44634212618634
87.63320845546131 95.54938284496983 91.44952614740738
87.63320845546131 95.54938284496983 91.44952614740738
87.63320845546131 95.54938284496983 91.44952614740738
87.63320845546131 95.54938284496983 91.44952614740738
87.65094687057821 95.63340631842352 91.4994073091837
87.65094687057821 95.63340631842352 91.4994073091837
87.4837709524271 95.623275645849 91.40262848294101
87.4837709524271 95.623275645849 91.40262848294101
87.50169314421719 95.6367727954659 91.42177764846345
87.50169314421719 95.6367727954659 91.42177764846345
87.47479056779397 95.623275645849 91.39942864040559
87.49273846868829 95.62665775568597 91.40902103031459
87.51063500657436 95.62665775568597 91.4154040784361
87.51063500657436 95.62665775568597 91.4154040784361
87.4837709524271 95.623275645849 91.40262848294101
87.49273846868829 95.623275645849 91.40582594535914
87.49273846868829 95.623275645849 91.40582594535914
87.49273846868829 95.623275645849 91.40582594535914
87.4837709524271 95.623275645849 91.40262848294101
87.50169314421719 95.63340631842352 91.41859204689162
87.50169314421719 95.63340631842352 91.41859204689162
87.50169314421719 95.63340631842352 91.41859204689162
87.4837709524271 95.69728282469094 91.43664748722489
87.50169314421719 95.78446512792688 91.48970350512565
87.50169314421719 95.78446512792688 91.48970350512565
87.50169314421719 95.78446512792688 91.48970350512565
87.4837709524271 95.77467734850545 91.47386633404417
87.51956408324155 95.70393266640212 91.45572796434952
87.51956408324155 95.70393266640212 91.45572796434952
87.51956408324155 95.70393266640212 91.45572796434952
87.4837709524271 95.69728282469094 91.43664748722489
87.49273846868829 95.69728282469094 91.43983348248851
87.49273846868829 95.69728282469094 91.43983348248851
87.49273846868829 95.69728282469094 91.43983348248851
87.4837709524271 95.69728282469094 91.43664748722489
87.50169314421719 95.70724988522058 91.45255379178087
87.50169314421719 95.70724988522058 91.45255379178087
87.50169314421719 95.70724988522058 91.45255379178087
87.4837709524271 95.623275645849 91.40262848294101
87.50169314421719 95.56309729538404 91.38785252938581
87.50169314421719 95.56309729538404 91.38785252938581
87.33944954128441 94.80511432879598 90.9500139737294
87.32132840757431 94.79317626599313 90.93327200183995
87.3575189492565 94.79716171207514 90.9500139737294
87.3575189492565 94.79716171207514 90.9500139737294
87.3575189492565 94.79716171207514 90.9500139737294
87.52617293524622 94.98006975585452 91.12864418334202
87.18305235308885 94.71657488302762 90.82180146875156
87.18305235308885 94.71657488302762 90.82180146875156
87.18305235308885 94.71657488302762 90.82180146875156
87.173887836741 94.71657488302762 90.81840716456101
87.20134215245771 94.72868857538265 90.83873541438116
87.20134215245771 94.72868857538265 90.83873541438116
87.20134215245771 94.72868857538265 90.83873541438116
87.19220378232343 94.72868857538265 90.8353536260513
87.21046749142482 94.74475402071621 90.85560698820368
87.21046749142482 94.74475402071621 90.85560698820368
87.21046749142482 94.74475402071621 90.85560698820368
87.18305235308885 94.72061896191481 90.82519326421765
87.21957982707823 94.72465685463867 90.84211470784692
87.21957982707823 94.72465685463867 90.84211470784692
87.21957982707823 94.72465685463867 90.84211470784692
87.18305235308885 94.78918470941676 90.85538941308172
87.18305235308885 94.78918470941676 90.85538941308172
87.18305235308885 94.78918470941676 90.85538941308172
87.18305235308885 94.78918470941676 90.85538941308172
87.23289048751717 94.45258789768152 90.7277229700044
87.81605623956189 95.10783907092492 91.34524740758569
87.81605623956189 95.10783907092492 91.34524740758569
87.81605623956189 95.10783907092492 91.34524740758569
87.80729541170298 95.10783907092492 91.34203477231458
87.8248044866197 95.12280846840888 91.36127488763651
87.8248044866197 95.12280846840888 91.36127488763651
87.8248044866197 95.12280846840888 91.36127488763651
87.79852197588487 95.10031986042455 91.33238254022457
87.83354017995656 95.104082352697 91.34845765957233
87.83354017995656 95.104082352697 91.34845765957233
87.83354017995656 95.104082352697 91.34845765957233
87.79852197588487 95.0965515807853 91.32916034522601
87.79852197588487 95.0965515807853 91.32916034522601
87.63490954266635 94.53065272640866 90.97815099136248
87.63490954266635 94.53065272640866 90.97815099136248
87.62602226150469 94.53065272640866 90.97480876286596
87.65264586160109 94.54316813721448 90.99482507143
87.65264586160109 94.54316813721448 90.99482507143
87.65264586160109 94.54316813721448 90.99482507143
87.64378406688263 94.54316813721448 90.99149518793536
87.49879164008276 94.55976652416969 90.9243965371243
87.49879164008276 94.55976652416969 90.9243965371243
87.49879164008276 94.55976652416969 90.9243965371243
87.47190575835077 94.60710374609997 90.9278164965153
87.50772797527048 94.6112235206673 90.94456753897438
87.50772797527048 94.6112235206673 90.94456753897438
87.50772797527048 94.6112235206673 90.94456753897438
87.54359451290398 94.60297766749379 90.96146921137918
87.54359451290398 94.60297766749379 90.96146921137918
87.54359451290398 94.60297766749379 90.96146921137918
87.54359451290398 94.60297766749379 90.96146921137918
87.46291808046533 94.60297766749379 90.9210987141642
87.48088055915893 94.61533700563224 90.93787455053935
87.48088055915893 94.61533700563224 90.93787455053935
87.48088055915893 94.61533700563224 90.93787455053935
87.47190575835077 94.61533700563224 90.93452434479381
87.49879164008276 94.63172833665851 90.95792390026111
87.49879164008276 94.63172833665851 90.95792390026111
87.49879164008276 94.63172833665851 90.95792390026111
87.28249941999844 94.15768692934112 90.61702806122449
88.0743578276003 94.50195916683852 91.19669325540198
88.24767174531428 94.66203933234176 91.36402831531875
88.42166910688141 94.8599581841141 91.54945143270506
88.39652541378096 94.85207223270376 91.53371515999477
88.39652541378096 94.85207223270376 91.53371515999477
88.39652541378096 94.85207223270376 91.53371515999477
88.39652541378096 94.85207223270376 91.53371515999477
88.37970219435736 94.85207223270376 91.52740422874295
88.39652541378096 94.86389210656958 91.54316394860143
88.39652541378096 94.86389210656958 91.54316394860143
88.3881198974098 94.86389210656958 91.54001669667375
88.3881198974098 94.86389210656958 91.54001669667375
88.41329999218567 94.87956776375485 91.56199839486356
88.41329999218567 94.87956776375485 91.56199839486356
88.3881198974098 94.85601823078517 91.53371515999477
88.3881198974098 94.85601823078517 91.53371515999477
88.42166910688141 94.8599581841141 91.54945143270506
88.42166910688141 94.8599581841141 91.54945143270506
88.39652541378096 94.85207223270376 91.53371515999477
88.58195933891426 95.0629597307069 91.73131046170296
88.39652541378096 94.85207223270376 91.53371515999477
88.39652541378096 94.85207223270376 91.53371515999477
88.37970219435736 94.85207223270376 91.52740422874295
88.37970219435736 94.85207223270376 91.52740422874295
88.39652541378096 94.93655163847889 91.57723217428914
88.39652541378096 94.93655163847889 91.57723217428914
88.3881198974098 94.93655163847889 91.57409643403365
88.3881198974098 94.93655163847889 91.57409643403365
88.41329999218567 94.95201733567227 91.59599771183123
88.41329999218567 94.95201733567227 91.59599771183123
88.3881198974098 95.00165988878744 91.6019461484996
88.3881198974098 95.00165988878744 91.6019461484996
88.42166910688141 95.00549416374682 91.61756721430152
88.42166910688141 95.00549416374682 91.61756721430152
88.40491876991652 94.9978197221703 91.60507501762159
88.40491876991652 94.9978197221703 91.60507501762159
88.40491876991652 94.9978197221703 91.60507501762159
88.40491876991652 94.9978197221703 91.60507501762159
88.37970219435736 94.9978197221703 91.5956814080787
87.93032986280042 94.765880067777 91.24865953757805
87.93032986280042 94.765880067777 91.24865953757805
87.93032986280042 94.765880067777 91.24865953757805
87.92163278024461 94.765880067777 91.24541316596819
87.94768650770517 94.7818384079766 91.2680873191268
87.94768650770517 94.7818384079766 91.2680873191268
87.94768650770517 94.7818384079766 91.2680873191268
87.92163278024461 94.75786423841059 91.23891319179677
87.9563461239708 94.76187521972001 91.25514506324296
87.9563461239708 94.76187521972001 91.25514506324296
87.9563461239708 94.76187521972001 91.25514506324296
87.93901442962157 94.68129139072848 91.20831745904432
87.93901442962157 94.68129139072848 91.20831745904432
87.93901442962157 94.68129139072848 91.20831745904432
87.93901442962157 94.68129139072848 91.20831745904432
87.91292315487908 94.68129139072848 91.19852254820286
87.93032986280042 94.693481447833 91.21483529694639
87.93032986280042 94.693481447833 91.21483529694639
87.93032986280042 94.693481447833 91.21483529694639
87.92163278024461 94.693481447833 91.21157758646609
87.94768650770517 94.70964820189795 91.23433095423738
88.10691897364015 94.85413874858261 91.38688908692212
88.10691897364015 94.85413874858261 91.38688908692212
88.08116281338407 94.68536096118453 91.29020599927719
88.10691897364015 94.6894243087986 91.30312750601443
88.10691897364015 94.6894243087986 91.30312750601443
88.10691897364015 94.6894243087986 91.30312750601443
88.08976058644623 94.75384710974876 91.32412754205373
88.09834596426971 94.75384710974876 91.32735011845963
88.09834596426971 94.75384710974876 91.32735011845963
88.09834596426971 94.75384710974876 91.32735011845963
88.07255261822016 94.75384710974876 91.31767519924423
88.08976058644623 94.83838947825546 91.36770062920853
88.08976058644623 94.83838947825546 91.36770062920853
88.08976058644623 94.83838947825546 91.36770062920853
88.08116281338407 94.83838947825546 91.36449423764205
88.09834596426971 94.77785795278837 91.34663541478855
88.09834596426971 94.77785795278837 91.34663541478855
88.09834596426971 94.77785795278837 91.34663541478855
88.08116281338407 94.83838947825546 91.36449423764205
87.99393868749272 94.91290782486517 91.34984129527089
87.8369468254276 94.73282600177359 91.18184998250962
87.8369468254276 94.73282600177359 91.18184998250962
87.81070838596831 94.71265319642266 91.15568520133522
87.8194671016857 94.71265319642266 91.15896428714578
87.8194671016857 94.71265319642266 91.15896428714578
87.8194671016857 94.71265319642266 91.15896428714578
87.79315311107219 94.71265319642266 91.14911972714049
87.81070838596831 94.79722187771301 91.19930283573568
87.81070838596831 94.79722187771301 91.19930283573568
87.81070838596831 94.79722187771301 91.19930283573568
87.80193706484111 94.79722187771301 91.19603992143975
87.8194671016857 94.80913196807523 91.21233034276513
87.8194671016857 94.80913196807523 91.21233034276513
87.8194671016857 94.80913196807523 91.21233034276513
87.80193706484111 94.79722187771301 91.19603992143975
87.8369468254276 94.8051680013209 91.21558119538483
87.8369468254276 94.8051680013209 91.21558119538483
87.8369468254276 94.8051680013209 91.21558119538483
87.81070838596831 94.78525700789359 91.18950682898458
87.8194671016857 94.78525700789359 91.19277458675408
87.8194671016857 94.78525700789359 91.19277458675408
87.8194671016857 94.78525700789359 91.19277458675408
87.79315311107219 94.78525700789359 91.18296403339757
87.80193706484111 94.78525700789359 91.18623664543311
87.80193706484111 94.78525700789359 91.18623664543311
87.80193706484111 94.78525700789359 91.18623664543311
87.79315311107219 94.78525700789359 91.18296403339757
87.8194671016857 94.95404316843953 91.27989029797712
87.8194671016857 94.95404316843953 91.27989029797712
87.8194671016857 94.95404316843953 91.27989029797712
87.80193706484111 94.94244783040742 91.2637131224805
87.8369468254276 94.87762057213673 91.24933737410107
87.8369468254276 94.87762057213673 91.24933737410107
87.8369468254276 94.87762057213673 91.24933737410107
87.81070838596831 94.85797221646278 91.22335356372574
87.8194671016857 94.85797221646278 91.22660997573253
87.8194671016857 94.85797221646278 91.22660997573253
87.8194671016857 94.85797221646278 91.22660997573253
87.79315311107219 94.85797221646278 91.21683348224595
87.95075100816271 94.95444262261057 91.34476244071067
87.96788838876873 95.16380655226209 91.45136625216307
87.96788838876873 95.16380655226209 91.45136625216307
87.95920755011309 95.2371039593655 91.48224965264492
87.98521256931609 95.25901367592209 91.51071195624905
87.98521256931609 95.25901367592209 91.51071195624905
87.98521256931609 95.25901367592209 91.51071195624905
87.96788838876873 95.24808407235872 91.49492309238967
88.00248693388252 95.25537606536301 91.51386269710709
88.00248693388252 95.25537606536301 91.51386269710709
88.00248693388252 95.25537606536301 91.51386269710709
88.0486000233654 95.31412631666598 91.56304076622803
88.057204008172 95.31412631666598 91.56618024197198
88.057204008172 95.31412631666598 91.56618024197198
88.057204008172 95.31412631666598 91.56618024197198
87.95920755011309 95.2371039593655 91.48224965264492
87.96788838876873 95.2371039593655 91.48542155214928
87.96788838876873 95.2371039593655 91.48542155214928
87.96788838876873 95.2371039593655 91.48542155214928
87.95920755011309 95.2371039593655 91.48224965264492
87.98521256931609 95.25901367592209 91.51071195624905
87.98521256931609 95.25901367592209 91.51071195624905
87.97655671949842 95.24808407235872 91.49808556181978
87.96788838876873 95.24808407235872 91.49492309238967
88.00248693388252 95.25537606536301 91.51386269710709
88.00248693388252 95.25537606536301 91.51386269710709
87.99385596515788 95.24442966411706 91.50124568030218
87.98521256931609 95.24076963078522 91.49492309238967
87.99385596515788 95.24076963078522 91.49808556181978
87.99385596515788 95.24076963078522 91.49808556181978
87.95920755011309 95.2371039593655 91.48224965264492
87.95920755011309 95.2371039593655 91.48224965264492
87.96788838876873 95.2371039593655 91.48542155214928
87.96788838876873 95.2371039593655 91.48542155214928
87.95920755011309 95.2371039593655 91.48224965264492
87.95920755011309 95.2371039593655 91.48224965264492
87.98521256931609 95.25901367592209 91.51071195624905
87.98521256931609 95.25901367592209 91.51071195624905
87.96788838876873 95.24808407235872 91.49492309238967
87.96788838876873 95.24808407235872 91.49492309238967
87.45145021352243 94.41544026967031 90.82895929404499
88.27705931690952 95.3265403532073 91.6956582942868
88.2601136874182 95.31214221778139 91.67707997420187
88.2601136874182 95.31214221778139 91.67707997420187
88.27705931690952 95.31214221778139 91.68328197691983
88.27705931690952 95.31214221778139 91.68328197691983
88.24311899685048 95.30852881129952 91.66775960694504
88.25162248807568 95.23512146381066 91.63667523564696
88.25162248807568 95.23512146381066 91.63667523564696
88.25162248807568 95.23512146381066 91.63667523564696
88.24311899685048 95.23512146381066 91.63355452913532
88.2601136874182 95.25703984583825 91.658455165202
88.26859262151083 95.25703984583825 91.66155732679337
88.26859262151083 95.25703984583825 91.66155732679337
88.25162248807568 95.24610591900311 91.64602340241275
88.27705931690952 95.253400796284 91.66155732679337
88.27705931690952 95.253400796284 91.66155732679337
88.27705931690952 95.253400796284 91.66155732679337
88.2601136874182 95.23878858474083 91.6429096696854
88.27705931690952 95.23878858474083 91.6491348157394
88.42711996873778 95.2011643621998 91.71191135734071
88.37876894235276 95.22096287823646 91.69528566968467
88.1465559355154 95.0629597307069 91.5015961571384
88.1551198937749 95.0629597307069 91.50476152127082
88.1551198937749 95.0629597307069 91.50476152127082
88.1551198937749 95.0629597307069 91.50476152127082
88.1465559355154 95.0629597307069 91.5015961571384
88.17221073977304 95.08562918838422 91.52999979926531
88.17221073977304 95.08562918838422 91.52999979926531
88.17221073977304 95.08562918838422 91.52999979926531
88.1551198937749 95.07432054232228 91.51424348158352
88.10864524677045 95.08186541367391 91.49286388180742
88.10864524677045 95.08186541367391 91.49286388180742
88.10864524677045 95.08186541367391 91.49286388180742
88.0914749556089 95.06675248634843 91.47386633404417
88.18073768096176 95.06675248634843 91.51739943308607
88.18073768096176 95.06675248634843 91.51739943308607
88.18073768096176 95.06675248634843 91.51739943308607
88.1465559355154 95.0629597307069 91.5015961571384
88.1551198937749 95.0629597307069 91.50476152127082
88.029638295798 95.0629597307069 91.43756727122752
88.029638295798 95.0629597307069 91.43756727122752
88.02099594130503 95.0629597307069 91.43437921387888
88.04688564808505 95.15845252633976 91.49693990167553
88.04688564808505 95.15845252633976 91.49693990167553
88.04688564808505 95.15845252633976 91.49693990167553
88.029638295798 95.14730290456431 91.48112780821229
88.04688564808505 95.15474168289349 91.4937821806028
88.04688564808505 95.15474168289349 91.4937821806028
88.04688564808505 95.15474168289349 91.4937821806028
88.029638295798 95.06675248634843 91.44075295631889
88.05549069966534 95.06675248634843 91.45029580449784
88.05549069966534 95.06675248634843 91.45029580449784
88.05549069966534 95.06675248634843 91.45029580449784
88.02099594130503 95.13610181122502 91.4684357288825
88.029638295798 95.13610181122502 91.47161229295389
88.029638295798 95.13610181122502 91.47161229295389
88.029638295798 95.13610181122502 91.47161229295389
88.02099594130503 95.13610181122502 91.4684357288825
88.04688564808505 95.23138749637486 91.5309184707878
88.21177067280495 94.87369985141159 91.45198006397979
89.10520404342944 95.47465265518889 92.2093023255814
89.1825688435858 95.4960019990005 92.25918942481195
89.19835884487928 95.5029315148239 92.27078567524345
89.19835884487928 95.5029315148239 92.27078567524345
89.19835884487928 95.5029315148239 92.27078567524345
89.1825688435858 95.56279089182476 92.28801948546202
89.20623657185658 95.48905109489051 92.26209174832545
89.20623657185658 95.48905109489051 92.26209174832545
89.20623657185658 95.48905109489051 92.26209174832545
89.17465651873084 95.48556759125916 92.24755832605737
89.1825688435858 95.48556759125916 92.25046937636372
89.1825688435858 95.48556759125916 92.25046937636372
89.1825688435858 95.48556759125916 92.25046937636372
89.17465651873084 95.48556759125916 92.24755832605737
88.85720466479184 95.19272681985179 91.94252014622423
88.85720466479184 95.19272681985179 91.94252014622423
88.85720466479184 95.19272681985179 91.94252014622423
88.8409650418513 95.03531366846697 91.8586665318708
88.86530676413945 95.12715374420145 91.91723637243634
88.86530676413945 95.12715374420145 91.91723637243634
89.08764948088023 95.92373713116295 92.40922085031325
88.53024806353564 95.46715039302767 91.89538784914507
88.24607585063859 95.11217282924804 91.57354790042746
88.24607585063859 95.11217282924804 91.57354790042746
88.24607585063859 95.11217282924804 91.57354790042746
88.21205780550287 95.10841319668212 91.55783958081417
88.22058076366905 95.10841319668212 91.56098592826133
88.22058076366905 95.10841319668212 91.56098592826133
88.22058076366905 95.10841319668212 91.56098592826133
88.21205780550287 95.10841319668212 91.55783958081417
88.22909140614321 95.19272681985179 91.60763874914477
89.05510879848629 96.10234487961274 92.47387184253024
89.05510879848629 96.10234487961274 92.47387184253024
89.03912202439699 96.09325771896661 92.4597036795832
89.06308471037757 96.10837953760853 92.48234721207695
89.06308471037757 96.10837953760853 92.48234721207695
89.06308471037757 96.10837953760853 92.48234721207695
89.04712124499497 96.09629147690306 92.46537734122384
89.07104900610116 96.09629147690306 92.47387184253024
89.23437900506734 96.2457696592605 92.63098992776477
89.23437900506734 96.2457696592605 92.63098992776477
89.20287132432914 96.16799445063377 92.58217684579488
89.21076552187488 96.16799445063377 92.58497234642846
89.21076552187488 96.16799445063377 92.58497234642846
89.21076552187488 96.16799445063377 92.58497234642846
89.20287132432914 96.16799445063377 92.58217684579488
89.21864818434926 96.17691468836507 92.596133310281
89.21864818434926 96.17691468836507 92.596133310281
89.21864818434926 96.17691468836507 92.596133310281
89.83530161511959 96.81720066026156 93.22334738937282
89.85772196168827 96.82961276586775 93.24386526600043
89.85772196168827 96.82961276586775 93.24386526600043
89.85772196168827 96.82961276586775 93.24386526600043
89.84278606965174 96.81969085026749 93.22848853302715
89.86517344770755 96.81969085026749 93.236185638799
89.86517344770755 96.81969085026749 93.236185638799
89.85025951041024 96.81720066026156 93.22848853302715
89.83530161511959 96.81720066026156 93.22334738937282
90.1639671666234 97.1853425385024 93.56947275235214
89.98784109709183 96.98344391919106 93.38106880894166
90.15669344845504 97.1853425385024 93.56702262406162
90.15669344845504 97.1853425385024 93.56702262406162
90.17123014289136 97.19196371805197 93.57925463029581
90.17123014289136 97.19196371805197 93.57925463029581
90.15669344845504 97.1853425385024 93.56702262406162
90.15669344845504 97.1853425385024 93.56702262406162
90.178482401037 97.19636055861194 93.58657153123556
89.7311241194563 96.68490844032836 93.10862570859506
89.52743569912943 96.45866689137945 92.89136319526023
89.52743569912943 96.45866689137945 92.89136319526023
89.55043729470893 96.45866689137945 92.89941432157215
89.55043729470893 96.45866689137945 92.89941432157215
89.51974598134551 96.45590436634268 92.88598562680815
89.51974598134551 96.45590436634268 92.88598562680815
89.52743569912943 96.45590436634268 92.88867542766049
89.52743569912943 96.45590436634268 92.88867542766049
89.51974598134551 96.45590436634268 92.88598562680815
89.52743569912943 96.61456138872504 92.96695438990756
89.53511414077362 96.61456138872504 92.9696115672099
89.53511414077362 96.65324875129086 92.98765230357562
89.36368318871588 96.60662626433262 92.87269382122962
89.37147381965754 96.68992852775611 92.91854695444428
89.37925304636809 96.69250863739782 92.92389308304428
89.37925304636809 96.69250863739782 92.92389308304428
88.5636313660816 95.96828326900486 92.14652252398434
88.58850034283475 95.97141000649772 92.15829232233631
88.59676598410398 95.97141000649772 92.16122926177486
88.59676598410398 95.97141000649772 92.16122926177486
88.5636313660816 95.96828326900486 92.14652252398434
88.57193305997528 95.96828326900486 92.14946828462233
88.57193305997528 95.96828326900486 92.14946828462233
88.57193305997528 95.96828326900486 92.14946828462233
88.57193305997528 95.96828326900486 92.14946828462233
88.58850034283475 96.05202530054873 92.19868206618011
88.58850034283475 96.05202530054873 92.19868206618011
88.58850034283475 96.05202530054873 92.19868206618011
88.5636313660816 96.04282565340611 92.18111170854935
89.11307023253062 96.67214288723198 92.77151383668938
89.20631786771965 96.78017923036373 92.87178179964313
89.4553445920529 97.26625413240654 93.2311125213671
89.04791045660028 96.8008124920655 92.79302280456295
89.79207174318479 97.73940144302608 93.6235192497532
89.88659159069694 97.85010578505332 93.72567993247
89.69597272871412 97.85010578505332 93.62255653014427
88.49413426452702 96.659694491982 92.42866588678093
88.1930064465716 96.2955167333193 92.09625126646404
88.1930064465716 96.2955167333193 92.09625126646404
88.1930064465716 96.2955167333193 92.09625126646404
88.1930064465716 96.2955167333193 92.09625126646404
88.21004993757803 96.30415152978728 92.11103807453102
88.21004993757803 96.30415152978728 92.11103807453102
88.21004993757803 96.30415152978728 92.11103807453102
88.1844662092155 96.22058174017289 92.05876393110437
88.20153434712164 96.23230946640109 92.07658559268918
88.20153434712164 96.23230946640109 92.07658559268918
88.20153434712164 96.23230946640109 92.07658559268918
88.1844662092155 96.22058174017289 92.05876393110437
88.21855324457613 96.29839947841083 92.10808514082227
88.21855324457613 96.29839947841083 92.10808514082227
88.18417411975604 96.05395653268441 91.9768863207023
88.30012136397447 96.26512361914781 92.1418503006764
88.30858908905972 96.26512361914781 92.144797664423
88.96114132576653 96.89101613791351 92.78627278851846
89.05414735180985 96.99989398918689 92.88677702840793
89.05414735180985 96.99989398918689 92.88677702840793
89.07010183379622 97.08291877474122 92.93527059015591
89.07010183379622 97.08291877474122 92.93527059015591
89.07010183379622 97.08291877474122 92.93527059015591
88.11728395061729 96.67399205477136 92.230703642048
87.83460663672946 96.68436130771823 92.08496355383014
87.47241259147404 96.50749595239597 91.80651729108081
87.38275281876729 96.40006720994707 91.70853512419578
87.15199289012538 96.133641521328 91.45738759323194
87.18862581154758 96.1366451802549 91.47326541684248
87.18862581154758 96.1366451802549 91.47326541684248
87.18862581154758 96.1366451802549 91.47326541684248
87.15199289012538 96.133641521328 91.45738759323194
87.16117074677581 96.133641521328 91.4605678868251
87.16117074677581 96.133641521328 91.4605678868251
87.10567442937351 95.919993290842 91.33283094699824
87.31626179792667 96.3279572156483 91.63390390935301
87.33438912279347 96.3365192731856 91.64947727478543
87.33438912279347 96.3365192731856 91.64947727478543
87.33438912279347 96.3365192731856 91.64947727478543
87.31626179792667 96.3279572156483 91.63390390935301
87.33438912279347 96.41424220144943 91.68670698207944
87.33438912279347 96.41424220144943 91.68670698207944
87.33438912279347 96.41424220144943 91.68670698207944
87.30717866336346 96.40305961185915 91.66498527097373
87.34343336871562 96.40586179306861 91.68051234027128
87.34343336871562 96.40586179306861 91.68051234027128
87.34343336871562 96.40586179306861 91.68051234027128
87.30717866336346 96.40305961185915 91.66498527097373
87.31626179792667 96.40305961185915 91.66809531973256
87.31626179792667 96.40305961185915 91.66809531973256
87.31626179792667 96.40305961185915 91.66809531973256
87.31626179792667 96.40305961185915 91.66809531973256
87.33438912279347 96.41145307769929 91.68361081472833
87.33438912279347 96.41145307769929 91.68361081472833
87.5152406572352 96.59014321819713 91.86392472088028
87.49733511638273 96.58215288479808 91.84871572055049
87.5152406572352 96.59279836690027 91.86695971286849
87.5152406572352 96.59279836690027 91.86695971286849
87.5152406572352 96.59279836690027 91.86695971286849
87.48836307214896 96.58215288479808 91.84566709458298
87.52417420901988 96.5848204868582 91.86088746292148
87.52417420901988 96.5848204868582 91.86088746292148
87.52417420901988 96.5848204868582 91.86088746292148
87.48836307214896 96.58215288479808 91.84566709458298
87.49733511638273 96.58215288479808 91.84871572055049
87.49733511638273 96.58215288479808 91.84871572055049
87.49733511638273 96.58215288479808 91.84871572055049
87.49733511638273 96.58215288479808 91.84871572055049
87.5152406572352 96.51493149820064 91.82965681332419
87.5152406572352 96.51493149820064 91.82965681332419
87.5152406572352 96.51493149820064 91.82965681332419
87.49733511638273 96.5067712947728 91.81438946294557
87.5152406572352 96.59279836690027 91.86695971286849
87.5152406572352 96.59279836690027 91.86695971286849
87.33776266996291 96.41424220144943 91.68855213773257
87.33591481122943 96.47217594837947 91.7121718328909
87.24913728287483 96.47492625368731 91.66020678338081
87.09466351057483 96.28827388963661 91.49073004069739
87.24676828091839 97.7438789898731 92.23103126647472
86.6164864916761 96.99783742526397 91.55322686281426
86.62598818021337 96.99783742526397 91.55637477085475
86.62598818021337 96.99783742526397 91.55637477085475
86.62598818021337 96.99783742526397 91.55637477085475
86.62598818021337 96.99783742526397 91.55637477085475
86.64495114006515 97.00488609683356 91.57207918204028
86.64495114006515 97.00488609683356 91.57207918204028
86.62598818021337 96.99783742526397 91.55637477085475
86.62598818021337 96.99783742526397 91.55637477085475
86.64495114006515 96.93142700259763 91.54117398860771
86.64495114006515 96.93142700259763 91.54117398860771
86.6164864916761 96.8458933107536 91.48501293810853
86.6164864916761 96.8458933107536 91.48501293810853
86.65441246864648 96.84836178268502 91.50084418716835
86.65441246864648 96.84836178268502 91.50084418716835
86.6164864916761 96.8458933107536 91.48501293810853
86.62646669099149 96.8458933107536 91.4905400098678
86.63596238725772 96.8458933107536 91.49370910920986
87.93875881413378 98.04341769710477 92.75313517209008
88.11726587812781 98.04341769710477 92.85167063342084
88.32932245504882 98.30253545337344 93.0855802807959
88.3461951743675 98.30657434996034 93.09865489185984
88.3461951743675 98.30657434996034 93.09865489185984
88.32932245504882 98.30253545337344 93.0855802807959
88.32932245504882 98.30253545337344 93.0855802807959
88.3461951743675 98.30791638108293 93.10126388278688
88.3461951743675 98.30791638108293 93.10126388278688
88.32086776050436 98.30253545337344 93.08295941155981
88.33776491749433 98.30388389119094 93.0908160654899
88.35461325211823 98.30388389119094 93.09604392682952
88.35461325211823 98.30388389119094 93.09604392682952
88.32932245504882 98.30253545337344 93.0855802807959
88.33776491749433 98.22444554179101 93.0529547198772
88.33776491749433 98.22444554179101 93.0529547198772
88.33776491749433 98.22444554179101 93.0529547198772
87.89595623308607 97.43163812931255 92.45313723695318
88.59197147503086 98.0753191762366 93.12911537360435
88.59197147503086 98.0753191762366 93.12911537360435
88.59197147503086 98.0753191762366 93.12911537360435
88.57540858168691 98.07073954983923 93.11609420297277
88.59197147503086 98.07684089063635 93.13171369875614
88.59197147503086 98.07684089063635 93.13171369875614
88.59197147503086 98.07684089063635 93.13171369875614
88.57540858168691 97.99460662614501 93.08343484180033
88.60848641352193 97.91871447497756 93.0613287034673
88.60848641352193 97.91871447497756 93.0613287034673
88.60848641352193 97.91871447497756 93.0613287034673
88.57540858168691 97.99301732816416 93.08081428688457
88.5836960357605 97.99301732816416 93.08343484180033
88.5836960357605 97.99301732816416 93.08343484180033
88.5836960357605 97.99301732816416 93.08343484180033
88.57540858168691 97.99301732816416 93.08081428688457
88.59197147503086 98.0753191762366 93.12911537360435
88.59197147503086 98.0753191762366 93.12911537360435
88.59197147503086 98.0753191762366 93.12911537360435
88.77920239125305 98.45485064990962 93.40217838060008
88.4792987399233 98.15444494343578 93.10506902083398
88.4792987399233 98.15444494343578 93.10506902083398
88.4792987399233 98.15444494343578 93.10506902083398
88.28268606515702 97.99460662614501 92.92268704910998
87.04525799942347 97.26815393432531 91.9058761825994
86.57606514134984 96.68938450826072 91.38601945642363
86.57606514134984 96.68938450826072 91.38601945642363
86.5379823266691 96.68420718950105 91.36679800578963
86.5379823266691 96.68420718950105 91.36679800578963
86.5379823266691 96.68420718950105 91.36679800578963
86.5379823266691 96.68420718950105 91.36679800578963
86.52842783702907 96.68420718950105 91.36358608762104
86.55705070535765 96.69196710942441 91.38282182737552
86.55705070535765 96.69196710942441 91.38282182737552
86.55705070535765 96.69196710942441 91.38282182737552
86.54752327318698 96.69196710942441 91.3796218234373
86.56656465187453 96.77751835257989 91.43266446940022
86.56656465187453 96.77751835257989 91.43266446940022
86.56656465187453 96.77751835257989 91.43266446940022
86.5379823266691 96.7623998816543 91.40398842071406
86.57606514134984 96.76492947039446 91.41994321431079
86.57606514134984 96.76492947039446 91.41994321431079
86.73522146262998 97.15884997031634 91.68486190068924
86.69752078812436 97.15438521979188 91.66624648306325
86.69752078812436 97.15438521979188 91.66624648306325
86.69752078812436 97.15438521979188 91.66624648306325
86.69752078812436 97.15438521979188 91.66624648306325
86.68806211084635 97.15438521979188 91.66313580695277
86.7163978752373 97.23729963531507 91.71592270745435
86.7163978752373 97.23729963531507 91.71592270745435
86.7163978752373 97.23729963531507 91.71592270745435
86.7069660333909 97.23729963531507 91.71283518343172
86.72581634217384 97.24594183293878 91.73132588244754
86.88565504530794 97.84152773052058 92.08673016385504
86.88565504530794 97.84152773052058 92.08673016385504
86.85764857533141 97.83128926114269 92.06005325018477
86.89496402877698 97.75578121000086 92.04048443955112
86.89496402877698 97.75578121000086 92.04048443955112
86.89496402877698 97.75578121000086 92.04048443955112
87.13761822042076 99.13111308530694 92.7910086667143
86.95802916193153 98.90181157853777 92.58874458874459
86.95802916193153 98.90181157853777 92.58874458874459
86.95802916193153 98.90181157853777 92.58874458874459
86.94872783346183 98.90181157853777 92.5859503963806
86.97659210247927 98.90444046669111 92.60268401789345
86.97659210247927 98.90444046669111 92.60268401789345
86.97659210247927 98.90444046669111 92.60268401789345
86.96731724217577 98.90444046669111 92.5999003285091
86.98585377104637 98.90792613453146 92.61657110964534
86.98585377104637 98.90792613453146 92.61657110964534
86.98585377104637 98.90792613453146 92.61657110964534
86.95802916193153 98.82370715704049 92.5566672434325
86.99510227600116 98.82464577627294 92.57065648048439
86.99510227600116 98.82464577627294 92.57065648048439
86.99510227600116 98.82464577627294 92.57065648048439
87.02929676213958 98.82276703747705 92.59153667576263
87.02929676213958 98.82276703747705 92.59153667576263
87.02929676213958 98.82276703747705 92.59153667576263
87.02929676213958 98.82276703747705 92.59153667576263
86.76142483458995 98.41037664823938 92.26348229607741
86.94388854679804 98.90444046669111 92.58671710546386
86.94388854679804 98.90444046669111 92.58671710546386
86.94388854679804 98.90444046669111 92.58671710546386
86.93458627794574 98.90444046669111 92.58392675483215
86.96245340302063 98.98666092943202 92.63819248492723
86.96245340302063 98.98666092943202 92.63819248492723
86.96245340302063 98.98666092943202 92.63819248492723
86.77417494762335 97.88776055585248 92.03862269994535
86.81169142309535 97.8121197891097 92.01910647923735
86.81169142309535 97.8121197891097 92.01910647923735
86.65225459623883 97.21450240787492 91.66364880090133
86.62384969325153 97.2101226016191 91.64810578192557
86.62384969325153 97.2101226016191 91.64810578192557
86.62384969325153 97.2101226016191 91.64810578192557
86.62384969325153 97.2101226016191 91.64810578192557
86.60484583189341 97.2101226016191 91.64187233355858
86.62384969325153 97.21668715818035 91.65743854068094
86.62384969325153 97.21668715818035 91.65743854068094
86.614354507607 97.21668715818035 91.65432993947451
86.26349479315945 96.26372242396255 91.03184764343443
86.46732900267482 96.41450125733445 91.21427143713771
86.46732900267482 96.41450125733445 91.21427143713771
86.44816898174722 96.32270958241295 91.15439725052855
86.4385686113079 96.32270958241295 91.15111663525921
86.47688871069363 96.71591388771633 91.34296340106458
86.47688871069363 96.71591388771633 91.34296340106458
86.44816898174722 96.71077664566863 91.32687904230104
86.44816898174722 96.71077664566863 91.32687904230104
86.60724554341576 97.10489451118563 91.59179726844204
86.60724554341576 97.10489451118563 91.59179726844204
86.58822174447174 97.18121375618666 91.61969487662974
86.58822174447174 97.18121375618666 91.61969487662974
86.60724554341576 97.26410892663995 91.6694354668197
86.76690863002649 97.86185263427437 92.02522817550562
86.75749947152987 97.86185263427437 92.02224469160768
86.75749947152987 97.86185263427437 92.02224469160768
86.78568689115595 97.8685839484376 92.0430823223308
86.78568689115595 97.8685839484376 92.0430823223308
86.75749947152987 97.85847100814294 92.01627102179589
86.6342998599144 97.89822535813556 91.96508934982454
86.49505404269946 97.67659973568658 91.78182917002418
86.49505404269946 97.67659973568658 91.78182917002418
86.53717347622238 97.75014422152427 91.83811504371177
86.53717347622238 97.75014422152427 91.83811504371177
86.53717347622238 97.75014422152427 91.83811504371177
86.3784836965865 97.15232209976429 91.48347780615836
86.28842512003366 97.15232209976429 91.43990016906851
86.30780691868351 97.08291877474122 91.4218295009539
86.30780691868351 97.08291877474122 91.4218295009539
86.30780691868351 97.08291877474122 91.4218295009539
86.29812287341821 97.08291877474122 91.4186413267305
86.32713400095375 97.16789862724393 91.47481834126785
86.32713400095375 97.16789862724393 91.47481834126785
86.32713400095375 97.16789862724393 91.47481834126785
86.29812287341821 97.07834199088306 91.41225786346867
86.33677709580267 97.08063217660269 91.42819874779258
86.33677709580267 97.08063217660269 91.42819874779258
86.33677709580267 97.08063217660269 91.42819874779258
86.3174772848744 97.07604820913257 91.41545078178383
86.14153728926564 96.93412716909972 91.25406251253862
85.96631306794418 96.71486555048199 91.05859507937461
85.96631306794418 96.71486555048199 91.05859507937461
85.93663675677735 96.71486555048199 91.0486497319505
85.95643489013602 96.7980919414074 91.09892638804118
85.95643489013602 96.7980919414074 91.09892638804118
85.95643489013602 96.7980919414074 91.09892638804118
85.94654279622297 96.7980919414074 91.09562989209857
85.97617735899237 96.8080629550141 91.11865422053611
85.97617735899237 96.8080629550141 91.11865422053611
85.97617735899237 96.8080629550141 91.11865422053611
85.94654279622297 96.79308303737527 91.08902956967707
85.97617735899237 96.79558944677976 91.10222044408883
85.97617735899237 96.79558944677976 91.10222044408883
85.97617735899237 96.79558944677976 91.10222044408883
85.95643489013602 96.79057270400068 91.08902956967707
85.96631306794418 96.79057270400068 91.09233095354915
85.96631306794418 96.79057270400068 91.09233095354915
85.96631306794418 96.79057270400068 91.09233095354915
85.77975545286859 96.01057690289817 90.64626189668589
86.26825775656324 96.67362296844368 91.21666299316729
85.51070232214842 96.09429020429545 90.53637484586929
85.51070232214842 96.09429020429545 90.53637484586929
85.50054922162039 96.09429020429545 90.53289166094682
85.46103982008202 96.10335312317083 90.51702746429245
85.46103982008202 96.10335312317083 90.51702746429245
85.46103982008202 96.10335312317083 90.51702746429245
85.44067828687145 96.09429020429545 90.49958235551489
85.54107648725213 96.17478330053181 90.58702041464771
85.54107648725213 96.17478330053181 90.58702041464771
85.54107648725213 96.17478330053181 90.58702041464771
85.51070232214842 96.08518502961314 90.52591759330234
85.52084121340495 96.08518502961314 90.52940591103592
85.52084121340495 96.08518502961314 90.52940591103592
85.52084121340495 96.08518502961314 90.52940591103592
85.49038188192931 96.08518502961314 90.51893324300899
85.51070232214842 96.09429020429545 90.53637484586929
85.51070232214842 96.09429020429545 90.53637484586929
85.51070232214842 96.09429020429545 90.53637484586929
85.50054922162039 96.09429020429545 90.53289166094682
85.4416627302787 96.50481768373324 90.68534834231619
85.12160228898426 96.10335312317083 90.32785261489698
85.12160228898426 96.10335312317083 90.32785261489698
85.10084825636193 96.09429020429545 90.31009675018606
85.14229858265348 96.10033682713028 90.33139598205887
85.14229858265348 96.10033682713028 90.33139598205887
85.14229858265348 96.10033682713028 90.33139598205887
85.11123250513309 96.08518502961314 90.30297613727768
85.12160228898426 96.08518502961314 90.30653775139471
85.12160228898426 96.08518502961314 90.30653775139471
85.12160228898426 96.08518502961314 90.30653775139471
85.09044951238376 96.08518502961314 90.29584505152692
85.10084825636193 96.08518502961314 90.29941190495111
85.10084825636193 96.08518502961314 90.29941190495111
85.10084825636193 96.08518502961314 90.29941190495111
85.09044951238376 96.08518502961314 90.29584505152692
85.12160228898426 96.02907693271781 90.29476123053159
85.12160228898426 96.02907693271781 90.29476123053159
85.12160228898426 96.02907693271781 90.29476123053159
85.10084825636193 96.019848415058 90.27695115660835
85.14229858265348 96.0260055188561 90.29831541857196
85.14229858265348 96.0260055188561 90.29831541857196
85.14229858265348 96.0260055188561 90.29831541857196
85.11123250513309 96.01057690289817 90.26980881097501
85.12160228898426 96.01057690289817 90.27338129496403
85.12160228898426 96.01057690289817 90.27338129496403
85.12160228898426 96.01057690289817 90.27338129496403
85.09044951238376 96.01057690289817 90.26265596439642
85.10084825636193 96.01057690289817 90.26623370175074
85.10084825636193 96.01057690289817 90.26623370175074
85.10084825636193 96.01057690289817 90.26623370175074
85.09044951238376 96.01057690289817 90.26265596439642
85.12160228898426 96.02907693271781 90.29476123053159
85.12160228898426 96.02907693271781 90.29476123053159
85.12160228898426 96.02907693271781 90.29476123053159
85.10084825636193 96.019848415058 90.27695115660835
85.14229858265348 96.0260055188561 90.29831541857196
85.14229858265348 96.0260055188561 90.29831541857196
85.14229858265348 96.0260055188561 90.29831541857196
85.11123250513309 96.01057690289817 90.26980881097501
85.46103982008202 96.2043949111555 90.54922960544651
85.46103982008202 96.2043949111555 90.54922960544651
85.46103982008202 96.2043949111555 90.54922960544651
85.43047611832885 96.2043949111555 90.53877656765349
85.44067828687145 96.2043949111555 90.54226348188139
85.44067828687145 96.2043949111555 90.54226348188139
85.28572777935204 95.43378042929557 90.11142613557507
85.27543574426254 95.43378042929557 90.107797732975
85.30626874681657 95.45482859575175 90.14035781358109
85.30626874681657 95.45482859575175 90.14035781358109
85.29600543683455 95.44432882414152 90.12591316742888
85.28572777935204 95.44432882414152 90.12229539040452
85.32675244428536 95.45133405369462 90.14396237414408
85.32675244428536 95.45133405369462 90.14396237414408
85.31651773932059 95.44081811176139 90.12952829535223
85.30626874681657 95.4373019843255 90.12229539040452
85.31651773932059 95.4373019843255 90.12591316742888
85.31651773932059 95.4373019843255 90.12591316742888
85.28572777935204 95.43378042929557 90.11142613557507
85.27543574426254 95.43378042929557 90.107797732975
85.45685135058396 95.60728914151969 90.28416483745691
85.45685135058396 95.60728914151969 90.28416483745691
85.6023227569455 96.57603647724395 90.8002558260383
85.6023227569455 96.57603647724395 90.8002558260383
85.6325865888992 96.5169742394659 90.7973077918716
85.6325865888992 96.5169742394659 90.7973077918716
85.61242485729998 96.58404060400565 90.81384210106171
85.61242485729998 96.58404060400565 90.81384210106171
85.64264627961548 96.5893559307778 90.83076861784245
85.64264627961548 96.5893559307778 90.83076861784245
85.62251279135873 96.57870868400515 90.81044929576059
85.62251279135873 96.57870868400515 90.81044929576059
85.64264627961548 96.57870868400515 90.81723240202288
85.64264627961548 96.57870868400515 90.81723240202288
85.6023227569455 96.57603647724395 90.8002558260383
85.6023227569455 96.57603647724395 90.8002558260383
85.61242485729998 96.57603647724395 90.80365616103091
85.61242485729998 96.57603647724395 90.80365616103091
85.6023227569455 96.57603647724395 90.8002558260383
85.62251279135873 96.74242424242424 90.89440622195633
85.6325865888992 96.74242424242424 90.897764310704
85.78854508546603 96.74242424242424 90.98482505412497
85.76856583771871 96.73479719040688 90.96815464886151
85.78854508546603 96.7373435063019 90.97816428207713
85.79851368772276 96.73988585388454 90.98482505412497
85.79851368772276 96.73988585388454 90.98482505412497
85.77856247864221 96.80536174891115 90.9984795742808
85.79851368772276 96.80536174891115 91.00513763668712
85.79851368772276 96.80536174891115 91.00513763668712
85.79851368772276 96.80536174891115 91.00513763668712
85.75855513307985 96.60662626433262 90.90108746761108
85.76856583771871 96.60662626433262 90.90445426725604
85.76856583771871 96.60662626433262 90.90445426725604
85.76856583771871 96.60662626433262 90.90445426725604
85.75855513307985 96.60662626433262 90.90108746761108
85.78854508546603 96.62245948842977 90.93129923222655
85.78854508546603 96.62245948842977 90.93129923222655
85.78854508546603 96.62245948842977 90.93129923222655
85.76856583771871 96.61456138872504 90.91453973328005
85.72836884810798 96.54469408772778 90.86088490635622
85.83088165512005 96.29171557940633 90.80476944685174
85.98102409065845 96.5061557208286 90.98422013953349
86.29317430280788 96.86885141853725 91.31587403598972
86.38315741253268 96.86885141853725 91.35944931666299
86.38315741253268 96.86885141853725 91.35944931666299
86.38315741253268 96.86885141853725 91.35944931666299
86.34458204926976 96.8663984755452 91.34337961054759
86.35424636572303 96.8663984755452 91.34659833182594
86.35424636572303 96.8663984755452 91.34659833182594
86.35424636572303 96.8663984755452 91.34659833182594
86.34458204926976 96.94234314411035 91.3773683575365
86.37353401841311 96.88105875410942 91.37226218864598
86.37353401841311 96.88105875410942 91.37226218864598
86.37353401841311 96.88105875410942 91.37226218864598
86.35424636572303 96.87374580173633 91.35624015016914
86.37353401841311 96.95428257841192 91.40295993261942
86.37353401841311 96.95428257841192 91.40295993261942
86.37353401841311 96.95428257841192 91.40295993261942
86.35424636572303 96.94473851365657 91.3837805245704
86.38315741253268 96.94473851365657 91.39338091366278
86.26296126867948 96.94473851365657 91.32645896443115
86.26296126867948 96.94473851365657 91.32645896443115
86.22409970181207 97.01840698956654 91.34429789287437
86.23383569231945 97.01840698956654 91.34751630505782
86.23383569231945 97.01840698956654 91.34751630505782
86.23383569231945 97.01840698956654 91.34751630505782
86.22409970181207 97.01840698956654 91.34429789287437
86.25326644667824 97.10821486660612 91.40706438938338
86.25326644667824 97.10821486660612 91.40706438938338
86.25326644667824 97.10821486660612 91.40706438938338
86.23383569231945 97.10141858987932 91.39110089071428
86.25326644667824 97.10595298494842 91.40387642759022
86.25326644667824 97.10595298494842 91.40387642759022
86.25326644667824 97.10595298494842 91.40387642759022
86.23383569231945 97.09686996352532 91.38469887145885
86.26296126867948 97.09686996352532 91.39429833366793
86.26296126867948 97.09686996352532 91.39429833366793
86.26296126867948 97.09686996352532 91.39429833366793
86.22409970181207 97.09459029266326 91.37828732337708
86.23383569231945 97.09459029266326 91.38149428985041
86.23383569231945 97.09459029266326 91.38149428985041
86.23383569231945 97.09459029266326 91.38149428985041
86.22409970181207 97.09459029266326 91.37828732337708
86.24355793090285 97.10141858987932 91.39429833366793
86.24355793090285 97.10141858987932 91.39429833366793
86.24355793090285 97.10141858987932 91.39429833366793
86.38261202604366 98.01611106350158 91.87631451221485
86.41149605396419 98.02394315102111 91.90055649649165
86.41149605396419 98.02394315102111 91.90055649649165
86.41149605396419 98.02394315102111 91.90055649649165
86.39225366936488 98.01768244385931 91.88238860260685
86.42109685304003 98.01768244385931 91.89148272625428
86.42109685304003 98.01768244385931 91.89148272625428
86.42109685304003 98.01768244385931 91.89148272625428
86.38261202604366 98.01611106350158 91.87631451221485
86.39225366936488 97.93847537088178 91.84500353642517
86.39225366936488 97.93847537088178 91.84500353642517
86.39225366936488 97.93847537088178 91.84500353642517
86.38261202604366 97.93847537088178 91.84195364539637
86.40188166902513 97.94336237826755 91.85718033051515
86.24849676446446 97.74921670183515 91.68512849432047
86.21229178194585 97.74296675191816 91.66205237141217
86.19279640775773 97.73761456130231 91.64649398854192
86.22201883842429 97.74652083244669 91.6713596138375
86.22201883842429 97.74652083244669 91.6713596138375
86.22201883842429 97.74652083244669 91.6713596138375
86.20255098144047 97.66226563999744 91.61855825902977
86.23173217994398 97.66226563999744 91.62792101926213
86.23173217994398 97.66226563999744 91.62792101926213
86.23173217994398 97.66226563999744 91.62792101926213
86.19279640775773 97.73761456130231 91.64649398854192
86.20255098144047 97.73761456130231 91.649610308426
86.20255098144047 97.73761456130231 91.649610308426
86.20255098144047 97.73761456130231 91.649610308426
86.19279640775773 97.73761456130231 91.64649398854192
86.21229178194585 97.74296675191816 91.66205237141217
86.21229178194585 97.74296675191816 91.66205237141217
86.21229178194585 97.74296675191816 91.66205237141217
86.19279640775773 97.66041924604022 91.61230477611639
86.22201883842429 97.66962216410452 91.63726288488796
86.39828808345594 97.89233654419914 91.83482264287801
86.07758784786995 97.66962216410452 91.55626977351479
86.05794891345788 97.66226563999744 91.53740072274846
86.08738658195583 97.66226563999744 91.5468457779476
86.08738658195583 97.66226563999744 91.5468457779476
86.0677753014458 97.66041924604022 91.53740072274846
86.04810865459818 97.66041924604022 91.53109228460043
86.05794891345788 97.66041924604022 91.53424767889152
86.05794891345788 97.66041924604022 91.53424767889152
86.04810865459818 97.66041924604022 91.53109228460043
86.04810865459818 97.66041924604022 91.53109228460043
86.0677753014458 97.66594969866048 91.5468457779476
86.0677753014458 97.66594969866048 91.5468457779476
86.04810865459818 97.66041924604022 91.53109228460043
86.04810865459818 97.66041924604022 91.53109228460043
86.07758784786995 97.74652083244669 91.59030624547866
86.07758784786995 97.74652083244669 91.59030624547866
86.05794891345788 97.66226563999744 91.53740072274846
86.05794891345788 97.66226563999744 91.53740072274846
86.08738658195583 97.66226563999744 91.5468457779476
86.08738658195583 97.70186070331171 91.56433851259617
85.88754974200796 97.57293977137007 91.40218692472513
85.88754974200796 97.57293977137007 91.40218692472513
85.89748468358765 97.57293977137007 91.40538583753997
85.89748468358765 97.57293977137007 91.40538583753997
85.88754974200796 97.57293977137007 91.40218692472513
85.89748468358765 97.65555129679315 91.44895498392283
85.9074056469246 97.65555129679315 91.45213294896391
85.9074056469246 97.65555129679315 91.45213294896391
85.88754974200796 97.64999679836076 91.43621945819747
85.88754974200796 97.64999679836076 91.43621945819747
85.9074056469246 97.6573969658929 91.45530855272406
85.9074056469246 97.6573969658929 91.45530855272406
85.88754974200796 97.72717563122143 91.47027734433986
85.91731266149871 97.65185121992835 91.44895498392283
86.08411161622887 98.45819714433168 91.89519262795604
86.08411161622887 98.45819714433168 91.89519262795604
86.04482594182166 98.45696946219898 91.88003074060592
86.05466814074948 98.45696946219898 91.88306765458056
86.05466814074948 98.45696946219898 91.88306765458056
85.70018413409518 98.17385893006588 91.55821917808218
86.03170973397363 98.45696946219898 91.87006660400434
86.05137963843958 98.46064665722015 91.88523928657897
86.05137963843958 98.46064665722015 91.88523928657897
86.05137963843958 98.46064665722015 91.88523928657897
86.021853963653 98.45696946219898 91.86702525630398
86.04155161579038 98.54008330112929 91.91954869766175
86.04155161579038 98.54008330112929 91.91954869766175
86.04155161579038 98.54008330112929 91.91954869766175
86.021853963653 98.53542967908679 91.90140488929795
86.061193831175 98.53659586373125 91.91653037736992
86.061193831175 98.53659586373125 91.91653037736992
86.061193831175 98.53659586373125 91.91653037736992
86.021853963653 98.53542967908679 91.90140488929795
86.03170973397363 98.53542967908679 91.90443451357855
86.03170973397363 98.53542967908679 91.90443451357855
86.03170973397363 98.53542967908679 91.90443451357855
86.03170973397363 98.53542967908679 91.90443451357855
86.05137963843958 98.53892267033369 91.91954869766175
86.05137963843958 98.53892267033369 91.91954869766175
85.91731266149871 98.59188236305786 91.86670432081333
85.71292847913658 98.36171310629514 91.6501916481743
85.73298926036964 98.36690955850835 91.66884724542581
85.73298926036964 98.36690955850835 91.66884724542581
85.73298926036964 98.36690955850835 91.66884724542581
85.71292847913658 98.36171310629514 91.6501916481743
85.7529937850538 98.44126246990024 91.69990331157844
85.7529937850538 98.44126246990024 91.69990331157844
85.7529937850538 98.44126246990024 91.69990331157844
85.71292847913658 98.4400215169446 91.68440915007619
85.72296591664293 98.4400215169446 91.68751260843251
85.72296591664293 98.4400215169446 91.68751260843251
85.72296591664293 98.4400215169446 91.68751260843251
85.72296591664293 98.4400215169446 91.68751260843251
85.89935983891496 99.05611473497775 92.05890379114827
85.89935983891496 99.05611473497775 92.05890379114827
85.89935983891496 99.05611473497775 92.05890379114827
85.86956521739131 99.05384632039318 92.04104579665515
85.8894422689427 99.05686845796914 92.05890379114827
85.8894422689427 99.05686845796914 92.05890379114827
85.8894422689427 99.05686845796914 92.05890379114827
85.69501700260264 98.86547811993516 91.85959520391451
85.73512417830148 98.86638452237001 91.87479187479187
85.73512417830148 98.86638452237001 91.87479187479187
85.73512417830148 98.86638452237001 91.87479187479187
85.69501700260264 98.86547811993516 91.85959520391451
85.70506492520313 98.86547811993516 91.86263908399106
85.70506492520313 98.86547811993516 91.86263908399106
85.70506492520313 98.86547811993516 91.86263908399106
85.70506492520313 98.86547811993516 91.86263908399106
85.72511848341232 98.94711860018555 91.91212827576464
85.72511848341232 98.94711860018555 91.91212827576464
85.72511848341232 98.94711860018555 91.91212827576464
85.70506492520313 98.94459102902374 91.89700143559051
85.72511848341232 98.94795843573492 91.9151468689477
85.72511848341232 98.94795843573492 91.9151468689477
85.72511848341232 98.94795843573492 91.9151468689477
85.69501700260264 98.94459102902374 91.89396927495778
85.73512417830148 98.94543490005402 91.90910742767156
85.73512417830148 98.94543490005402 91.90910742767156
85.56330705386345 98.75976014839739 91.73039141604957
85.5227983695137 98.75876956287102 91.71494902594125
85.53294683793717 98.75876956287102 91.71804211609674
85.53294683793717 98.75876956287102 91.71804211609674
85.53294683793717 98.75876956287102 91.71804211609674
85.53294683793717 98.75876956287102 91.71804211609674
85.55320115029514 98.8404922519882 91.76766913505617
85.55320115029514 98.8404922519882 91.76766913505617
85.55320115029514 98.8404922519882 91.76766913505617
85.53294683793717 98.83771171793985 91.75229635611184
85.55320115029514 98.84141614264794 91.77073681666197
85.55320115029514 98.84141614264794 91.77073681666197
85.55320115029514 98.84141614264794 91.77073681666197
85.36742302378835 97.6229088426084 91.1308359661
85.40829228707845 97.62478411974158 91.14726198818701
85.40829228707845 97.62478411974158 91.14726198818701
85.40829228707845 97.62478411974158 91.14726198818701
85.36742302378835 97.6229088426084 91.1308359661
85.37766178751087 97.6229088426084 91.13412604519661
85.37766178751087 97.6229088426084 91.13412604519661
85.22776613618773 97.46900166176658 90.98179343202314
84.91517135011097 97.28660740866755 90.72480836793358
84.93613824192336 97.29299700871927 90.7419030255935
84.93613824192336 97.29299700871927 90.7419030255935
84.93613824192336 97.29299700871927 90.7419030255935
84.91517135011097 97.2101226016191 90.69131688433487
84.93613824192336 97.21886848403973 90.71188937890116
84.93613824192336 97.21886848403973 90.71188937890116
84.93613824192336 97.21886848403973 90.71188937890116
84.9046660016187 97.2101226016191 90.68787927179814
84.94659984608744 97.21231422505308 90.70504199169133
84.94659984608744 97.21231422505308 90.70504199169133
84.94659984608744 97.21231422505308 90.70504199169133
84.9046660016187 97.2101226016191 90.68787927179814
84.91517135011097 97.2101226016191 90.69131688433487
84.91517135011097 97.2101226016191 90.69131688433487
84.91517135011097 97.2101226016191 90.69131688433487
84.91517135011097 97.2101226016191 90.69131688433487
84.93613824192336 97.21668715818035 90.70846694684008
84.93613824192336 97.21668715818035 90.70846694684008
85.49245365197795 97.46692515818403 91.13047139734927
85.49245365197795 97.46692515818403 91.13047139734927
85.51275505380003 97.62831557228851 91.21769075219733
85.51275505380003 97.62831557228851 91.21769075219733
85.48228159939359 97.62082577616559 91.19486124353891
85.48228159939359 97.62082577616559 91.19486124353891
85.5228844627537 97.62270265660314 91.2111801242236
85.5228844627537 97.62270265660314 91.2111801242236
85.48228159939359 97.62082577616559 91.19486124353891
85.48228159939359 97.62082577616559 91.19486124353891
85.49245365197795 97.62082577616559 91.19812986596035
85.49245365197795 97.62082577616559 91.19812986596035
85.49245365197795 97.62082577616559 91.19812986596035
85.49245365197795 97.62082577616559 91.19812986596035
85.51275505380003 97.62644754768392 91.2144366444015
85.51275505380003 97.62644754768392 91.2144366444015
85.49245365197795 97.62082577616559 91.19812986596035
85.49245365197795 97.62082577616559 91.19812986596035
85.51275505380003 97.62831557228851 91.21769075219733
85.51275505380003 97.62831557228851 91.21769075219733
85.31898394204762 97.4108929864157 91.01034686539059
85.49245365197795 97.62270265660314 91.20139606254199
85.5228844627537 97.62270265660314 91.2111801242236
85.5228844627537 97.62270265660314 91.2111801242236
85.49245365197795 97.62082577616559 91.19812986596035
85.50261146014685 97.62082577616559 91.20139606254199
85.34756327918399 96.82744608351499 90.76445517971035
85.34756327918399 96.82744608351499 90.76445517971035
85.33731546415137 96.82744608351499 90.76104321431424
85.35779677973461 96.83488175675676 90.77807787755265
85.35779677973461 96.83488175675676 90.77807787755265
85.35779677973461 96.83488175675676 90.77807787755265
85.33731546415137 96.75168125872351 90.72752497779197
85.35779677973461 96.8373525750575 90.78147727499153
85.35779677973461 96.8373525750575 90.78147727499153
85.35779677973461 96.8373525750575 90.78147727499153
85.33731546415137 96.90575461914538 90.79798705966931
85.37822095719214 96.90817578141522 90.81495360634662
85.37822095719214 96.90817578141522 90.81495360634662
85.37822095719214 96.90817578141522 90.81495360634662
85.57185640092497 96.79466835925103 90.87809803745138
85.9057723020762 97.20392640122381 91.24440609259297
85.9057723020762 97.20392640122381 91.24440609259297
85.9057723020762 97.20392640122381 91.24440609259297
85.8958503776708 97.20392640122381 91.24115432873275
85.91568027663253 97.21050511901986 91.25738903917443
85.91568027663253 97.21050511901986 91.25738903917443
85.91568027663253 97.21050511901986 91.25738903917443
85.8958503776708 97.12757149226164 91.20728060845659
85.91568027663253 97.21269115092981 91.26062876200587
85.91568027663253 97.21269115092981 91.26062876200587
85.91568027663253 97.21269115092981 91.26062876200587
85.8958503776708 97.20612275226631 91.24440609259297
85.93545449371052 97.28467401227098 91.2944594729987
85.93545449371052 97.28467401227098 91.2944594729987
85.93545449371052 97.28467401227098 91.2944594729987
85.8958503776708 97.28040145442174 91.27505321926337
85.8958503776708 97.28040145442174 91.27505321926337
85.8958503776708 97.28040145442174 91.27505321926337
85.8958503776708 97.28040145442174 91.27505321926337
85.88591447393473 97.28040145442174 91.27181042882543
85.91568027663253 97.28680526092491 91.2912310945847
85.91568027663253 97.28680526092491 91.2912310945847
85.91568027663253 97.28680526092491 91.2912310945847
85.9057723020762 97.28680526092491 91.28800032084705
85.76924534738278 96.31761848936526 90.78421230628445
85.76924534738278 96.31761848936526 90.78421230628445
85.76924534738278 96.31761848936526 90.78421230628445
85.7392460355142 96.15077698446031 90.68661181750187
85.77921708993807 96.15376544893721 90.70376269161855
85.77921708993807 96.15376544893721 90.70376269161855
85.77921708993807 96.15376544893721 90.70376269161855
85.7392460355142 96.22260547680142 90.7166595143761
85.7392460355142 96.22260547680142 90.7166595143761
85.7392460355142 96.22260547680142 90.7166595143761
85.7392460355142 96.22260547680142 90.7166595143761
85.72921813827968 96.22260547680142 90.71323030230423
85.75925961046103 96.23140357135364 90.73376765684458
85.75925961046103 96.23140357135364 90.73376765684458
85.75925961046103 96.23140357135364 90.73376765684458
85.43309319870667 95.96158272478081 90.4338584397783
85.93862747332042 96.16863843484805 90.8113109925973
85.93862747332042 96.16863843484805 90.8113109925973
85.93862747332042 96.16863843484805 90.8113109925973
85.90892656657343 96.15077698446031 90.78076489203461
85.94849997153646 96.15376544893721 90.79775997449082
85.94849997153646 96.15376544893721 90.79775997449082
85.94849997153646 96.15376544893721 90.79775997449082
85.90892656657343 96.1477838723914 90.77735833982463
85.90892656657343 96.1477838723914 90.77735833982463
85.90892656657343 96.1477838723914 90.77735833982463
85.90892656657343 96.1477838723914 90.77735833982463
85.89899836234147 96.1477838723914 90.77394926920887
85.92874109263657 96.15674927663858 90.79436597254758
85.92874109263657 96.15674927663858 90.79436597254758
85.92874109263657 96.15674927663858 90.79436597254758
85.91884080018255 96.15674927663858 90.7909694661056
85.93862747332042 96.16863843484805 90.8113109925973
85.93862747332042 96.16863843484805 90.8113109925973
85.93862747332042 96.16863843484805 90.8113109925973
85.76693643375508 96.15279615279616 90.70289356354169
85.67699466575871 96.1719274680994 90.65503312971327
85.67699466575871 96.1719274680994 90.65503312971327
85.67699466575871 96.1719274680994 90.65503312971327
85.63678440001517 96.1659730104679 90.63434770470226
85.63678440001517 96.1659730104679 90.63434770470226
85.63678440001517 96.1659730104679 90.63434770470226
85.63678440001517 96.1659730104679 90.63434770470226
85.6266965319565 96.1659730104679 90.6308912273702
85.64685811771396 96.24958025520483 90.68155334003964
85.64685811771396 96.24958025520483 90.68155334003964
85.64685811771396 96.24958025520483 90.68155334003964
85.63678440001517 96.24958025520483 90.67811808779865
85.6669632209582 96.33576917439645 90.73547540462084
85.6669632209582 96.33576917439645 90.73547540462084
85.6669632209582 96.33576917439645 90.73547540462084
85.63678440001517 96.31865704609042 90.70470300733132
85.67699466575871 96.3964911542588 90.75525631704232
85.67699466575871 96.3964911542588 90.75525631704232
85.67699466575871 96.3964911542588 90.75525631704232
85.64685811771396 96.46607346181419 90.7717032171769
85.30566778688215 96.27120070704095 90.49438738953906
85.30566778688215 96.27120070704095 90.49438738953906
85.30566778688215 96.27120070704095 90.49438738953906
85.2851092792861 96.27120070704095 90.4873822375366
85.30566778688215 96.35473569207497 90.53817545394881
85.30566778688215 96.35473569207497 90.53817545394881
85.2953957187931 96.42969784898757 90.56802802324655
85.2953957187931 96.42969784898757 90.56802802324655
85.3261689291101 96.44077389062402 90.59227570051713
85.3261689291101 96.44077389062402 90.59227570051713
85.30566778688215 96.42413393703275 90.56455386208201
85.2953957187931 96.42413393703275 90.56107714063776
85.33639806319121 96.42691805900425 90.57843517331186
85.33639806319121 96.42691805900425 90.57843517331186
85.30566778688215 96.4213454729388 90.56107714063776
85.30566778688215 96.4213454729388 90.56107714063776
85.30566778688215 96.4213454729388 90.56107714063776
85.30566778688215 96.4213454729388 90.56107714063776
85.2851092792861 96.4213454729388 90.55411600558102
85.59907396865157 96.81720066026156 90.90563470465824
85.49128682522563 96.58607472305295 90.74481975023173
85.67771541262135 96.82057128380518 90.95331808237516
85.66765972788858 96.82057128380518 90.94997301780825
85.66765972788858 96.82057128380518 90.94997301780825
85.69778451050938 96.83047458697254 90.97333665586844
85.69778451050938 96.83047458697254 90.97333665586844
85.66765972788858 96.81559638847187 90.94327546203696
85.66765972788858 96.81559638847187 90.94327546203696
85.70779798285616 96.89383206817077 90.99360894747353
85.70779798285616 96.89383206817077 90.99360894747353
85.74787621359224 96.8889641881446 91.01395628032614
85.74787621359224 96.8889641881446 91.01395628032614
85.74787621359224 96.8889641881446 91.01395628032614
85.74787621359224 96.8889641881446 91.01395628032614
85.65758991303028 96.8889641881446 90.97025460297755
85.67771541262135 96.89626030002113 90.98694861391482
85.67771541262135 96.89626030002113 90.98694861391482
85.67771541262135 96.89626030002113 90.98694861391482
85.48597829997539 96.51899400189414 90.71427147499152
85.80645161290322 96.90352226976667 91.0665960994997
85.8164097313082 96.90593538059733 91.07319263583295
85.8164097313082 96.90593538059733 91.07319263583295
85.78649336829704 96.81559638847187 91.00971787147589
85.82635388638344 96.74245782929043 90.99270029258744
85.82635388638344 96.74245782929043 90.99270029258744
85.82635388638344 96.74245782929043 90.99270029258744
85.80645161290322 96.73736070877297 90.97936855579891
85.80645161290322 96.73736070877297 90.97936855579891
85.80645161290322 96.73736070877297 90.97936855579891
85.80645161290322 96.73736070877297 90.97936855579891
85.77649318298504 96.73736070877297 90.96934382571435
85.79647950173747 96.6695474378702 90.9524094941261
85.79647950173747 96.6695474378702 90.9524094941261
85.79647950173747 96.6695474378702 90.9524094941261
85.78649336829704 96.6695474378702 90.94906412703489
85.8164097313082 96.75513122476447 91.00599268115147
85.8164097313082 96.75513122476447 91.00599268115147
85.8164097313082 96.75513122476447 91.00599268115147
85.78649336829704 96.6643443747757 90.94236596561758
85.98107758948248 96.6934650039037 91.05941395823127
85.98107758948248 96.6934650039037 91.05941395823127
85.98107758948248 96.6934650039037 91.05941395823127
85.9613408926601 96.68829384787708 91.04616586069145
85.97121618281717 96.68829384787708 91.0494815645142
85.97121618281717 96.68829384787708 91.0494815645142
85.97121618281717 96.68829384787708 91.0494815645142
85.9415485444292 96.76395939086294 91.07329003287627
85.9613408926601 96.84715124382312 91.1235437767725
85.9613408926601 96.84715124382312 91.1235437767725
85.9613408926601 96.84715124382312 91.1235437767725
85.95145168967159 96.84715124382312 91.1202555091661
85.91078349418649 96.77908298597954 91.06932433242125
85.91078349418649 96.77908298597954 91.06932433242125
85.91078349418649 96.77908298597954 91.06932433242125
86.20255098144047 97.08497396164105 91.36632868185926
86.30223119867387 97.08953331078796 91.41940979006964
86.30223119867387 97.08953331078796 91.41940979006964
86.30223119867387 97.08953331078796 91.41940979006964
86.27319941953716 97.0019506403189 91.35990998231796
86.13169272966229 96.8131030980193 91.19460288501058
86.05301718396163 96.58623092026095 91.0494815645142
86.37353401841311 96.8049090139653 91.32551649366555
86.64144130301167 97.17295724389882 91.64556962025317
86.6604012428555 97.25585833951861 91.69528566968467
86.6604012428555 97.25585833951861 91.69528566968467
86.6604012428555 97.25585833951861 91.69528566968467
86.65092800522063 97.25585833951861 91.69218989280246
86.66986104456157 97.26230271230905 91.70764573968484
86.66986104456157 97.26230271230905 91.70764573968484
86.66986104456157 97.26230271230905 91.70764573968484
86.65092800522063 97.17960671300222 91.65802221707472
86.68874045436277 97.18402234164093 91.67663166356832
86.68874045436277 97.18402234164093 91.67663166356832
86.68874045436277 97.18402234164093 91.67663166356832
86.6604012428555 97.17295724389882 91.65180056239228
86.66986104456157 97.17295724389882 91.6549125493673
86.66986104456157 97.17295724389882 91.6549125493673
86.66986104456157 97.17295724389882 91.6549125493673
86.64144130301167 97.17295724389882 91.64556962025317
86.65092800522063 97.17295724389882 91.64868625355408
86.35424636572303 96.8049090139653 91.31906771147278
86.35424636572303 96.8049090139653 91.31906771147278
86.34458204926976 96.8049090139653 91.31583972342543
86.37353401841311 96.8953525134366 91.37867112896923
86.37353401841311 96.8953525134366 91.37867112896923
86.37353401841311 96.8953525134366 91.37867112896923
86.35424636572303 96.88807199898592 91.36265986708696
86.39276722362096 96.8929294633817 91.3818662606675
86.39276722362096 96.8929294633817 91.3818662606675
86.39276722362096 96.8929294633817 91.3818662606675
86.36389701244337 96.88075725811575 91.35623869801086
86.37353401841311 96.88075725811575 91.35945047551142
86.37353401841311 96.88075725811575 91.35945047551142
86.37353401841311 96.88075725811575 91.35945047551142
86.34458204926976 96.88075725811575 91.34980797458428
86.35424636572303 96.88075725811575 91.35302453192367
86.35424636572303 96.88075725811575 91.35302453192367
86.35424636572303 96.88075725811575 91.35302453192367
86.34458204926976 96.88075725811575 91.34980797458428
86.37353401841311 97.12257573836989 91.48041890698981
86.37353401841311 97.12257573836989 91.48041890698981
86.37353401841311 97.12257573836989 91.48041890698981
86.35424636572303 97.11581221015183 91.46457895741837
86.39276722362096 97.12032475632704 91.48357984457257
86.39276722362096 97.12032475632704 91.48357984457257
86.39276722362096 97.12032475632704 91.48357984457257
86.36389701244337 97.10901681100357 91.45822647316176
86.78796253646553 97.6270752422005 91.92348887496716
86.96488326474096 97.84840448284712 92.12082548554996
86.37353401841311 97.10901681100357 91.46140389680896
86.34458204926976 97.10901681100357 91.45186452619394
86.35424636572303 97.10901681100357 91.45504668383774
86.35424636572303 97.10901681100357 91.45504668383774
86.35424636572303 97.10901681100357 91.45504668383774
86.34458204926976 97.10901681100357 91.45186452619394
86.37353401841311 97.12257573836989 91.48041890698981
86.06120584652862 96.73428162612575 91.13302953991285
86.05138362504047 96.57590498452208 91.05246314778887
86.0415475509815 96.57590498452208 91.04915113498805
86.01049070660231 96.54266498528794 91.01479071438551
86.15457833618885 96.58123252244486 91.11208799992008
86.14481930924123 96.49798892328427 91.06521304260852
86.13504651517462 96.49525816649104 91.05859507937461
86.2153048977959 96.49525816649104 91.09892638804118
86.97080923189269 97.21644231177544 91.84142835527311
86.94295728536764 97.21425384075987 91.82923010092235
86.93364682302608 97.21425384075987 91.82617483577565
86.94295728536764 97.21425384075987 91.82923010092235
86.94295728536764 97.21425384075987 91.82923010092235
86.17633011748973 96.49252314765992 91.0824194550813
86.17633011748973 96.49252314765992 91.0824194550813
86.2055818209547 96.50886952870789 91.11208799992008
86.2055818209547 96.50886952870789 91.11208799992008
86.18609445992898 96.4256428586447 91.06190528601303
86.18609445992898 96.4256428586447 91.06190528601303
86.2153048977959 96.43119554949092 91.0784196228827
86.2153048977959 96.43119554949092 91.0784196228827
86.19584501802781 96.42007286204645 91.05859507937461
86.19584501802781 96.42007286204645 91.05859507937461
86.15949892436271 96.11848182047191 90.89883489911445
86.52518879648217 96.56852406462227 91.3035630120639
86.48695285388347 96.56584418599743 91.28739928064782
86.48695285388347 96.56584418599743 91.28739928064782
86.67421813504329 96.56584418599743 91.38884420493847
87.79681453102818 97.75223281056365 92.54349795872658
88.0949126061908 98.12753362074513 92.87933924847692
88.10350884040436 98.13198099884453 92.89009553360007
88.12066412035233 98.13640730067243 92.90349527816547
88.12066412035233 98.13640730067243 92.90349527816547
88.10350884040436 98.13198099884453 92.89009553360007
88.12066412035233 98.13345876718479 92.89814144585928
88.12922321967558 98.13493419928217 92.90349527816547
88.12922321967558 98.13493419928217 92.90349527816547
88.11209266951383 98.12901843120446 92.88740951000112
88.12922321967558 98.12901843120446 92.89277952924611
88.12922321967558 98.12901843120446 92.89277952924611
88.12922321967558 98.12901843120446 92.89277952924611
88.0949126061908 98.04972138876983 92.8442241863792
88.10350884040436 98.04972138876983 92.84692856121428
87.92163278024461 97.8274815036565 92.64630939519336
88.2878654541899 98.23499098170575 93.03222901122744
88.2793847117304 98.23499098170575 93.02958943380773
88.3047901736023 98.2433645339146 93.05327387937103
88.3047901736023 98.2433645339146 93.05327387937103
88.3047901736023 98.2433645339146 93.05327387937103
88.2878654541899 98.16138698630137 93.00495631291196
88.31323420364517 98.16429456767962 93.01815585475316
88.31323420364517 98.16429456767962 93.01815585475316
89.24317715728033 98.65552715792187 93.75160630390756
89.5368884132929 98.65123995432315 93.90664354432471
89.93124552897225 98.83650649743126 94.20279358510088
90.0260587615126 98.9497114948242 94.30622306927411
90.25226842157743 99.2198842828353 94.55302621193869
90.22341340480429 99.21925829538061 94.54254112603661
90.23064316264939 99.21925829538061 94.54464137127641
90.23064316264939 99.21925829538061 94.54464137127641
90.23064316264939 99.21925829538061 94.54464137127641
90.22341340480429 99.21925829538061 94.54254112603661
90.24507064740162 99.30230046441301 94.59767849548251
90.24507064740162 99.30230046441301 94.59767849548251
90.24507064740162 99.30230046441301 94.59767849548251
90.23064316264939 99.30062359258618 94.58729135920514
90.24507064740162 99.38123363838947 94.63193846089962
90.24507064740162 99.38123363838947 94.63193846089962
90.24507064740162 99.38123363838947 94.63193846089962
90.23064316264939 99.29950119279982 94.58312531203195
90.25226842157743 99.29950119279982 94.58937198067633
90.25226842157743 99.29950119279982 94.58937198067633
90.25226842157743 99.29950119279982 94.58937198067633
90.22341340480429 99.29893864085257 94.57895284688249
90.23064316264939 99.29893864085257 94.58103988263082
90.23064316264939 99.29893864085257 94.58103988263082
89.29369647342709 98.07494426341965 93.51075539827379
89.28585566683822 98.07494426341965 93.50828444993311
89.30934370864851 98.08406229997867 93.53045547316493
89.30934370864851 98.08406229997867 93.53045547316493
88.68231648722323 97.37973691457138 92.86659877800408
88.2637001700913 96.89626030002113 92.4156419135044
88.28065517443336 96.90110539195005 92.42702302614903
87.93901442962157 96.57311048039526 92.09088062068757
87.93901442962157 96.57311048039526 92.09088062068757
87.92163278024461 96.56241432397663 92.07310281982484
87.94768650770517 96.56241432397663 92.08200169909786
87.94768650770517 96.56241432397663 92.08200169909786
87.94768650770517 96.56241432397663 92.08200169909786
87.91292315487908 96.55972984381596 92.06715911278638
87.92163278024461 96.55972984381596 92.07013208005834
87.92163278024461 96.55972984381596 92.07013208005834
87.92163278024461 96.55972984381596 92.07013208005834
87.91292315487908 96.55972984381596 92.06715911278638
87.93032986280042 96.56777073550778 92.08200169909786
87.93032986280042 96.56777073550778 92.08200169909786
87.93032986280042 96.56777073550778 92.08200169909786
87.91292315487908 96.63519422089854 92.10168873030997
87.93901442962157 96.72358973279147 92.15977677352825
87.93901442962157 96.72358973279147 92.15977677352825
87.93901442962157 96.72358973279147 92.15977677352825
87.92163278024461 96.63782186576614 92.10760878372903
87.94768650770517 96.63782186576614 92.11647224273818
88.03836128078434 96.42007286204645 92.06617252990605
88.19620376505438 96.56852406462227 92.22003889474111
88.28802379973773 96.56584418599743 92.27378897126029
88.45566048826365 96.75372739769483 92.44937603612583
88.45566048826365 96.75372739769483 92.44937603612583
89.08402067958482 97.49600426212041 93.13135866725408
89.07604510179499 97.49600426212041 93.12875386917574
89.09198461993493 97.50191342801259 93.14175814058167
89.09198461993493 97.50191342801259 93.14175814058167
89.09198461993493 97.50191342801259 93.14175814058167
89.07604510179499 97.49600426212041 93.12875386917574
89.09993694829761 97.50583740182552 93.14953710326786
89.09993694829761 97.50583740182552 93.14953710326786
89.09993694829761 97.50583740182552 93.14953710326786
89.08402067958482 97.57485348961109 93.16926733809412
89.107877690051 97.57485348961109 93.17702683341179
89.107877690051 97.57485348961109 93.17702683341179
89.107877690051 97.57485348961109 93.17702683341179
89.07604510179499 97.57293977137007 93.16408452870428
89.08402067958482 97.57293977137007 93.16667691613883
89.08402067958482 97.57293977137007 93.16667691613883
89.2283975017788 97.57293977137007 93.24504534077387
89.22051464625487 97.57293977137007 93.2424805278767
89.23626883652953 97.57867188663589 93.25528515240904
89.23626883652953 97.57867188663589 93.25528515240904
89.23626883652953 97.57867188663589 93.25528515240904
89.22051464625487 97.57293977137007 93.2424805278767
89.24412867574502 97.50583740182552 93.22765391695643
89.24412867574502 97.50583740182552 93.22765391695643
89.24412867574502 97.50583740182552 93.22765391695643
89.2283975017788 97.49797708785827 93.21224297341068
89.25197704458951 97.49797708785827 93.21995720238766
89.25197704458951 97.49797708785827 93.21995720238766
89.23626883652953 97.49600426212041 93.21224297341068
89.22051464625487 97.49600426212041 93.20709039432113
89.2283975017788 97.49600426212041 93.20966766132422
89.2283975017788 97.49600426212041 93.20966766132422
89.22051464625487 97.57293977137007 93.2424805278767
89.22051464625487 97.57293977137007 93.2424805278767
89.23626883652953 97.50191342801259 93.21995720238766
89.10604058611237 97.54131484356722 93.16749212066637
88.74832769339734 97.3135090294174 92.86699849756236
88.74832769339734 97.3135090294174 92.86699849756236
88.77284595300262 97.32403915420144 92.88851299713666
88.77284595300262 97.32403915420144 92.88851299713666
88.75651233657722 97.31562167906482 92.87238931726498
88.75651233657722 97.31562167906482 92.87238931726498
88.78099497802887 97.31562167906482 92.88046028604656
88.78099497802887 97.31562167906482 92.88046028604656
88.74832769339734 97.39015667574932 92.90213079219663
88.74832769339734 97.39015667574932 92.90213079219663
88.25679823275271 96.8663984755452 92.39299472469837
88.0742893930822 96.64948453608247 92.1943303412952
88.06567490531411 96.64948453608247 92.19139998782443
88.06567490531411 96.64948453608247 92.19139998782443
88.08289145352464 96.73275680236237 92.24059327700444
88.08289145352464 96.73275680236237 92.24059327700444
88.06567490531411 96.64948453608247 92.19139998782443
88.06567490531411 96.64948453608247 92.19139998782443
88.08289145352464 96.58466783106417 92.17442342916704
88.05027769657995 96.41424220144943 92.07844723008492
88.17757100690032 96.49862898122758 92.18298213397993
88.19464777185688 96.50135941155395 92.19177526905693
88.21167527531429 96.50135941155395 92.19762637718729
88.39085174117693 96.50135941155395 92.29482604817127
89.67278944020356 97.21631959201021 93.32196705147693
90.185581014403 97.80238573688486 93.86804630461498
90.185581014403 97.80238573688486 93.86804630461498
90.185581014403 97.80238573688486 93.86804630461498
90.185581014403 97.80238573688486 93.86804630461498
90.20006781959987 97.8075881336774 93.879738615984
90.20006781959987 97.8075881336774 93.879738615984
90.20006781959987 97.8075881336774 93.879738615984
90.17832153852305 97.80238573688486 93.86570247933884
90.19282976684765 97.80931679665858 93.879738615984
90.19282976684765 97.80931679665858 93.879738615984
90.19282976684765 97.80931679665858 93.879738615984
90.17832153852305 97.72508811278436 93.82983776862149
90.20729519633247 97.80412261027448 93.87740372222508
90.20729519633247 97.80412261027448 93.87740372222508
90.20729519633247 97.80412261027448 93.87740372222508
90.17832153852305 97.80238573688486 93.86570247933884
90.185581014403 97.72508811278436 93.8321943968454
90.185581014403 97.72508811278436 93.8321943968454
89.43166735999684 96.85204394859961 93.0217564829407
89.24427224385711 96.63519422089854 92.82038190544266
89.2599830244172 96.71847649577155 92.86894104692183
89.2599830244172 96.71847649577155 92.86894104692183
89.2599830244172 96.71847649577155 92.86894104692183
89.23639960435213 96.63519422089854 92.81766827045857
89.25213337547409 96.72103510768324 92.86894104692183
89.25213337547409 96.72103510768324 92.86894104692183
89.25213337547409 96.72103510768324 92.86894104692183
89.23639960435213 96.71077664566863 92.85276324395029
89.26782121582706 96.63782186576614 92.83121597096189
89.26782121582706 96.63782186576614 92.83121597096189
89.26782121582706 96.63782186576614 92.83121597096189
89.23639960435213 96.71077664566863 92.85276324395029
89.24427224385711 96.71077664566863 92.85546463996404
89.24427224385711 96.71077664566863 92.85546463996404
89.3909393315381 96.71077664566863 92.93426030058276
89.3909393315381 96.71077664566863 92.93426030058276
89.40646130728776 96.79400590966652 92.98270687437473
89.40646130728776 96.79400590966652 92.98270687437473
89.40646130728776 96.79400590966652 92.98270687437473
89.3831612737036 96.7864773953331 92.96676761889171
89.39870600106843 96.79650758166902 92.98270687437473
89.39870600106843 96.79650758166902 92.98270687437473
89.39870600106843 96.79650758166902 92.98270687437473
89.3831612737036 96.7864773953331 92.96676761889171
89.41420527511607 96.78899082568807 92.98005535074192
89.41420527511607 96.78899082568807 92.98005535074192
89.41420527511607 96.78899082568807 92.98005535074192
89.3831612737036 96.7864773953331 92.96676761889171
89.3909393315381 96.7864773953331 92.96942918801714
89.3909393315381 96.7864773953331 92.96942918801714
89.3909393315381 96.7864773953331 92.96942918801714
89.3909393315381 96.7864773953331 92.96942918801714
89.40646130728776 96.79400590966652 92.98270687437473
89.40646130728776 96.79400590966652 92.98270687437473
89.60488249514525 97.19196371805197 93.27407528775652
89.61985111662531 96.90743486549461 93.14853717272122
89.635077008464 96.99287842606876 93.1993454024752
89.635077008464 96.99287842606876 93.1993454024752
89.635077008464 96.99287842606876 93.1993454024752
89.61222138344789 96.90743486549461 93.14593840980851
89.6426732163372 96.90985671047898 93.15891254745071
89.6426732163372 96.90985671047898 93.15891254745071
89.81345505060527 97.90450531357581 93.7112096915302
89.78344811114208 97.98042533142012 93.73497704647444
89.79096640744645 97.98042533142012 93.73736748752218
89.96273638483152 98.58851416873182 94.11003437279993
89.96273638483152 98.58851416873182 94.11003437279993
89.96273638483152 98.58851416873182 94.11003437279993
89.97751556997035 98.67036726263474 94.15729407872973
89.97751556997035 98.67036726263474 94.15729407872973
89.97751556997035 98.67036726263474 94.15729407872973
89.96273638483152 98.66718426501035 94.146098952885
89.97751556997035 98.6714248860607 94.15952796751161
89.97751556997035 98.6714248860607 94.15952796751161
90.31536479658072 99.44318058715199 94.69674925174593
90.29384683133831 99.52142701762018 94.71895588357935
90.32251626551711 99.44183824168186 94.69266770670826
90.32251626551711 99.44183824168186 94.69266770670826
90.32251626551711 99.44183824168186 94.69266770670826
90.29384683133831 99.44138935379398 94.68243630490282
90.3010301030103 99.44138935379398 94.68448573988042
90.3010301030103 99.44138935379398 94.68448573988042
90.3010301030103 99.44138935379398 94.68448573988042
90.3010301030103 99.44138935379398 94.68448573988042
90.31536479658072 99.44273385662865 94.69470926424569
90.31536479658072 99.44273385662865 94.69470926424569
90.31536479658072 99.44273385662865 94.69470926424569
90.3010301030103 99.36148032316913 94.64800758025386
90.31536479658072 99.36352615171458 94.66035050539678
90.31536479658072 99.36352615171458 94.66035050539678
90.31536479658072 99.36352615171458 94.66035050539678
90.29384683133831 99.36148032316913 94.64594487614842
90.32251626551711 99.36199301230442 94.6562425275765
90.28827930174563 99.20268659950167 94.56481096800997
90.38565237362944 99.62358572671889 94.81000926784058
90.1657038917428 99.39386039236133 94.59076807761977
90.17297167738585 99.39386039236133 94.59285082470473
90.17297167738585 99.39386039236133 94.59285082470473
90.17297167738585 99.39386039236133 94.59285082470473
90.17297167738585 99.39386039236133 94.59285082470473
90.36048277515786 99.89959620211721 95.01872541962675
90.36048277515786 99.89959620211721 95.01872541962675
90.34620772463478 99.81824950182845 95.0458504553677
90.34620772463478 99.81824950182845 95.0458504553677
90.36048277515786 99.81883662555931 95.05732377763174
90.36048277515786 99.81883662555931 95.05732377763174
90.33905433280596 99.89935235427971 95.0071624998693
90.33905433280596 99.89935235427971 95.0071624998693
90.3676044807412 99.98033990126261 94.98012706162176
90.3676044807412 99.98033990126261 94.98012706162176
90.33905433280596 99.98032399816358 94.97042038589376
90.33905433280596 99.98032399816358 94.97042038589376
90.34620772463478 99.98032399816358 94.97236472296811
90.34620772463478 99.98032399816358 94.97236472296811
90.37333600240216 99.98906984369876 94.98328108672936
90.56732466698764 99.75459047285156 95.19615441007059
90.58130683866833 99.75518590570286 95.20544365586228
90.58130683866833 99.75518590570286 95.20544365586228
90.56732466698764 99.83579638752053 95.15928101085602
90.56732466698764 99.83579638752053 95.15928101085602
90.58130683866833 99.917139119058 95.13374120398404
90.58130683866833 99.917139119058 95.13374120398404
90.56031800204774 99.91687084354218 95.12054688399652
90.56732466698764 99.91693807514919 95.1243239850623
90.58828239156108 99.91693807514919 95.12997868516739
90.58828239156108 99.91693807514919 95.12997868516739
90.56732466698764 99.91687084354218 95.12243616575972
90.57432093815775 99.91687084354218 95.1243239850623
90.57432093815775 99.91687084354218 95.1243239850623
90.57432093815775 99.91687084354218 95.1243239850623
90.56732466698764 99.91687084354218 95.12243616575972
90.58130683866833 99.91707221264431 95.13186067157554
90.58130683866833 99.91707221264431 95.13186067157554
90.75583028940713 99.07128237857347 95.61118983887052
90.74208072037305 99.1513281163893 95.56546148427726
91.0812117305833 99.15408784303385 95.75456331900673
91.0812117305833 99.15408784303385 95.75456331900673
91.0812117305833 99.15408784303385 95.75456331900673
91.06122696166501 99.23351394211709 95.70566363665091
91.0878534769045 99.23413807522172 95.71401539043775
91.0878534769045 99.23413807522172 95.71401539043775
91.0878534769045 99.23413807522172 95.71401539043775
91.06789849517892 99.23351394211709 95.70733659029649
91.07456007740218 99.23351394211709 95.70900824097755
91.07456007740218 99.23351394211709 95.70900824097755
91.07456007740218 99.23351394211709 95.70900824097755
91.06789849517892 99.23351394211709 95.70733659029649
91.0812117305833 99.3172338090011 95.67848064034959
91.0812117305833 99.3172338090011 95.67848064034959
91.0812117305833 99.3172338090011 95.67848064034959
91.06789849517892 99.31556592354586 95.67006620146717
91.0812117305833 99.31778796586747 95.68015960518717
91.0812117305833 99.31778796586747 95.68015960518717
91.0812117305833 99.31778796586747 95.68015960518717
91.32765561467036 99.59431603877023 95.68685221234283
91.72167996435948 99.07274849679537 96.13440945297252
91.72167996435948 99.07274849679537 96.13440945297252
91.72167996435948 99.07274849679537 96.13440945297252
91.69679489783483 99.07123475038055 96.12533443312924
91.69679489783483 99.07123475038055 96.12533443312924
91.69679489783483 99.07123475038055 96.12533443312924
91.69679489783483 99.07123475038055 96.12533443312924
91.69055023680306 99.07123475038055 96.1238177855828
91.70925610448609 99.07350352112675 96.13289990290032
91.70925610448609 99.07350352112675 96.13289990290032
91.70925610448609 99.07350352112675 96.13289990290032
91.70303018002475 99.07350352112675 96.13138917338007
91.71547269226872 99.07651136263928 96.14043588636196
91.71547269226872 99.07651136263928 96.14043588636196
91.71547269226872 99.07651136263928 96.14043588636196
91.69679489783483 98.98960930088906 96.16446178737984
91.72167996435948 98.99043336419345 96.17195085912104
91.72167996435948 98.99043336419345 96.17195085912104
91.72167996435948 98.99043336419345 96.17195085912104
91.69679489783483 98.94639188920549 96.1822933750939
91.51463553069001 99.16466465363338 95.98323178779975
91.51463553069001 99.16466465363338 95.98323178779975
91.51463553069001 99.16466465363338 95.98323178779975
91.50826655847449 99.16466465363338 95.98166184268904
91.52734485689997 99.16670331120004 95.99106314813254
91.52734485689997 99.16670331120004 95.99106314813254
91.52734485689997 99.16670331120004 95.99106314813254
91.52099495634913 99.16670331120004 95.98949931998608
91.53368525372652 99.08757923365428 96.03623889894357
91.53368525372652 99.08757923365428 96.03623889894357
91.53368525372652 99.08757923365428 96.03623889894357
91.51463553069001 99.08311476493795 96.02230129985323
91.54001616814875 99.08386187455956 96.0300564876486
91.54001616814875 99.08386187455956 96.0300564876486
91.54001616814875 99.08386187455956 96.0300564876486
91.51463553069001 99.0823664357877 96.02074662497623
91.51463553069001 99.0823664357877 96.02074662497623
91.51463553069001 99.0823664357877 96.02074662497623
91.51463553069001 99.0823664357877 96.02074662497623
91.50826655847449 99.0823664357877 96.01919073434149
91.52734485689997 99.00237843551797 96.06598181703124
91.52734485689997 99.00237843551797 96.06598181703124
91.52734485689997 99.00237843551797 96.06598181703124
91.52099495634913 99.00237843551797 96.06444601538348
91.53368525372652 98.92352643950878 96.11107600935111
91.71175552718503 98.0635870167276 96.59935225757287
91.53368525372652 98.70990467384365 96.20833596862943
91.51463553069001 98.70356850512157 96.19497953095745
91.54001616814875 98.70462885185022 96.20241136848328
91.54001616814875 98.70462885185022 96.20241136848328
91.54001616814875 98.70462885185022 96.20241136848328
91.58963755777182 98.70250642104331 96.2326447680325
91.58963755777182 98.70250642104331 96.2326447680325
91.4117504248604 99.55651181171511 95.74629380053908
91.4117504248604 99.55651181171511 95.74629380053908
91.33040432467455 99.55651181171511 95.70566363665091
91.34337410290104 99.5575899603583 95.71401539043775
91.34337410290104 99.5575899603583 95.71401539043775
91.16644135509776 99.81282782336169 95.3291870838045
91.15984169291657 99.85411949137782 95.34635209319867
90.98347472960477 99.78312260079377 95.21966385327227
90.98347472960477 99.78312260079377 95.21966385327227
90.98347472960477 99.78312260079377 95.21966385327227
90.9633092220588 99.86259541984734 95.23989065887454
90.99017658048575 99.86270621308867 95.24909581251437
90.99017658048575 99.86270621308867 95.24909581251437
90.99017658048575 99.86270621308867 95.24909581251437
90.97004107272288 99.86248444764585 95.23989065887454
90.97004107272288 99.86248444764585 95.23989065887454
90.97004107272288 99.86248444764585 95.23989065887454
90.97004107272288 99.86248444764585 95.23989065887454
90.95656732669275 99.86248444764585 95.23619860177975
90.97004107272288 99.86281682780246 95.24541802661311
90.97004107272288 99.86281682780246 95.24541802661311
90.97004107272288 99.86281682780246 95.24541802661311
90.9633092220588 99.86281682780246 95.24357699754069
90.98347472960477 99.86325750998436 95.25643434153672
90.98347472960477 99.86325750998436 95.25643434153672
90.97004107272288 99.70168103823708 95.16800569085278
90.9633092220588 99.70168103823708 95.16613468682958
90.99017658048575 99.70192119405583 95.17547524545644
90.81503759398495 99.08106121213432 94.7952644500853
90.80138953033071 99.08032545659135 94.78924728942955
90.7945502773089 99.07958852192745 94.78522811369726
90.7945502773089 99.07958852192745 94.78522811369726
90.7945502773089 99.07958852192745 94.78522811369726
90.78084121553633 99.07958852192745 94.78120273300996
90.78084121553633 99.07958852192745 94.78120273300996
90.7945502773089 99.00265526844116 94.75475350463643
90.7945502773089 99.20825491595821 94.84951714223209
90.78770084662256 99.20825491595821 94.84753110865624
90.78770084662256 99.20825491595821 94.84753110865624
90.80821862835587 99.21078167115903 94.8614012659412
90.80821862835587 99.21078167115903 94.8614012659412
90.78770084662256 99.20698546140012 94.84355444305382
90.78770084662256 99.20698546140012 94.84355444305382
90.81503759398495 99.20762069712059 94.85348461978869
90.81503759398495 99.20762069712059 94.85348461978869
90.8689012137288 99.2860088109551 94.91877341068205
90.8689012137288 99.2860088109551 94.91877341068205
91.04453571716195 99.2860088109551 95.013942995603
91.04453571716195 99.2860088109551 95.013942995603
90.95656732669275 99.2860088109551 94.97141304234215
90.97004107272288 99.28772461571769 94.98111790356569
90.97004107272288 99.28772461571769 94.98111790356569
90.97004107272288 99.28772461571769 94.98111790356569
90.9633092220588 99.28772461571769 94.97917992924306
90.97004107272288 99.21015149553283 94.95031560527467
90.98347472960477 99.21078167115903 94.95614719560535
90.98347472960477 99.21078167115903 94.95614719560535
90.9633092220588 99.28658166363084 94.9752994871902
90.99017658048575 99.28715359781596 94.98498936746861
90.99017658048575 99.28715359781596 94.98498936746861
90.99017658048575 99.28715359781596 94.98498936746861
90.97676290111659 99.20634920634922 94.94056626418008
90.97676290111659 99.20634920634922 94.94056626418008
90.97676290111659 99.20634920634922 94.94056626418008
90.97676290111659 99.20634920634922 94.94056626418008
90.75161952279403 98.80996090797176 94.64101575926756
90.90781055088326 99.0197560185685 94.82383327952341
90.90781055088326 99.0197560185685 94.82383327952341
90.90781055088326 99.0197560185685 94.82383327952341
90.90103694754858 99.0197560185685 94.82183788289227
90.92132754741242 99.02287841938747 94.83577343904238
90.92132754741242 99.02287841938747 94.83577343904238
90.92132754741242 99.02287841938747 94.83577343904238
90.90103694754858 98.93902070098103 94.78127638285233
90.92132754741242 98.93986829320954 94.78931429582374
90.92132754741242 98.93986829320954 94.78931429582374
90.92132754741242 98.93986829320954 94.78931429582374
90.90781055088326 98.93817175234099 94.78127638285233
90.91457407668027 98.93817175234099 94.78328818503854
90.91457407668027 98.93817175234099 94.78328818503854
90.91457407668027 98.93817175234099 94.78328818503854
90.89425324413638 98.93817175234099 94.77724811983018
90.90781055088326 98.94071453227477 94.7873071397339
90.90781055088326 98.94071453227477 94.7873071397339
90.90781055088326 98.94071453227477 94.7873071397339
90.90103694754858 98.94071453227477 94.78529843673516
90.92132754741242 98.94408602150537 94.7993269350617
90.92132754741242 98.94408602150537 94.7993269350617
90.92132754741242 98.94408602150537 94.7993269350617
90.90781055088326 98.94155942141455 94.78931429582374
90.92807098548572 98.86361190624798 94.760895758029
90.92807098548572 98.86361190624798 94.760895758029
90.92807098548572 98.86361190624798 94.760895758029
90.90781055088326 98.85906910410995 94.74473848718483
90.91457407668027 98.85906910410995 94.74676359394691
90.91457407668027 98.85906910410995 94.74676359394691
90.91457407668027 98.85906910410995 94.74676359394691
90.89425324413638 98.85906910410995 94.7406835860113
90.90781055088326 98.86179913341525 94.75080912884661
90.90781055088326 98.86179913341525 94.75080912884661
90.90781055088326 98.86179913341525 94.75080912884661
90.90103694754858 98.94071453227477 94.78529843673516
90.91457407668027 99.02209968552104 94.8317995112567
90.91457407668027 99.02209968552104 94.8317995112567
90.91457407668027 99.02209968552104 94.8317995112567
90.90103694754858 99.0197560185685 94.82183788289227
90.96276659838534 99.22023500950407 94.94432303049226
91.00297355943101 99.22666493854364 94.96903138499974
91.00297355943101 99.22666493854364 94.96903138499974
90.98286381667707 99.22356207165784 94.95348181561883
90.98957704535394 99.22356207165784 94.95543076634031
90.98957704535394 99.22356207165784 94.95543076634031
90.98957704535394 99.22356207165784 94.95543076634031
90.9694073043338 99.22356207165784 94.94957939286273
90.9761405771401 99.22356207165784 94.95153135837546
90.9761405771401 99.22356207165784 94.95153135837546
90.9761405771401 99.22356207165784 94.95153135837546
90.9694073043338 99.22356207165784 94.94957939286273
90.98957704535394 99.22728253831211 94.9670929312284
90.98957704535394 99.22728253831211 94.9670929312284
90.98957704535394 99.22728253831211 94.9670929312284
90.9761405771401 99.22542677253942 94.95737821228467
91.00297355943101 99.22666493854364 94.96903138499974
91.00297355943101 99.22666493854364 94.96903138499974
91.00297355943101 99.22666493854364 94.96903138499974
90.98286381667707 99.22356207165784 94.95348181561883
90.95480419172517 98.99383317104837 94.83071342200725
91.3129518193934 99.22356207165784 95.13018927114922
91.3129518193934 99.22356207165784 95.13018927114922
91.29343668413917 99.22356207165784 95.12453019818047
91.29995146416438 99.22356207165784 95.12641801666038
91.29995146416438 99.22356207165784 95.12641801666038
91.29995146416438 99.22356207165784 95.12641801666038
91.29343668413917 99.22356207165784 95.12453019818047
91.3129518193934 99.22728253831211 95.14146809664899
91.3129518193934 99.22728253831211 95.14146809664899
91.3129518193934 99.22728253831211 95.14146809664899
91.29995146416438 99.22542677253942 95.13207271054804
91.3259133801113 99.22666493854364 95.14334282347298
91.3259133801113 99.22666493854364 95.14334282347298
91.3259133801113 99.22666493854364 95.14334282347298
91.30645650197029 99.14400260049842 95.09149848373941
91.3129518193934 99.14400260049842 95.09339688711887
91.3129518193934 99.14400260049842 95.09339688711887
91.3129518193934 99.14400260049842 95.09339688711887
91.29343668413917 99.14400260049842 95.08769726652434
91.29995146416438 99.02383065301616 95.03392612573055
91.48125633232016 99.23432314599917 95.22906561344327
91.48125633232016 99.23432314599917 95.22906561344327
91.47486464015574 99.23432314599917 95.22721556133143
91.49401100679832 99.2379924446843 95.24381455681
91.49401100679832 99.2379924446843 95.24381455681
91.48763844736469 99.1567749886489 95.19960685083335
91.48125633232016 99.1567749886489 95.19774897752116
91.43197704957777 99.15812196438209 95.1702618369285
91.43197704957777 99.15812196438209 95.1702618369285
91.43197704957777 99.15812196438209 95.1702618369285
91.41914859177727 99.15542369577929 95.15904645348898
91.50037403206566 99.15542369577929 95.19960685083335
91.50037403206566 99.15542369577929 95.19960685083335
91.48125633232016 99.23432314599917 95.22906561344327
91.47486464015574 99.23432314599917 95.22721556133143
91.48125633232016 99.23432314599917 95.22906561344327
91.48125633232016 99.23432314599917 95.22906561344327
91.47486464015574 99.23432314599917 95.22721556133143
91.47486464015574 99.23432314599917 95.22721556133143
91.67207265650342 99.31731766332527 95.376296854083
91.67207265650342 98.90705679862306 95.18516199064796
91.65956064482073 98.90444046669111 95.17584681509679
91.65956064482073 98.90444046669111 95.17584681509679
91.67831459536109 98.98504503727966 95.22193565901995
91.67831459536109 98.98504503727966 95.22193565901995
91.66582134669615 98.90268927529971 95.17397945305798
91.66582134669615 98.90268927529971 95.17397945305798
91.67831459536109 98.90268927529971 95.17771273259461
91.67831459536109 98.90268927529971 95.17771273259461
91.65329052969501 98.90181157853777 95.16836868290129
91.65329052969501 98.90181157853777 95.16836868290129
91.65956064482073 98.90181157853777 95.17024038864227
91.65956064482073 98.90181157853777 95.17024038864227
91.65329052969501 98.90181157853777 95.16836868290129
91.65956064482073 98.90444046669111 95.17584681509679
91.67207265650342 98.90705679862306 95.18516199064796
91.67207265650342 98.90705679862306 95.18516199064796
91.65956064482073 98.90444046669111 95.17584681509679
91.66582134669615 98.90531396802137 95.17957720722697
91.6170695169845 98.64917103341637 95.03240866176195
91.81595017345965 98.87638030867254 95.24480929105569
91.80364508198386 98.87278930661427 95.23375834851244
91.80980224956349 98.87278930661427 95.23560373784832
91.81595017345965 98.87278930661427 95.23744769874477
91.81595017345965 98.87278930661427 95.23744769874477
91.79130293225893 98.7928912306463 95.19130033943762
91.79747864985767 98.7928912306463 95.19316361046822
91.79747864985767 98.7928912306463 95.19316361046822
91.79747864985767 98.7928912306463 95.19316361046822
91.79130293225893 98.7928912306463 95.19130033943762
91.80980224956349 98.87727448703059 95.24480929105569
91.63120567375887 97.66730401529637 94.58099979257415
91.63120567375887 97.66730401529637 94.58099979257415
91.61863787645102 97.66179007219064 94.5705824284304
91.6374754490048 97.66546892607319 94.58099979257415
91.6374754490048 97.66546892607319 94.58099979257415
91.6374754490048 97.66546892607319 94.58099979257415
91.62492648997221 97.65809960541752 94.56849414748747
91.6374754490048 97.65809960541752 94.57266910420475
91.83458127878899 97.87939032471836 94.78138663335416
92.01569616135329 97.84174199200804 94.85939925610278
91.99159800962559 97.84003421727972 94.8494717942294
91.99763617467855 97.84003421727972 94.85146035290558
91.99763617467855 97.84003421727972 94.85146035290558
91.99763617467855 97.84003421727972 94.85146035290558
91.99159800962559 97.84003421727972 94.8494717942294
92.00968523002422 97.85024051764506 94.86731371386367
92.00968523002422 97.85024051764506 94.86731371386367
92.00968523002422 97.85024051764506 94.86731371386367
91.99763617467855 97.76797134817089 94.8208499598879
92.00968523002422 97.77148695244988 94.82882376806167
92.00968523002422 97.77148695244988 94.82882376806167
92.00968523002422 97.77148695244988 94.82882376806167
91.99763617467855 97.76444463424008 94.81685382714504
92.01569616135329 97.76444463424008 94.82284571642818
92.01569616135329 97.76444463424008 94.82284571642818
92.01569616135329 97.76444463424008 94.82284571642818
91.99159800962559 97.76267709468556 94.81285152296182
91.99763617467855 97.76267709468556 94.81485344737666
91.87968088570499 97.9846223040843 94.85739927160404
92.2401111474338 98.9231966787753 95.49016724094461
91.00794899729654 97.57293977137007 94.20241773280527
91.02804114580188 97.58437699002334 94.22236457375473
91.02804114580188 97.58437699002334 94.22236457375473
91.02804114580188 97.58437699002334 94.22236457375473
91.01465637159043 97.50191342801259 94.1752294622254
91.02804114580188 97.50583740182552 94.1841362992964
91.02804114580188 97.50583740182552 94.1841362992964
91.02804114580188 97.50583740182552 94.1841362992964
91.01465637159043 97.49797708785827 94.17076580541604
91.03471859033672 97.42122172812188 94.14142876345475
91.03471859033672 97.42122172812188 94.14142876345475
91.21085090088275 98.62998944488723 94.80013744130112
91.1845562967455 98.62889664985126 94.79010181939576
91.19114468660997 98.62889664985126 94.7921120415463
91.19114468660997 98.62889664985126 94.7921120415463
91.19114468660997 98.62889664985126 94.7921120415463
91.1845562967455 98.62889664985126 94.79010181939576
91.19772323591151 98.71071889797676 94.83667347193867
91.36923419142181 98.82771253097727 94.98309964947421
91.93065983031191 99.24475221813461 95.47814050063444
91.91849210392256 99.2429336861971 95.46935087313763
91.93672996381083 99.166684657067 95.44640706963887
91.93672996381083 99.166684657067 95.44640706963887
91.93672996381083 99.166684657067 95.44640706963887
91.92458055057827 99.16401360102223 95.43579786954925
91.94279097170022 99.16401360102223 95.44110864187178
91.94279097170022 99.16401360102223 95.44110864187178
91.94279097170022 99.16401360102223 95.44110864187178
91.91849210392256 99.16334315935495 95.43225047526022
91.92458055057827 99.16334315935495 95.43402486141441
91.92458055057827 99.16334315935495 95.43402486141441
91.92458055057827 99.16334315935495 95.43402486141441
91.91849210392256 99.16334315935495 95.43225047526022
91.93065983031191 99.16535126602807 95.44110864187178
91.93065983031191 99.16535126602807 95.44110864187178
91.93065983031191 99.16535126602807 95.44110864187178
91.91849210392256 99.16334315935495 95.43225047526022
91.93672996381083 99.166684657067 95.44640706963887
91.93672996381083 99.166684657067 95.44640706963887
91.93672996381083 99.166684657067 95.44640706963887
91.92458055057827 99.00534088697646 95.36173827326209
91.94279097170022 99.00534088697646 95.36713103592753
91.94279097170022 99.00534088697646 95.36713103592753
91.94279097170022 99.00534088697646 95.36713103592753
91.91849210392256 99.00454447089373 95.3581361179619
91.92458055057827 99.00454447089373 95.35993789471475
91.92458055057827 99.00454447089373 95.35993789471475
91.92458055057827 99.00454447089373 95.35993789471475
91.91849210392256 99.00454447089373 95.3581361179619
91.93065983031191 98.92790888304069 95.3301852220256
91.93065983031191 98.92790888304069 95.3301852220256
91.75144684739568 97.91408685255561 94.75869820884027
91.7390331699579 97.9091317653605 94.7485870403971
91.75763970618075 97.91737721691678 94.76474624196936
91.75763970618075 97.91737721691678 94.76474624196936
91.75763970618075 97.91737721691678 94.76474624196936
91.74524467566249 97.91078607475836 94.75263618555412
91.76382327297796 97.91078607475836 94.75869820884027
91.76382327297796 97.91078607475836 94.75869820884027
91.75763970618075 97.9091317653605 94.75465841744003
91.7390331699579 97.9091317653605 94.7485870403971
91.74524467566249 97.9091317653605 94.75061239380831
91.74524467566249 97.9091317653605 94.75061239380831
91.7390331699579 97.9091317653605 94.7485870403971
91.91849210392256 98.72041084953499 95.22521956025068
91.93065983031191 98.80216300062477 95.27133080802797
91.93065983031191 98.80216300062477 95.27133080802797
91.91849210392256 98.7992916684663 95.2621591302251
91.91849210392256 98.7992916684663 95.2621591302251
91.93672996381083 98.80406960486977 95.2768167898241
91.93672996381083 98.80406960486977 95.2768167898241
91.92458055057827 98.72143165157395 95.22891970007959
91.92458055057827 98.72143165157395 95.22891970007959
91.94279097170022 98.72143165157395 95.23445916969133
91.94279097170022 98.72143165157395 95.23445916969133
91.91849210392256 98.72041084953499 95.22521956025068
91.91849210392256 98.72041084953499 95.22521956025068
91.92458055057827 98.72041084953499 95.22707034728406
91.92458055057827 98.72041084953499 95.22707034728406
91.91849210392256 98.72041084953499 95.22521956025068
91.91849210392256 98.72041084953499 95.22521956025068
91.93065983031191 98.7234683773195 95.23445916969133
91.93065983031191 98.7234683773195 95.23445916969133
91.91849210392256 98.72041084953499 95.22521956025068
91.91849210392256 98.72041084953499 95.22521956025068
91.93065983031191 98.72448430879095 95.23630280217482
91.93065983031191 98.72448430879095 95.23630280217482
91.91849210392256 98.64165588615784 95.18830862710178
91.93065983031191 98.64273865178707 95.19389741121319
91.94279097170022 98.64273865178707 95.19761606022584
91.94279097170022 98.64273865178707 95.19761606022584
91.91849210392256 98.56302647736821 95.1514262974909
91.92458055057827 98.56302647736821 95.15330423222268
91.92458055057827 98.56302647736821 95.15330423222268
91.92458055057827 98.56302647736821 95.15330423222268
91.92458055057827 98.56302647736821 95.15330423222268
91.93672996381083 98.56645460797799 95.1626721273795
91.93672996381083 98.56645460797799 95.1626721273795
91.93672996381083 98.56645460797799 95.1626721273795
91.91849210392256 98.56302647736821 95.1514262974909
91.93065983031191 98.56759368624503 95.1626721273795
91.93065983031191 98.56759368624503 95.1626721273795
91.93065983031191 98.56759368624503 95.1626721273795
92.09865452540885 99.59292073927335 95.72885498756796
92.12245811875344 99.59324835776744 95.73716364706996
92.12245811875344 99.59324835776744 95.73716364706996
92.12245811875344 99.59324835776744 95.73716364706996
92.09865452540885 99.59292073927335 95.72885498756796
92.10461889995103 99.59292073927335 95.73051930955315
92.10461889995103 99.59292073927335 95.73051930955315
92.10461889995103 99.59292073927335 95.73051930955315
92.10461889995103 99.59292073927335 95.73051930955315
92.11652067630882 99.59390201528839 95.73882150139796
92.11652067630882 99.59390201528839 95.73882150139796
92.11652067630882 99.59390201528839 95.73882150139796
92.09865452540885 99.59292073927335 95.72885498756796
92.11057427680265 99.59422805685148 95.73882150139796
92.11057427680265 99.59422805685148 95.73882150139796
91.90635043326147 99.41733272683952 95.54700038812953
91.89414928292047 99.49545474316037 95.5737877353529
91.91851490779105 99.49586040548469 95.58238412681749
91.91851490779105 99.49586040548469 95.58238412681749
91.91851490779105 99.49586040548469 95.58238412681749
91.89414928292047 99.49545474316037 95.5737877353529
91.9002544529262 99.49545474316037 95.57550968908703
91.9002544529262 99.49545474316037 95.57550968908703
91.9002544529262 99.49545474316037 95.57550968908703
91.9002544529262 99.49545474316037 95.57550968908703
91.91243724465944 99.4966697763218 95.58409939973976
91.73344152550969 98.87885125374615 95.20046824700029
91.73344152550969 98.87885125374615 95.20046824700029
91.71478529603124 98.87616165982278 95.18930584365243
91.727232124731 98.87974492653711 95.20046824700029
91.727232124731 98.87974492653711 95.20046824700029
91.727232124731 98.87974492653711 95.20046824700029
91.71478529603124 98.87616165982278 95.18930584365243
91.73964161193547 98.87705962381497 95.19861144512176
91.73964161193547 98.87705962381497 95.19861144512176
91.90171591024469 98.83437304379736 95.26534968400787
92.2436710155004 99.06242556784964 95.55871062733344
92.24953513557695 99.06242556784964 95.56043817413426
92.24953513557695 99.06242556784964 95.56043817413426
92.24953513557695 99.06242556784964 95.56043817413426
92.24953513557695 99.06242556784964 95.56043817413426
92.26123681472262 99.06467360781095 95.56905578813728
92.26123681472262 99.06467360781095 95.56905578813728
92.26123681472262 99.06467360781095 95.56905578813728
92.24953513557695 98.98312418866291 95.52328208577224
92.26123681472262 99.06542056074767 95.57077529786878
92.26123681472262 99.06542056074767 95.57077529786878
92.26123681472262 99.06542056074767 95.57077529786878
92.2436710155004 98.98312418866291 95.52154075818423
92.2670744138634 98.9839375662062 95.53023387579087
92.2670744138634 98.9839375662062 95.53023387579087
92.0868432832784 98.16899294612037 95.05152056124527
92.06294134454468 98.08966360069466 95.0051757128368
92.06893035586826 98.08966360069466 95.00710732054016
92.06893035586826 98.08966360069466 95.00710732054016
92.06893035586826 98.08966360069466 95.00710732054016
92.46681959691955 98.29197550757331 95.31294236072519
92.47821996809685 98.2960390946502 95.32201687004206
92.47821996809685 98.2960390946502 95.32201687004206
92.47821996809685 98.2960390946502 95.32201687004206
92.46681959691955 98.21390236572066 95.27597844999266
92.47821996809685 98.21955916969827 95.28694524616222
92.47821996809685 98.21955916969827 95.28694524616222
92.47821996809685 98.21955916969827 95.28694524616222
92.46110644228995 98.21390236572066 95.27414568675356
92.4839072238684 98.21531993393252 95.28329530945852
92.4839072238684 98.21531993393252 95.28329530945852
92.4839072238684 98.21531993393252 95.28329530945852
92.46110644228995 98.21390236572066 95.27414568675356
92.46681959691955 98.21390236572066 95.27597844999266
92.46681959691955 98.21390236572066 95.27597844999266
92.46681959691955 98.21390236572066 95.27597844999266
92.46681959691955 98.21390236572066 95.27597844999266
92.47821996809685 98.2960390946502 95.32201687004206
92.47821996809685 98.2960390946502 95.32201687004206
92.067757960746 97.66802964477384 94.80806062120077
92.65849803994007 98.49512368404056 95.51023410246711
92.66963132979487 98.49990342725926 95.5206826425142
92.66963132979487 98.49990342725926 95.5206826425142
92.66963132979487 98.49990342725926 95.5206826425142
92.65291870352873 98.49512368404056 95.5084879381931
92.67518532170209 98.4963214731317 95.51720520352497
92.67518532170209 98.4963214731317 95.51720520352497
92.67518532170209 98.4963214731317 95.51720520352497
92.65291870352873 98.41672761691692 95.47135712184256
92.65849803994007 98.33845624744751 95.4360288096088
92.65849803994007 98.33845624744751 95.4360288096088
92.65849803994007 98.33845624744751 95.4360288096088
92.65849803994007 98.33845624744751 95.4360288096088
92.66963132979487 98.42049917376656 95.48189613602533
92.66963132979487 98.42049917376656 95.48189613602533
92.65849803994007 98.41672761691692 95.47311703725488
92.65849803994007 98.41672761691692 95.47311703725488
92.66963132979487 98.49990342725926 95.5206826425142
92.66963132979487 98.49990342725926 95.5206826425142
92.65849803994007 98.53659586373125 95.53104317680429
92.45163141498607 98.31098504383704 95.31512252433703
92.47445852063751 98.23428448830724 95.28728414442699
92.47445852063751 98.23428448830724 95.28728414442699
92.45163141498607 98.31098504383704 95.31512252433703
92.45163141498607 98.31098504383704 95.31512252433703
92.45735116426714 98.31098504383704 95.31694017721387
92.45735116426714 98.31098504383704 95.31694017721387
92.45735116426714 98.31098504383704 95.31694017721387
92.45735116426714 98.31098504383704 95.31694017721387
92.46876469746232 98.31500418033315 95.32600732600733
92.46876469746232 98.31500418033315 95.32600732600733
92.45735116426714 98.38921267124024 95.35393588452501
92.45735116426714 98.38921267124024 95.35393588452501
92.46876469746232 98.3943233219714 95.36473050758765
92.46876469746232 98.3943233219714 95.36473050758765
92.45163141498607 98.31098504383704 95.31512252433703
92.45163141498607 98.31098504383704 95.31512252433703
92.47445852063751 98.31232688467567 95.32419670620753
92.47445852063751 98.31232688467567 95.32419670620753
92.63378200919239 98.46756489173949 95.48414882665602
92.639370143317 98.46756489173949 95.48590329185699
92.639370143317 98.46756489173949 95.48590329185699
92.639370143317 98.46756489173949 95.48590329185699
92.63378200919239 98.46756489173949 95.48414882665602
92.639370143317 98.47121722886652 95.49115851739978
92.64494980536774 98.47121722886652 95.4929075411761
92.64494980536774 98.47121722886652 95.4929075411761
92.63378200919239 98.38921267124024 95.44705202919094
92.64494980536774 98.3943233219714 95.4576406130509
92.64494980536774 98.3943233219714 95.4576406130509
92.64494980536774 98.3943233219714 95.4576406130509
92.62818538368344 98.38921267124024 95.44528246391731
92.65052101459659 98.39049338146812 95.45411656165145
92.65052101459659 98.39049338146812 95.45411656165145
92.65052101459659 98.39049338146812 95.45411656165145
92.63378200919239 98.46756489173949 95.48414882665602
92.639370143317 98.46756489173949 95.48590329185699
92.639370143317 98.46756489173949 95.48590329185699
92.639370143317 98.46756489173949 95.48590329185699
92.63378200919239 98.46756489173949 95.48414882665602
92.82752391509628 98.43106112637363 95.5700585482551
93.04718204078273 98.6746132495643 95.80125373385502
93.04718204078273 98.6746132495643 95.80125373385502
93.03657908294693 98.59276339891817 95.75573065902579
93.04718204078273 98.5972374385083 95.76563321071991
93.04718204078273 98.5972374385083 95.76563321071991
93.04718204078273 98.5972374385083 95.76563321071991
93.03657908294693 98.59388458225668 95.75738429947876
93.0577527582027 98.51657565464161 95.72840829104815
93.0577527582027 98.51657565464161 95.72840829104815
93.0577527582027 98.51657565464161 95.72840829104815
93.03657908294693 98.51421188630492 95.71842257673879
93.03657908294693 98.51421188630492 95.71842257673879
93.03657908294693 98.51421188630492 95.71842257673879
93.03657908294693 98.51421188630492 95.71842257673879
93.03126546774459 98.51421188630492 95.71675375021069
93.04718204078273 98.51775472062899 95.72674724119811
93.04718204078273 98.51775472062899 95.72674724119811
93.04718204078273 98.51775472062899 95.72674724119811
92.9022309036702 98.55798160405742 95.67076822848256
93.05247142034708 98.71693093312163 95.82751488298352
93.05247142034708 98.71693093312163 95.82751488298352
93.05247142034708 98.71693093312163 95.82751488298352
93.03657908294693 98.63211408383957 95.7755379316882
93.0577527582027 98.633203469726 95.78375310095446
93.0577527582027 98.633203469726 95.78375310095446
93.0577527582027 98.633203469726 95.78375310095446
93.03657908294693 98.63102296000862 95.77389105468338
93.03657908294693 98.63102296000862 95.77389105468338
93.03657908294693 98.63102296000862 95.77389105468338
93.03657908294693 98.63102296000862 95.77389105468338
93.03126546774459 98.63102296000862 95.77224289313082
93.04718204078273 98.63429112181693 95.78211262421789
93.04718204078273 98.63429112181693 95.78211262421789
92.86374371085327 98.22866689513366 95.4929075411761
92.85831723457602 98.22866689513366 95.49115851739978
92.8691619469753 98.31192974208851 95.53862097120307
92.8691619469753 98.31192974208851 95.53862097120307
92.8691619469753 98.31192974208851 95.53862097120307
92.85288249933157 98.07016792323509 95.41176594025748
92.87457196169699 97.99409777169497 95.3836974385278
92.87457196169699 97.99409777169497 95.3836974385278
92.87457196169699 97.99409777169497 95.3836974385278
92.85288249933157 97.99091843728581 95.3729448425647
92.85288249933157 97.99091843728581 95.3729448425647
92.85288249933157 97.99091843728581 95.3729448425647
92.85288249933157 97.99091843728581 95.3729448425647
92.84743948625062 97.99091843728581 95.37114787135779
92.86374371085327 97.99568366845446 95.38190881102477
93.54765303378225 98.74685097861895 96.09841531092401
92.86374371085327 97.99568366845446 95.38190881102477
92.85831723457602 97.99568366845446 95.38011879694523
92.8691619469753 97.92482547250128 95.35396380960341
92.8691619469753 97.92482547250128 95.35396380960341
92.8691619469753 97.92482547250128 95.35396380960341
92.85288249933157 97.91497369659125 95.33774362307749
93.23781881059718 98.31577592310498 95.72740261377484
93.23781881059718 98.31577592310498 95.72740261377484
93.23781881059718 98.31577592310498 95.72740261377484
92.90605144654864 98.16964573096153 95.48490066781468
92.6868794617215 97.92799349287212 95.25485513166991
92.6868794617215 97.92799349287212 95.25485513166991
92.6868794617215 97.92799349287212 95.25485513166991
92.60536634435755 97.92799349287212 95.21424304980665
92.61658296607564 97.93290482393388 95.22350283431297
92.61658296607564 97.93290482393388 95.22350283431297
92.27800016338534 97.55998978897209 94.86829491935148
92.2721605657408 97.55998978897209 94.86631573461197
92.28965292222358 97.72099740877619 94.95318352059925
93.1559013626446 98.45709394393324 95.75814168205471
92.79299598130075 98.05839727195226 95.37787902854993
92.77655617434907 98.04916698787956 95.36173827326209
92.79845930053884 98.1283995031907 95.40766645376779
92.79845930053884 98.1283995031907 95.40766645376779
92.79845930053884 98.1283995031907 95.40766645376779
92.78204443714321 98.12542896362389 95.39875369799206
92.78204443714321 98.12542896362389 95.39875369799206
92.78204443714321 98.12542896362389 95.39875369799206
92.78204443714321 98.12542896362389 95.39875369799206
93.05429490882085 98.59488815137279 95.76719576719577
92.64126958090708 98.05225348499103 95.29326802310976
92.64126958090708 98.05225348499103 95.29326802310976
92.64126958090708 98.05225348499103 95.29326802310976
92.63568277418693 98.05225348499103 95.29144460615451
92.65241780289072 98.05839727195226 95.30417893615689
92.65241780289072 98.05839727195226 95.30417893615689
92.64684791739228 98.0537930739815 95.29691062352276
92.63568277418693 98.04916698787956 95.28779353053976
92.65797925659227 98.05071145822188 95.29691062352276
92.65797925659227 98.05071145822188 95.29691062352276
92.64684791739228 98.04916698787956 95.29144460615451
92.64126958090708 98.04762006815113 95.28779353053976
92.64126958090708 98.04762006815113 95.28779353053976
92.64126958090708 98.04762006815113 95.28779353053976
92.63008747792517 98.04762006815113 95.2841367883472
92.63008747792517 98.04762006815113 95.2841367883472
92.64126958090708 98.12988124531935 95.3301852220256
92.64126958090708 98.12988124531935 95.3301852220256
92.63568277418693 98.12988124531935 95.32837540588666
92.63568277418693 98.12988124531935 95.32837540588666
92.47067957991092 98.13578482605635 95.24549960866162
92.47067957991092 98.13578482605635 95.24549960866162
92.45356433413201 98.12691541115707 95.22891970007959
92.45356433413201 98.12691541115707 95.22891970007959
92.47636742277302 98.1283995031907 95.23814500872729
92.47636742277302 98.1283995031907 95.23814500872729
92.53499222395023 98.12542896362389 95.26766640137394
92.53499222395023 98.12542896362389 95.26766640137394
92.53499222395023 98.12542896362389 95.26766640137394
92.53499222395023 98.12542896362389 95.26766640137394
92.44784194778046 98.12542896362389 95.22521956025068
92.45927805516902 98.20763201850187 95.27133080802797
92.45927805516902 98.20763201850187 95.27133080802797
92.45927805516902 98.20763201850187 95.27133080802797
92.45356433413201 98.20763201850187 95.26949931434433
92.45927805516902 98.21188233032109 95.2768167898241
92.47067957991092 98.2132946249413 95.28229005720968
92.47067957991092 98.2132946249413 95.28229005720968
92.45356433413201 98.12691541115707 95.22891970007959
92.88441014695017 98.76287771024613 95.75492525388448
92.50280812825487 98.1283995031907 95.25208283244305
92.50280812825487 98.1283995031907 95.25208283244305
92.49146059601972 98.04762006815113 95.20784494306764
92.49146059601972 98.04762006815113 95.20784494306764
92.49146059601972 98.04762006815113 95.20784494306764
92.49146059601972 98.04762006815113 95.20784494306764
92.47437474374743 98.04762006815113 95.20227156044048
92.48577393867443 98.05225348499103 95.211553343233
92.48577393867443 98.05225348499103 95.211553343233
92.48577393867443 98.05225348499103 95.211553343233
92.48007866112215 98.05225348499103 95.20969986086266
92.26519337016575 97.8789941709569 95.01545957087978
92.76066326426039 98.60480068581225 95.62069796435793
92.76066326426039 98.60480068581225 95.62069796435793
92.74415547064382 98.5981308411215 95.60536607931368
92.00073182631321 97.90825374441809 94.88410854732017
91.92411593849654 98.14100916645249 94.95334897054991
92.12995948944487 98.37276201107724 95.17162112742281
92.11808599563702 98.37017287348414 95.16414286760781
92.56908904810645 98.71189073726455 95.56288538504364
92.56908904810645 98.71189073726455 95.56288538504364
92.56908904810645 98.71189073726455 95.56288538504364
92.55216561685714 98.71189073726455 95.55770565593252
92.5634564562719 98.79364942590638 95.6034609488208
92.5634564562719 98.79364942590638 95.6034609488208
92.5634564562719 98.79364942590638 95.6034609488208
92.55781531900935 98.79364942590638 95.60175215605534
92.57471311391576 98.7974833043441 95.61368588669124
92.57471311391576 98.7974833043441 95.61368588669124
92.57471311391576 98.7974833043441 95.61368588669124
92.5634564562719 98.79461018554393 95.60516841431286
92.58032867304391 98.79556941606624 95.61198503442711
92.58032867304391 98.79556941606624 95.61198503442711
92.58032867304391 98.79556941606624 95.61198503442711
92.5634564562719 98.71189073726455 95.56116015132409
92.56908904810645 98.71189073726455 95.56288538504364
92.56908904810645 98.71189073726455 95.56288538504364
92.56908904810645 98.71189073726455 95.56288538504364
92.55216561685714 98.71189073726455 95.55770565593252
92.49713396659024 99.13105505479541 95.72709781203015
92.29496476355837 98.90230752641794 95.51219512195121
92.29496476355837 98.90230752641794 95.51219512195121
92.28913692301403 98.90230752641794 95.51045252287801
92.30078380143696 98.98372233227111 95.55618424913031
92.30078380143696 98.98372233227111 95.55618424913031
92.30078380143696 98.98372233227111 95.55618424913031
92.05203490743006 98.71284358251361 95.29543574547397
91.38487611976434 98.08254863023936 94.64194943826053
91.38487611976434 98.08254863023936 94.64194943826053
91.38487611976434 98.08254863023936 94.64194943826053
91.36553899662306 98.07494426341965 94.62544614520141
91.37199434229137 98.07494426341965 94.62751461440845
91.37199434229137 98.07494426341965 94.62751461440845
91.37199434229137 98.07494426341965 94.62751461440845
91.35259928309605 98.07494426341965 94.62130442479719
90.96147646679562 97.39222990952634 94.09152545881769
90.96147646679562 97.39222990952634 94.09152545881769
90.96147646679562 97.39222990952634 94.09152545881769
90.95473334005445 97.39222990952634 94.08926167546858
90.87437953417334 97.4437237695536 94.07462424823858
91.04270269181984 97.634116297838 94.25352694951165
91.04270269181984 97.634116297838 94.25352694951165
91.02933763484222 97.62852581160192 94.24251838044941
91.05602798383691 97.63225573338434 94.25572361352178
91.05602798383691 97.63225573338434 94.25572361352178
91.05602798383691 97.63225573338434 94.25572361352178
91.0360251450677 97.70004484592224 94.27425123627656
91.04270269181984 97.70004484592224 94.27644669209087
91.04270269181984 97.70004484592224 94.27644669209087
91.04270269181984 97.70004484592224 94.27644669209087
91.02264013882724 97.70004484592224 94.26985526793588
91.02933763484222 97.70004484592224 94.27205409553837
91.02933763484222 97.70004484592224 94.27205409553837
91.02933763484222 97.70004484592224 94.27205409553837
91.02264013882724 97.70004484592224 94.26985526793588
91.04270269181984 97.78779885986557 94.32566895253463
91.04270269181984 97.78779885986557 94.32566895253463
91.04270269181984 97.78779885986557 94.32566895253463
91.02933763484222 97.85976442471834 94.35096776868929
91.36091332674425 97.9758553024486 94.57915634297798
91.72167996435948 98.19997007076127 94.87619463596751
91.72167996435948 98.19997007076127 94.87619463596751
91.70303018002475 98.1928228021978 94.86037365824144
91.70925610448609 98.1928228021978 94.8623566214807
91.70925610448609 98.1928228021978 94.8623566214807
91.70925610448609 98.1928228021978 94.8623566214807
91.69055023680306 98.1928228021978 94.85640313605947
91.69679489783483 98.1928228021978 94.85838916369252
91.69679489783483 98.1928228021978 94.85838916369252
91.69679489783483 98.1928228021978 94.85838916369252
92.23046882986772 98.731063058397 95.39618045712726
92.44796990636628 99.04129952388134 95.66143227281788
92.44796990636628 99.04129952388134 95.66143227281788
92.44796990636628 99.04129952388134 95.66143227281788
92.43652743652744 98.95992922339943 95.61581374825336
92.3838491059035 98.96158734946248 95.58723337351292
92.3838491059035 98.96158734946248 95.58723337351292
92.3838491059035 98.96158734946248 95.58723337351292
92.37232694116204 99.03746322893234 95.61410884325142
92.26895553426165 98.86851935825182 95.47713926174497
92.29529927602734 98.89841674406549 95.5051818906558
92.28365433712547 98.8975356679637 95.49994223963202
92.27197414445558 98.8975356679637 95.496442347105
92.2778186575096 98.8975356679637 95.49819297360901
92.2778186575096 98.8975356679637 95.49819297360901
92.27197414445558 98.8975356679637 95.496442347105
92.27197414445558 98.8975356679637 95.496442347105
92.28948120331441 98.90280108429069 95.5121491411814
92.28948120331441 98.90280108429069 95.5121491411814
92.2778186575096 98.90017467813935 95.5034366965738
92.2778186575096 98.90017467813935 95.5034366965738
92.29529927602734 98.82320037864119 95.47515102023723
92.29529927602734 98.82320037864119 95.47515102023723
92.28365433712547 98.81944144688566 95.46460989558739
92.28365433712547 98.81944144688566 95.46460989558739
92.29529927602734 98.81944144688566 95.46812905661169
92.29529927602734 98.81944144688566 95.46812905661169
92.27197414445558 98.73958648077006 95.42222828997805
92.27197414445558 98.73958648077006 95.42222828997805
92.12341345957637 98.73958648077006 95.34193413048038
92.12341345957637 98.73958648077006 95.34193413048038
92.11746206783884 98.81849795883103 95.37715449373334
92.12341345957637 98.82132390967074 95.38432515144528
92.93435817337334 99.7288326789162 96.24294232494327
93.13725490196079 99.95868756930703 96.45875421765757
93.126779157556 99.87804081277088 96.41400497907728
93.13202102442544 99.8781390085738 96.41681398130603
93.14248080841342 99.87823704637864 96.42101924296892
93.14248080841342 99.87823704637864 96.42101924296892
93.13202102442544 99.79729729729729 96.37480798771121
93.13725490196079 99.79729729729729 96.37622839715351
93.14248080841342 99.79729729729729 96.37764769395251
93.14248080841342 99.79729729729729 96.37764769395251
92.23046882986772 99.09890395529177 95.56876150407572
92.23634209128427 99.09890395529177 95.57048532256708
92.23634209128427 99.09890395529177 95.57048532256708
92.23634209128427 99.09890395529177 95.57048532256708
92.23046882986772 99.09890395529177 95.56876150407572
92.24806201550388 99.18232616340532 95.62131046125131
92.27253249535781 99.18232616340532 95.63434635793536
92.27253249535781 99.18232616340532 95.63434635793536
92.26084646353176 99.10106532402705 95.5886986661065
92.27836228692603 99.10250048542642 95.59725352481786
92.27836228692603 99.10250048542642 95.59725352481786
92.27836228692603 99.10250048542642 95.59725352481786
92.26669389422095 99.09962556543948 95.58698370336126
92.27836228692603 99.09962556543948 95.59041229645028
92.27836228692603 99.09962556543948 95.59041229645028
92.27836228692603 99.09962556543948 95.59041229645028
92.25499018324608 99.09890395529177 95.58183080515875
92.26084646353176 99.09890395529177 95.58354977444557
92.26084646353176 99.09890395529177 95.58354977444557
92.26084646353176 99.09890395529177 95.58354977444557
92.25499018324608 99.09890395529177 95.58183080515875
92.27253249535781 99.10321634905578 95.59725352481786
92.27253249535781 99.10321634905578 95.59725352481786
92.27253249535781 99.10321634905578 95.59725352481786
92.26084646353176 99.10106532402705 95.5886986661065
92.27253249535781 99.10250048542642 95.5955452085824
91.8638902996445 98.4651990311033 95.07906045308523
92.42718446601941 99.10250048542642 95.67782022754943
91.4275299216266 97.90241190557646 94.58017410839652
91.44675692059002 97.90241190557646 94.58642398553887
91.44675692059002 97.90241190557646 94.58642398553887
91.44675692059002 97.90241190557646 94.58642398553887
91.4211016983503 97.90075110740194 94.57599950037991
91.4275299216266 97.82329798152583 94.54169136842543
91.4275299216266 97.82329798152583 94.54169136842543
91.4275299216266 97.82329798152583 94.54169136842543
91.4211016983503 97.82329798152583 94.53959005306419
91.44035751117222 97.83358161310917 94.55844384766131
91.44035751117222 97.83358161310917 94.55844384766131
91.44035751117222 97.83358161310917 94.55844384766131
91.4275299216266 97.75130019609514 94.51165688768887
91.44035751117222 97.75484145562886 94.5200792177763
91.44035751117222 97.75484145562886 94.5200792177763
91.44035751117222 97.75484145562886 94.5200792177763
91.4275299216266 97.74774774774775 94.50743600669293
91.44675692059002 97.74774774774775 94.51376489639995
91.8513557395681 98.37780929053328 95.02473542488572
90.92315419387242 97.56445770296186 94.1492166899333
90.89608479255244 97.6395765750384 94.1741032098919
90.90286726804125 97.6395765750384 94.17633651056777
90.90286726804125 97.6395765750384 94.17633651056777
90.90286726804125 97.6395765750384 94.17633651056777
90.89608479255244 97.6395765750384 94.1741032098919
90.90963964507756 97.72213935648838 94.22131614078297
90.90963964507756 97.72213935648838 94.22131614078297
90.90963964507756 97.72213935648838 94.22131614078297
90.89608479255244 97.71673893077597 94.21023163220869
90.91640194619808 97.80271254284924 94.26399875911277
90.91640194619808 97.80271254284924 94.26399875911277
90.91640194619808 97.80271254284924 94.26399875911277
90.90286726804125 97.79576667592217 94.25080065918348
90.92315419387242 97.79576667592217 94.2574072923784
90.92315419387242 97.79576667592217 94.2574072923784
90.92315419387242 97.79576667592217 94.2574072923784
90.89608479255244 97.79402334231115 94.24638778537273
90.9743073047859 97.50223775627637 94.14999948211752
90.9743073047859 97.50223775627637 94.14999948211752
91.3664696834777 97.94686248902781 94.56726417744301
91.36 97.94686248902781 94.56517214104325
91.37292968513013 97.95173002990175 94.5756162419886
91.37292968513013 97.95173002990175 94.5756162419886
91.37292968513013 97.95173002990175 94.5756162419886
91.36 97.8693364138108 94.52877102818323
91.37938002667421 97.95496225529918 94.58186345714878
91.37938002667421 97.95496225529918 94.58186345714878
91.37938002667421 97.95496225529918 94.58186345714878
91.3664696834777 97.94848757112908 94.56935460388112
91.38582072976192 97.94848757112908 94.5756162419886
91.38582072976192 97.94848757112908 94.5756162419886
91.38582072976192 97.94848757112908 94.5756162419886
91.36 98.02451148440177 94.60160129936386
91.3664696834777 98.02451148440177 94.60368011323426
91.3664696834777 98.02451148440177 94.60368011323426
91.3664696834777 98.02451148440177 94.60368011323426
91.36 98.02451148440177 94.60160129936386
91.37292968513013 98.02919864053182 94.61197938315738
91.54324614543023 98.18240205523443 94.77448031061655
91.54324614543023 98.18240205523443 94.77448031061655
91.53054805916847 98.17807249082598 94.76439790575917
91.54958092075961 98.18527701778386 94.78051113560274
91.54958092075961 98.18527701778386 94.78051113560274
91.54958092075961 98.18527701778386 94.78051113560274
91.53690186536903 98.25747333633768 94.8049917117568
91.55590621270053 98.17951796895102 94.77448031061655
91.55590621270053 98.17951796895102 94.77448031061655
91.54958092075961 98.17807249082598 94.77045201212589
91.53054805916847 98.17807249082598 94.76439790575917
91.53690186536903 98.17807249082598 94.76641749809735
91.53690186536903 98.17807249082598 94.76641749809735
91.53054805916847 98.17807249082598 94.76439790575917
91.53054805916847 98.17807249082598 94.76439790575917
91.54324614543023 98.18240205523443 94.77448031061655
91.54324614543023 98.18240205523443 94.77448031061655
91.53054805916847 98.17807249082598 94.76439790575917
91.53054805916847 98.17807249082598 94.76439790575917
91.54958092075961 98.18527701778386 94.78051113560274
91.54958092075961 98.18527701778386 94.78051113560274
91.53690186536903 97.44402826253513 94.42206254932093
91.53690186536903 97.44402826253513 94.42206254932093
91.55590621270053 97.44402826253513 94.42848401248717
91.55590621270053 97.44402826253513 94.42848401248717
91.53054805916847 97.44201401461098 94.41777334414031
91.53054805916847 97.44201401461098 94.41777334414031
91.53690186536903 97.44201401461098 94.41991877096945
91.53690186536903 97.44201401461098 94.41991877096945
91.53054805916847 97.44201401461098 94.41777334414031
91.53054805916847 97.44201401461098 94.41777334414031
91.54324614543023 97.52472089314195 94.4647340789774
91.54324614543023 97.52472089314195 94.4647340789774
91.53054805916847 97.59583591100113 94.49043261231282
91.53054805916847 97.59583591100113 94.49043261231282
91.54324614543023 97.60340244550771 94.50312298976988
91.54324614543023 97.60340244550771 94.50312298976988
91.53054805916847 97.59583591100113 94.49043261231282
91.54324614543023 97.59773202029245 94.49678511701343
91.55590621270053 97.52081957785776 94.4647340789774
91.55590621270053 97.52081957785776 94.4647340789774
91.53054805916847 97.44201401461098 94.41777334414031
91.53690186536903 97.44201401461098 94.41991877096945
91.53690186536903 97.44201401461098 94.41991877096945
91.53690186536903 97.44201401461098 94.41991877096945
91.53690186536903 97.44201401461098 94.41991877096945
91.54958092075961 97.52472089314195 94.46685819185015
91.54958092075961 97.52472089314195 94.46685819185015
91.54958092075961 97.52472089314195 94.46685819185015
91.53054805916847 97.51886430489833 94.45408900485462
91.54324614543023 97.45005201808956 94.4306212158912
91.54324614543023 97.45005201808956 94.4306212158912
91.54324614543023 97.45005201808956 94.4306212158912
91.53054805916847 97.44201401461098 94.41777334414031
91.55590621270053 97.44402826253513 94.42848401248717
91.55590621270053 97.44402826253513 94.42848401248717
91.55590621270053 97.44402826253513 94.42848401248717
91.53054805916847 97.44201401461098 94.41777334414031
91.53690186536903 97.44201401461098 94.41991877096945
91.53690186536903 97.44201401461098 94.41991877096945
91.71914997358904 97.60624679979519 94.59383520303037
91.71914997358904 97.60624679979519 94.59383520303037
91.73158065563129 97.68883397946577 94.64059350387565
91.73158065563129 97.68883397946577 94.64059350387565
91.73158065563129 97.68883397946577 94.64059350387565
91.71292060587577 97.68335646418276 94.62820245782129
91.72536998315029 97.69065406636443 94.64059350387565
91.72536998315029 97.69065406636443 94.64059350387565
91.72536998315029 97.69065406636443 94.64059350387565
91.71292060587577 97.60624679979519 94.5917528134337
91.73778201204063 97.68518518518519 94.63853230081597
91.73778201204063 97.68518518518519 94.63853230081597
91.73778201204063 97.68518518518519 94.63853230081597
91.71292060587577 97.68335646418276 94.62820245782129
91.71914997358904 97.68335646418276 94.63027160956516
91.71914997358904 97.68335646418276 94.63027160956516
91.71914997358904 97.68335646418276 94.63027160956516
91.71914997358904 97.68335646418276 94.63027160956516
91.73158065563129 97.61190217738331 94.60422314315686
91.73158065563129 97.61190217738331 94.60422314315686
91.93112281201081 97.89109692842963 94.84162519002895
91.37110332394822 97.52925877763329 94.37462348615468
91.38401796007524 97.53702955989544 94.38756476683938
91.38401796007524 97.53702955989544 94.38756476683938
91.38401796007524 97.53702955989544 94.38756476683938
91.37110332394822 97.45239211008393 94.3383688937341
91.39689399600137 97.45439839942107 94.34922279792745
91.57443192165273 98.05546632401756 94.72616421823629
91.57443192165273 98.05546632401756 94.72616421823629
91.54912426683985 98.05392430022718 94.71599378720121
91.55546542283513 98.05392430022718 94.71803101033677
91.55546542283513 98.05392430022718 94.71803101033677
91.55546542283513 98.05392430022718 94.71803101033677
91.55546542283513 98.05392430022718 94.71803101033677
91.7464697289401 98.87032445833782 95.20345342991232
91.7464697289401 98.87032445833782 95.20345342991232
91.7464697289401 98.87032445833782 95.20345342991232
91.7340594139879 98.86761464321218 95.19416052278821
91.7464697289401 98.95009162444755 95.24212682784066
91.925516344121 99.56830162483459 95.62593793617312
91.925516344121 99.52727903547576 95.60687455407731
92.10805733654593 99.59725699357789 95.73591545585771
92.13183502300394 99.59758113634386 95.74421099122972
92.13183502300394 99.59758113634386 95.74421099122972
92.13183502300394 99.59758113634386 95.74421099122972
92.10805733654593 99.59725699357789 95.73591545585771
92.11401522107282 99.59725699357789 95.73757714911633
92.11401522107282 99.59725699357789 95.73757714911633
92.11401522107282 99.59725699357789 95.73757714911633
92.11401522107282 99.59725699357789 95.73757714911633
92.1259040440053 99.59822785909742 95.74586622657178
92.1259040440053 99.59822785909742 95.74586622657178
92.1259040440053 99.59822785909742 95.74586622657178
92.11401522107282 99.59725699357789 95.73757714911633
92.1259040440053 99.67858228727793 95.78475996257791
92.1259040440053 99.67858228727793 95.78475996257791
92.1259040440053 99.67858228727793 95.78475996257791
92.10805733654593 99.67754586256483 95.77325238215701
92.13183502300394 99.6778055948623 95.78147848133224
92.13183502300394 99.6778055948623 95.78147848133224
92.13183502300394 99.6778055948623 95.78147848133224
92.28896436024388 99.67754586256483 95.87026251371655
92.47628996906943 99.69304976978732 96.26174162598355
92.47628996906943 99.69304976978732 96.26174162598355
92.47628996906943 99.69304976978732 96.26174162598355
92.47628996906943 99.69304976978732 96.26174162598355
92.4876771726014 99.61255581822958 96.30671304862705
92.4876771726014 99.61255581822958 96.30671304862705
92.4876771726014 99.61255581822958 96.30671304862705
92.47628996906943 99.53004216444133 96.33723703036405
92.4876771726014 99.5315646615883 96.34583461095193
92.4876771726014 99.5315646615883 96.34583461095193
92.4876771726014 99.5315646615883 96.34583461095193
92.47058341191423 99.53004216444133 96.33580016539791
92.49335785816473 99.53042371579663 96.3429732389448
92.49335785816473 99.53042371579663 96.3429732389448
92.49335785816473 99.53042371579663 96.3429732389448
92.47058341191423 99.53004216444133 96.33580016539791
92.47628996906943 99.53004216444133 96.33723703036405
92.47628996906943 99.53004216444133 96.33723703036405
92.47628996906943 99.53004216444133 96.33723703036405
92.47628996906943 99.53004216444133 96.33723703036405
92.4876771726014 99.53118496286723 96.34440448487412
92.4876771726014 99.53118496286723 96.34440448487412
92.47628996906943 99.53004216444133 96.33723703036405
92.47628996906943 99.53004216444133 96.33723703036405
92.4876771726014 99.5315646615883 96.34583461095193
92.4876771726014 99.5315646615883 96.34583461095193
92.4819878827575 99.44878777231202 96.37787100601746
92.47058341191423 99.44833952394558 96.37360655911583
92.49335785816473 99.44878777231202 96.3807084030233
92.49335785816473 99.44878777231202 96.3807084030233
92.47058341191423 99.44833952394558 96.37360655911583
92.47058341191423 99.44833952394558 96.37360655911583
92.47628996906943 99.44833952394558 96.37502915668271
92.47628996906943 99.44833952394558 96.37502915668271
92.47628996906943 99.44833952394558 96.37502915668271
92.47628996906943 99.44833952394558 96.37502915668271
92.4876771726014 99.44968208726156 96.38212543517137
92.4876771726014 99.44968208726156 96.38212543517137
92.57489695900917 99.01553946671375 96.62807879155106
92.37222244956419 99.25348483847526 96.40876067242934
92.383754188118 99.25590991900613 96.41719660977493
92.383754188118 99.25590991900613 96.41719660977493
92.36644347523394 99.25348483847526 96.40735081911552
92.36644347523394 99.25348483847526 96.40735081911552
92.38950699193632 99.25409258933287 96.41438903773046
92.38950699193632 99.25409258933287 96.41438903773046
92.37222244956419 99.25348483847526 96.40876067242934
92.3779926805831 99.25348483847526 96.4101694196476
92.3779926805831 99.25348483847526 96.4101694196476
92.3779926805831 99.25348483847526 96.4101694196476
92.37222244956419 99.25348483847526 96.40876067242934
92.3779926805831 99.25530512719125 96.41438903773046
92.383754188118 99.25530512719125 96.41579337355775
92.383754188118 99.25530512719125 96.41579337355775
92.37222244956419 99.25348483847526 96.40876067242934
92.383754188118 99.25590991900613 96.41719660977493
92.383754188118 99.25590991900613 96.41719660977493
92.383754188118 99.25590991900613 96.41719660977493
92.36644347523394 99.25348483847526 96.40735081911552
92.38950699193632 99.25409258933287 96.41438903773046
92.38950699193632 99.25409258933287 96.41438903773046
92.38950699193632 99.25409258933287 96.41438903773046
92.37222244956419 99.17133159959448 96.44660894660895
92.3779926805831 99.17133159959448 96.44800339396511
92.3779926805831 99.17133159959448 96.44800339396511
92.3779926805831 99.17133159959448 96.44800339396511
92.37222244956419 99.17133159959448 96.44660894660895
92.383754188118 99.17335385291854 96.45357025616045
92.383754188118 99.17335385291854 96.45357025616045
92.383754188118 99.17335385291854 96.45357025616045
92.37222244956419 99.17133159959448 96.44660894660895
92.383754188118 99.25590991900613 96.41719660977493
92.383754188118 99.25590991900613 96.41719660977493
92.383754188118 99.25590991900613 96.41719660977493
92.37222244956419 99.33604484995054 96.37236511620513
92.39525111174575 99.33658450858925 96.37946353020816
92.39525111174575 99.33658450858925 96.37946353020816
92.39525111174575 99.33658450858925 96.37946353020816
92.87962639126052 98.90619821014252 96.8432379450683
92.374112495652 99.33550431262101 96.37196382565918
92.374112495652 99.33550431262101 96.37196382565918
92.374112495652 99.33550431262101 96.37196382565918
92.36833483495782 99.33550431262101 96.37054007042552
92.38564161235622 99.33712329067802 96.37906587941507
92.38564161235622 99.33712329067802 96.37906587941507
92.38564161235622 99.33712329067802 96.37906587941507
92.3798814148436 99.33712329067802 96.37764769395251
92.39139310795362 99.3392696961078 96.38614018227709
92.39139310795362 99.3392696961078 96.38614018227709
92.39139310795362 99.3392696961078 96.38614018227709
92.374112495652 99.33604484995054 96.37338646431675
92.39713592133984 99.33658450858925 96.38048295484595
92.39713592133984 99.33658450858925 96.38048295484595
92.39713592133984 99.33658450858925 96.38048295484595
92.374112495652 99.33550431262101 96.37196382565918
92.374112495652 99.33550431262101 96.37196382565918
92.374112495652 99.33550431262101 96.37196382565918
92.374112495652 99.33550431262101 96.37196382565918
92.36833483495782 99.29340289242555 96.38996446188935
92.18600289482805 99.5289839197301 96.18264184415885
92.18600289482805 99.5289839197301 96.18264184415885
92.18600289482805 99.5289839197301 96.18264184415885
92.18010445568794 99.5289839197301 96.18114977498891
92.19189244245264 99.44926459339555 96.22760867502399
92.19189244245264 99.44926459339555 96.22760867502399
92.19189244245264 99.44926459339555 96.22760867502399
92.17419710488169 99.44657955418909 96.21431745561505
92.19777311865165 99.52860181104607 96.18413274784665
92.19777311865165 99.52860181104607 96.18413274784665
92.19777311865165 99.52860181104607 96.18413274784665
92.17419710488169 99.52783573075656 96.17516981611189
92.17419710488169 99.52783573075656 96.17516981611189
92.17419710488169 99.52783573075656 96.17516981611189
92.17419710488169 99.52783573075656 96.17516981611189
92.1682808221977 99.52783573075656 96.1736718989807
92.18600289482805 99.5289839197301 96.18264184415885
92.18600289482805 99.5289839197301 96.18264184415885
92.18600289482805 99.5289839197301 96.18264184415885
92.18010445568794 99.44747747155166 96.21875825627477
92.19189244245264 99.44926459339555 96.22760867502399
92.19189244245264 99.44926459339555 96.22760867502399
92.19189244245264 99.44926459339555 96.22760867502399
92.17419710488169 99.44657955418909 96.21431745561505
92.19777311865165 99.44702887738084 96.22171300647314
92.19777311865165 99.44702887738084 96.22171300647314
92.19777311865165 99.44702887738084 96.22171300647314
92.24973968435451 99.44612950019781 96.25199784074431
92.24973968435451 99.44612950019781 96.25199784074431
92.24973968435451 99.44612950019781 96.25199784074431
92.24973968435451 99.44612950019781 96.25199784074431
92.1682808221977 99.44612950019781 96.21135112240576
92.18600289482805 99.44747747155166 96.22023620882719
92.18600289482805 99.44747747155166 96.22023620882719
92.18600289482805 99.44747747155166 96.22023620882719
92.18010445568794 99.44747747155166 96.21875825627477
92.19189244245264 99.44926459339555 96.22760867502399
92.19189244245264 99.44926459339555 96.22760867502399
92.19189244245264 99.44926459339555 96.22760867502399
92.19490279366117 99.23192041903252 96.32438616189648
91.80347804937371 99.2657726972961 96.09081705825284
91.80347804937371 99.2657726972961 96.09081705825284
91.80347804937371 99.2657726972961 96.09081705825284
91.78499603875922 99.34657778364465 96.04562737642586
91.78499603875922 99.34657778364465 96.04562737642586
91.78499603875922 99.34657778364465 96.04562737642586
91.78499603875922 99.34657778364465 96.04562737642586
91.77262832380526 99.34657778364465 96.0425343001501
91.78499603875922 99.34816960758494 96.05025793587998
91.78499603875922 99.34816960758494 96.05025793587998
91.78499603875922 99.34816960758494 96.05025793587998
91.77881683268957 99.34816960758494 96.04871562150412
91.79732662623476 99.3502800140007 96.05948659657099
91.79732662623476 99.3502800140007 96.05948659657099
91.791165962975 99.3486984934541 96.05333895535762
91.77881683268957 99.34710925478127 96.04562737642586
91.80347804937371 99.34763986205988 96.05333895535762
91.80347804937371 99.34763986205988 96.05333895535762
91.79732662623476 99.34710925478127 96.05025793587998
91.99991855351034 99.13354057808056 96.26014883189194
91.99991855351034 99.13354057808056 96.26014883189194
91.99991855351034 99.13354057808056 96.26014883189194
91.99388690779419 99.13354057808056 96.25868349711962
91.98784616012072 99.13354057808056 96.257217013613
91.99991855351034 99.21766838808922 96.22689368718095
91.99991855351034 99.21766838808922 96.22689368718095
91.99388690779419 99.21766838808922 96.22541763586382
91.8142807752537 99.93898319858789 95.73953292657269
91.83271782801022 99.9804347826087 95.78829159757352
91.83271782801022 99.9804347826087 95.78829159757352
91.8142807752537 99.938884644767 95.73621375781694
91.99388690779419 98.78865580583125 96.4183472231058
92.01795908416797 98.78964572842123 96.42535899850793
92.01795908416797 98.78964572842123 96.42535899850793
91.99991855351034 98.78766426264325 96.4183472231058
91.99991855351034 98.78766426264325 96.4183472231058
91.99991855351034 98.78766426264325 96.4183472231058
91.99991855351034 98.78766426264325 96.4183472231058
91.98784616012072 98.78766426264325 96.41553480475382
92.0295172863666 98.58248562582928 96.53570367856082
91.861505306388 98.79063403438307 96.34705129154806
91.861505306388 98.79063403438307 96.34705129154806
91.85537854279843 98.79063403438307 96.34562046113781
91.861505306388 98.71108467182232 96.38903281063305
91.87373122208689 98.71213455442057 96.39326602171433
91.87373122208689 98.71213455442057 96.39326602171433
91.85537854279843 98.70580947745675 96.38053650729722
91.87373122208689 98.7068679679038 96.38620514502799
91.87983041564397 98.7068679679038 96.38761953118389
91.87983041564397 98.7068679679038 96.38761953118389
91.86762285923247 98.70474925273996 96.38195533330509
91.86762285923247 98.70474925273996 96.38195533330509
91.86762285923247 98.70474925273996 96.38195533330509
91.86762285923247 98.70474925273996 96.38195533330509
91.8492425476462 98.70474925273996 96.37769551428238
91.861505306388 98.62508012997635 96.42255758538522
91.861505306388 98.62508012997635 96.42255758538522
91.861505306388 98.62508012997635 96.42255758538522
91.85537854279843 98.62508012997635 96.42115523159724
91.99138158830823 98.99009857516081 96.33018808181876
91.83085445285393 99.73194438390794 95.90202692053084
93.07543599868377 98.31366308623967 97.22914669223394
93.05959227423577 98.30534825870647 97.21928220917926
93.00466492673804 98.30673975277958 97.18529267407867
93.00466492673804 98.30673975277958 97.18529267407867
93.00466492673804 98.30673975277958 97.18529267407867
92.99401074361455 98.30395447573743 97.180840831855
93.07016280074917 98.30395447573743 97.22038172996773
93.07016280074917 98.30395447573743 97.22038172996773
93.07016280074917 98.30395447573743 97.22038172996773
93.05429490882085 98.2202447163515 97.25558195791322
93.06488156539649 98.22462883646612 97.26100565104528
93.06488156539649 98.22462883646612 97.26100565104528
93.06488156539649 98.22462883646612 97.26100565104528
93.05959227423577 98.22462883646612 97.25992262808046
93.07543599868377 98.23044084142538 97.26748585252523
93.07543599868377 98.23044084142538 97.26748585252523
93.07543599868377 98.23044084142538 97.26748585252523
93.06488156539649 98.30951589675419 97.22367508138976
93.08070117753438 98.22753960341198 97.26640794916628
93.08070117753438 98.22753960341198 97.26640794916628
93.08070117753438 98.22753960341198 97.26640794916628
93.06488156539649 98.13639703426624 97.29625627253566
93.07016280074917 98.13639703426624 97.29732620320856
93.07016280074917 98.13639703426624 97.29732620320856
93.07016280074917 98.13639703426624 97.29732620320856
93.05429490882085 98.13639703426624 97.29411386780028
93.06488156539649 98.14099147121536 97.29946352619318
93.06488156539649 98.14099147121536 97.29946352619318
93.06488156539649 98.14099147121536 97.29946352619318
93.05959227423577 98.14099147121536 97.29839528742636
93.07016280074917 98.14556331006979 97.30372804677664
93.07016280074917 98.14556331006979 97.30372804677664
93.07016280074917 98.14556331006979 97.30372804677664
93.05959227423577 98.14099147121536 97.29839528742636
93.08070117753438 98.14404186438423 97.3047920732943
93.08070117753438 98.14404186438423 97.3047920732943
93.08070117753438 98.14404186438423 97.3047920732943
93.06488156539649 98.13639703426624 97.29625627253566
92.90190035952747 98.13639703426624 97.2058383553447
92.90190035952747 98.13639703426624 97.2058383553447
92.90190035952747 98.13639703426624 97.2058383553447
92.8856766328968 98.13639703426624 97.20252040608919
92.89650067848184 98.14099147121536 97.20804595246739
92.89650067848184 98.14099147121536 97.20804595246739
92.89650067848184 98.14099147121536 97.20804595246739
92.89109277586881 98.14099147121536 97.20694259012016
92.90190035952747 98.14556331006979 97.21245069821981
92.90190035952747 98.14556331006979 97.21245069821981
92.90190035952747 98.14556331006979 97.21245069821981
92.89109277586881 98.05721652921955 97.24537333846219
92.91267513179757 98.06040700383925 97.25189212237501
93.09600641275975 96.96283169960297 97.852714674904
93.09600641275975 96.96283169960297 97.852714674904
93.08021919162786 96.95017569150373 97.84587574512041
93.08548961485415 96.95017569150373 97.84673299273999
93.08548961485415 96.95017569150373 97.84673299273999
93.08548961485415 96.95017569150373 97.84673299273999
93.06965420483618 96.95017569150373 97.84415920055135
92.89682702991892 97.1216550483472 97.66944599647569
92.55971296770886 97.14015917981924 97.475684428383
92.55971296770886 97.14015917981924 97.475684428383
92.55406459025811 97.14015917981924 97.47468245794714
92.57098405289771 97.15436241610739 97.48367165870293
92.57098405289771 97.15436241610739 97.48367165870293
92.57098405289771 97.15436241610739 97.48367165870293
92.55971296770886 97.23255501277282 97.44007023479406
92.58222104122805 97.23713646532438 97.4461403714899
92.58222104122805 97.23713646532438 97.4461403714899
92.58222104122805 97.23713646532438 97.4461403714899
92.56535278210276 97.22565427384028 97.43804043845833
92.57098405289771 97.22565427384028 97.43905573882867
92.57098405289771 97.22565427384028 97.43905573882867
92.57098405289771 97.22565427384028 97.43905573882867
92.55406459025811 97.22565427384028 97.4360074206728
92.55971296770886 97.22565427384028 97.43702433272591
92.55971296770886 97.22565427384028 97.43702433272591
92.55971296770886 97.22565427384028 97.43702433272591
92.55406459025811 97.22565427384028 97.4360074206728
92.4971363115693 96.91683297082764 97.55040915654918
91.91617375043194 98.06199831478114 96.7124449864786
91.91617375043194 98.06199831478114 96.7124449864786
91.90399609144393 98.05721652921955 96.70598236106683
91.85321994682471 98.06040700383925 96.67451130051307
91.85321994682471 98.06040700383925 96.67451130051307
91.67460044159054 98.9217735724502 96.18508205712357
91.66210212403384 98.91825065677638 96.17612855481552
91.74336103790796 98.91825065677638 96.21672461348241
91.74336103790796 98.91825065677638 96.21672461348241
91.7309566347247 98.91736632788334 96.21228151847306
91.71851490382662 98.91736632788334 96.20931365282395
91.72474044576282 98.91736632788334 96.2107981667884
91.72474044576282 98.91736632788334 96.2107981667884
91.71851490382662 98.91736632788334 96.20931365282395
91.71851490382662 98.91736632788334 96.20931365282395
91.73716349177367 99.00481117774996 96.18508205712357
91.73716349177367 99.00481117774996 96.18508205712357
91.72474044576282 99.00237843551797 96.17762372261616
91.72474044576282 99.00237843551797 96.17762372261616
91.62263386982488 98.9306695416841 96.15262958120704
91.44121390903764 99.14813269809208 95.95433501683502
91.42839798458084 99.14535562457323 95.94486278976566
91.42839798458084 99.14535562457323 95.94486278976566
91.44121390903764 99.14535562457323 95.94802512329807
91.44121390903764 99.14535562457323 95.94802512329807
91.41554362144088 99.14465852475641 95.94011002354631
91.41554362144088 99.14465852475641 95.94011002354631
91.42197561864647 99.14465852475641 95.94169551633877
91.42197561864647 99.14465852475641 95.94169551633877
91.41554362144088 99.14465852475641 95.94011002354631
91.42197561864647 99.1467464209531 95.94644457329609
91.43481074086056 99.14882414882415 95.95433501683502
91.43481074086056 99.14882414882415 95.95433501683502
91.42197561864647 99.1467464209531 95.94644457329609
91.42839798458084 99.14744012304988 95.94960444121396
91.44121390903764 99.14813269809208 95.95433501683502
91.44121390903764 99.14813269809208 95.95433501683502
91.42839798458084 99.14535562457323 95.94486278976566
91.43481074086056 99.14535562457323 95.94644457329609
91.80663745537163 98.96286161925988 96.23096191855241
91.80663745537163 98.96286161925988 96.23096191855241
91.78196467811507 98.96201413427562 96.22357775236159
91.78814679272136 98.96201413427562 96.22505689938072
91.78814679272136 98.96201413427562 96.22505689938072
91.78814679272136 98.96201413427562 96.22505689938072
91.78196467811507 98.96201413427562 96.22357775236159
91.80048316043768 98.96707837018153 96.2368484925233
91.80048316043768 98.96707837018153 96.2368484925233
91.80048316043768 98.96707837018153 96.2368484925233
91.78814679272136 98.96455244431715 96.22948739637962
91.98577235772359 98.32215507891183 96.62841582165146
91.98577235772359 98.32215507891183 96.62841582165146
91.98577235772359 98.32215507891183 96.62841582165146
91.97370028091031 98.31664038730595 96.62046625245605
91.98577235772359 98.31664038730595 96.62312027082957
91.98577235772359 98.31664038730595 96.62312027082957
91.98577235772359 98.31664038730595 96.62312027082957
91.96159178015168 98.3152560455192 96.61647739356046
91.9676505938194 98.3152560455192 96.61780805901297
91.57960930685437 98.69802045967849 96.23116907864788
91.57960930685437 98.69802045967849 96.23116907864788
91.3951697868547 99.33993399339934 95.83992574309643
91.41447833909476 99.42462097179985 95.8172228292847
91.41447833909476 99.42462097179985 95.8172228292847
91.41447833909476 99.42462097179985 95.8172228292847
91.22431247347895 99.73685355138967 95.32737689979156
91.23741500716261 99.73727635921486 95.33460923038308
91.23741500716261 99.73727635921486 95.33460923038308
91.23741500716261 99.73727635921486 95.33460923038308
91.22431247347895 99.65611056698226 95.28679506255632
91.24395161290323 99.65611056698226 95.29227065780522
91.24395161290323 99.65611056698226 95.29227065780522
91.24395161290323 99.65611056698226 95.29227065780522
91.21774650165817 99.65583340594232 95.28313758389262
91.22431247347895 99.65583340594232 95.28496703250626
91.40161561354849 99.50355856251647 95.76682786013043
91.40161561354849 99.50355856251647 95.76682786013043
91.3951697868547 99.50355856251647 95.76517706576728
91.41447833909476 99.50596773488392 95.77998802684507
91.6107858430745 99.27256792287467 95.99372638182756
91.41447833909476 99.50596773488392 95.77998802684507
91.40161561354849 99.5047660786677 95.77177253020163
91.41447833909476 99.5055678312805 95.77834748255863
91.41447833909476 99.5055678312805 95.77834748255863
91.41447833909476 99.5055678312805 95.77834748255863
91.40161561354849 99.5039617216479 95.76847736798871
91.4208952811894 99.5039617216479 95.77341818755588
91.4208952811894 99.5039617216479 95.77341818755588
91.4208952811894 99.5039617216479 95.77341818755588
91.3951697868547 99.50355856251647 95.76517706576728
91.40161561354849 99.50355856251647 95.76682786013043
91.40161561354849 99.50355856251647 95.76682786013043
91.40161561354849 99.50355856251647 95.76682786013043
91.3951697868547 99.50355856251647 95.76517706576728
91.40805179041068 99.5047660786677 95.77341818755588
91.40805179041068 99.5047660786677 95.77341818755588
91.40805179041068 99.5047660786677 95.77341818755588
91.3951697868547 99.58517152828077 95.72784643425308
91.41447833909476 99.66799903894459 95.70393700787402
91.41447833909476 99.66799903894459 95.70393700787402
91.41447833909476 99.66799903894459 95.70393700787402
91.40161561354849 99.66692231839596 95.69390074504356
91.4208952811894 99.66692231839596 95.6989247311828
91.4208952811894 99.66692231839596 95.6989247311828
91.4208952811894 99.66692231839596 95.6989247311828
91.3951697868547 99.66665204614237 95.69054489542305
91.40161561354849 99.66665204614237 95.69222347380278
91.40161561354849 99.66665204614237 95.69222347380278
91.40161561354849 99.66665204614237 95.69222347380278
91.3951697868547 99.58517152828077 95.72784643425308
91.40805179041068 99.66746155024174 95.6989247311828
91.40805179041068 99.66746155024174 95.6989247311828
91.40805179041068 99.66746155024174 95.6989247311828
91.3951697868547 99.7480004382601 95.65327241528145
91.41447833909476 99.74901789611523 95.66677511098051
91.41447833909476 99.74901789611523 95.66677511098051
91.41447833909476 99.74901789611523 95.66677511098051
91.40161561354849 99.75163939783447 95.4267844775117
91.4208952811894 99.75163939783447 95.43210523557465
91.4208952811894 99.71036585365853 95.41310362173037
91.6170695169845 99.94106604967914 95.6255514010839
91.59187817258884 99.97813729777 95.65427939783136
91.59819019213991 99.97813729777 95.65597146074273
91.59819019213991 99.97813729777 95.65597146074273
91.59819019213991 99.97813729777 95.65597146074273
91.59187817258884 99.97813729777 95.65427939783136
91.60449274187008 99.97819022485878 95.66272655634359
91.60449274187008 99.97819022485878 95.66272655634359
91.60449274187008 99.97819022485878 95.66272655634359
91.59187817258884 99.97813729777 95.65427939783136
91.6107858430745 99.94125582002525 95.63064527973312
91.6107858430745 99.94125582002525 95.63064527973312
91.6107858430745 99.94125582002525 95.63064527973312
91.59819019213991 99.94106604967914 95.62044563148653
91.6170695169845 99.94106604967914 95.6255514010839
91.6170695169845 99.94106604967914 95.6255514010839
91.6170695169845 99.94106604967914 95.6255514010839
91.59187817258884 99.94101841536143 95.61703515842865
91.59819019213991 99.94101841536143 95.61874105865522
91.46086991754623 99.94101841536143 95.54436712985348
91.45446435812181 99.94101841536143 95.54263362109758
91.45446435812181 99.94101841536143 95.54263362109758
91.46726588120977 99.97819022485878 95.58840512761289
91.46726588120977 99.97819022485878 95.58840512761289
91.46086991754623 99.97813729777 95.58153962629204
91.45446435812181 99.97813729777 95.57981991079694
91.47365227065845 99.97822536744692 95.59354026845638
91.47365227065845 99.97822536744692 95.59354026845638
91.46086991754623 99.97815496865238 95.58325800416237
91.46086991754623 99.97815496865238 95.58325800416237
91.48002910737387 99.97815496865238 95.58840512761289
91.48002910737387 99.97815496865238 95.58840512761289
91.45446435812181 99.97813729777 95.57981991079694
91.45446435812181 99.97813729777 95.57981991079694
91.2833370402572 99.52359198590355 95.25600989248213
91.2833370402572 99.52359198590355 95.25600989248213
91.27681100768919 99.52359198590355 95.25416976800261
91.27681100768919 99.52359198590355 95.25416976800261
91.2898533155534 99.52473958333333 95.26335614288405
91.10394192963001 99.30707433793118 95.06243735382559
90.84848851026122 98.93817175234099 94.7525392621019
90.84848851026122 98.93817175234099 94.7525392621019
90.86210710479217 98.94155942141455 94.76465936992801
90.86210710479217 98.94155942141455 94.76465936992801
90.84848851026122 98.93817175234099 94.7525392621019
90.85530287784263 98.85998056785058 94.72006666319463
90.87568522720427 98.85998056785058 94.72616421823629
90.87568522720427 98.85998056785058 94.72616421823629
90.84848851026122 98.93817175234099 94.7525392621019
90.85530287784263 98.93817175234099 94.7545631756158
90.85530287784263 98.93817175234099 94.7545631756158
90.85530287784263 98.93817175234099 94.7545631756158
90.85530287784263 98.93817175234099 94.7545631756158
90.8689012137288 98.94071453227477 94.76465936992801
90.8689012137288 98.94071453227477 94.76465936992801
90.8689012137288 98.94071453227477 94.76465936992801
90.84848851026122 98.93817175234099 94.7525392621019
90.86210710479217 98.94155942141455 94.76465936992801
90.86210710479217 98.94155942141455 94.76465936992801
90.99569017601804 98.90105154283744 94.81793008681892
91.17718397542143 99.12466958443473 95.01610406993768
91.20349844826892 99.12537074321838 95.02572719777066
91.20349844826892 99.12537074321838 95.02572719777066
91.20349844826892 99.12537074321838 95.02572719777066
91.17718397542143 99.12466958443473 95.01610406993768
91.18377734240876 99.12466958443473 95.01803167302566
91.18377734240876 99.12466958443473 95.01803167302566
91.18377734240876 99.12466958443473 95.01803167302566
91.18377734240876 99.12466958443473 95.01803167302566
91.19693455682162 99.12676969631471 95.02764736567553
91.19693455682162 99.12676969631471 95.02764736567553
91.19693455682162 99.12676969631471 95.02764736567553
91.17718397542143 99.12466958443473 95.01610406993768
91.19036086219423 99.1274674960045 95.02764736567553
91.367386556661 99.54022988505747 95.31403696029803
91.367386556661 99.54022988505747 95.31403696029803
91.35444934991291 99.45868388443228 95.26615431393313
91.3802851027743 99.45911895038665 95.27531864130093
91.3802851027743 99.45911895038665 95.27531864130093
91.3802851027743 99.45911895038665 95.27531864130093
91.35444934991291 99.53874940167965 95.30312565554856
91.36092279672164 99.53874940167965 95.30494773373034
91.36092279672164 99.53874940167965 95.30494773373034
91.36092279672164 99.53874940167965 95.30494773373034
91.36092279672164 99.53874940167965 95.30494773373034
91.37384065145791 99.53986065591562 95.31403696029803
91.37384065145791 99.53986065591562 95.31403696029803
91.37384065145791 99.53986065591562 95.31403696029803
91.35444934991291 99.53874940167965 95.30312565554856
91.367386556661 99.62016799426996 95.35095524731746
92.02990060290044 99.6040860073933 96.06699503232679
92.02990060290044 99.6040860073933 96.06699503232679
92.01786952796704 99.52121584819467 96.09535292002454
91.28259948768633 99.54561266197061 95.26235940360974
91.28259948768633 99.54561266197061 95.26235940360974
91.28259948768633 99.54561266197061 95.26235940360974
91.25649895814367 99.54524685045367 95.25317119194884
91.26303873210965 99.54524685045367 95.25501168432415
91.26303873210965 99.54524685045367 95.25501168432415
91.29625884732052 98.66080093161675 94.86333893405413
91.50907063950542 98.90608785887235 95.09158812022052
91.52178752858791 98.90870662324498 95.10106916137656
91.52178752858791 98.90870662324498 95.10106916137656
91.52178752858791 98.90870662324498 95.10106916137656
91.50907063950542 98.90608785887235 95.09158812022052
91.52178752858791 98.90957676062409 95.10296097606796
91.85456022750355 99.29259058950784 95.45964066837776
91.85456022750355 99.29259058950784 95.45964066837776
91.83615301614446 99.13111308530694 95.37314999475176
91.86067753262833 99.131809127912 95.3821172280132
92.21631314057501 99.54128440366972 95.76334472784643
92.21631314057501 99.54128440366972 95.76334472784643
92.19276911443112 99.4608461237445 95.71776206980101
92.19866846383205 99.4608461237445 95.71943052103956
92.19866846383205 99.4608461237445 95.71943052103956
92.19866846383205 99.4608461237445 95.71943052103956
92.19866846383205 99.4608461237445 95.71943052103956
92.21044045676999 99.46214404996854 95.72775331322451
92.21044045676999 99.46214404996854 95.72775331322451
92.16909216909217 99.46214404996854 95.70562461253954
92.15726300318445 98.9724175229854 95.46910610945984
92.16909216909217 98.97569706510254 95.47964583224184
92.16909216909217 98.97569706510254 95.47964583224184
92.16909216909217 98.97569706510254 95.47964583224184
92.15133500847786 98.9724175229854 95.4673447087501
92.17499338072058 98.89414458195641 95.43910773810772
92.17499338072058 98.89414458195641 95.43910773810772
92.17499338072058 98.89414458195641 95.43910773810772
92.15133500847786 98.89326012710215 95.43024586978669
92.15726300318445 98.89326012710215 95.43202099737533
92.15726300318445 98.89326012710215 95.43202099737533
92.15726300318445 98.89326012710215 95.43202099737533
92.15726300318445 98.89326012710215 95.43202099737533
92.16909216909217 98.9748791436464 95.47789261829388
92.16909216909217 98.9748791436464 95.47789261829388
92.16909216909217 98.9748791436464 95.47789261829388
92.15726300318445 98.89326012710215 95.43202099737533
92.16909216909217 98.8180076215902 95.40566857573631
92.16909216909217 98.8180076215902 95.40566857573631
92.16909216909217 98.8180076215902 95.40566857573631
92.33241224030294 98.81422924901186 95.48941715534818
92.35557006713874 98.81517610497238 95.49816968921428
92.35557006713874 98.81517610497238 95.49816968921428
92.35557006713874 98.81517610497238 95.49816968921428
91.97471709654398 98.41037664823938 95.10959448991983
91.98076687991524 98.41037664823938 95.11148779441463
91.98076687991524 98.41037664823938 95.11148779441463
91.98076687991524 98.41037664823938 95.11148779441463
91.98076687991524 98.41037664823938 95.11148779441463
91.99283912442021 98.41416309012875 95.12093236977317
91.99283912442021 98.41416309012875 95.12093236977317
91.98076687991524 98.33211537634871 95.07467994310099
91.98076687991524 98.33211537634871 95.07467994310099
91.99283912442021 98.33740412220936 95.08608995095481
91.99283912442021 98.33740412220936 95.08608995095481
91.98680754901362 98.33344071473059 95.07848916201584
91.97471709654398 98.33211537634871 95.07277312155361
91.9988616266542 98.33344071473059 95.08229249342077
91.9988616266542 98.33344071473059 95.08229249342077
91.98076687991524 98.33211537634871 95.07467994310099
91.78569975176006 98.15911431513904 94.89107504647325
91.79187930789094 98.15911431513904 94.89304840747043
91.79187930789094 98.15911431513904 94.89304840747043
91.79187930789094 98.15911431513904 94.89304840747043
91.79187930789094 98.15911431513904 94.89304840747043
91.80421056905618 98.16348808835805 94.9028923897641
91.56997347265253 97.89945565161705 94.65436255559713
91.45901705765569 97.78357235984355 94.53972480213004
91.45901705765569 97.78357235984355 94.53972480213004
91.47180192572215 97.79056141472249 94.55230307872701
91.47180192572215 97.79056141472249 94.55230307872701
91.6812324702248 97.96364103552386 94.7436472268855
92.17393081182696 98.44637631261836 95.23220593013384
92.19752684010022 98.44761229009438 95.2414326959287
92.19752684010022 98.44761229009438 95.2414326959287
92.94464002635209 99.14615117891817 95.96904462768036
93.71445177896791 99.63847025002178 96.60856626634073
93.95703799205639 99.90391754378302 96.8609865470852
93.95703799205639 99.90391754378302 96.8609865470852
93.88009731955333 99.90391754378302 96.8215757911443
93.8848023937165 99.90414987474131 96.82657846880284
93.8895002387725 99.90414987474131 96.82782667857295
93.8895002387725 99.90414987474131 96.82782667857295
93.88009731955333 99.82326372978989 96.78343270868824
93.8848023937165 99.82369074049889 96.78849343028448
93.8895002387725 99.82383261923921 96.79101782413801
93.8895002387725 99.82383261923921 96.79101782413801
93.87538499958379 99.82326372978989 96.78216503520339
93.8941908713693 99.8234062963286 96.78849343028448
93.8941908713693 99.8234062963286 96.78849343028448
93.70755342057313 99.20053730825896 96.39499428281032
93.6930580056034 99.19989592142068 96.38933661350526
93.69789722533284 99.19989592142068 96.39075269501065
93.69789722533284 99.19989592142068 96.39075269501065
93.69789722533284 99.19989592142068 96.39075269501065
